0 0.473497 0.584178 0.483212 0.596241 0.483083 0.601136 0.480751 0.601136 0.480363 0.602185 0.476088 0.602885 0.475181 0.604108 0.470259 0.604633 0.468575 0.606381 0.464948 0.606556 0.464689 0.600787 0.466762 0.599738 0.466762 0.593269 0.467668 0.592570 0.467798 0.586276 0.469352 0.585227 0.469352 0.583479 0.472073 0.582955
0 0.413523 0.963479 0.413523 0.967675 0.412487 0.968374 0.411969 0.972920 0.410674 0.974318 0.411062 0.976941 0.419223 0.977115 0.419482 0.975717 0.421813 0.975367 0.421813 0.974318 0.423238 0.973269 0.418705 0.966976 0.418187 0.963829 0.416373 0.961556 0.415207 0.961381
0 0.427383 0.961381 0.448109 0.979388 0.447850 0.962255 0.448756 0.961206 0.449534 0.942675 0.446425 0.942850 0.446036 0.944248 0.442668 0.943899 0.442150 0.945122 0.423886 0.956836 0.423886 0.959983
0 0.248744 0.870892 0.248744 0.878759 0.247707 0.879301 0.247966 0.888199 0.257552 0.884353 0.259236 0.884353 0.261179 0.881381 0.261308 0.879983 0.259624 0.879808 0.251593 0.868969
0 0.020661 0.890559 0.020920 0.909790 0.019624 0.910140 0.019495 0.927797 0.024935 0.926224 0.026619 0.923077 0.028821 0.923077 0.042552 0.911888 0.044754 0.911888 0.044883 0.907867 0.040997 0.901923 0.039184 0.902098 0.038795 0.900175 0.036723 0.900699 0.036334 0.897378 0.032837 0.897028 0.032060 0.894406 0.024676 0.887063 0.020531 0.886713 0.022345 0.888287
0 0.177992 0.311783 0.174365 0.311259 0.172163 0.315629 0.171127 0.316853 0.171256 0.319650 0.173070 0.319650 0.173459 0.322448 0.176049 0.323497 0.175920 0.327343 0.177733 0.326818 0.183174 0.333811 0.184210 0.333462 0.192241 0.344301 0.194832 0.344650 0.195479 0.341678 0.196516 0.341503 0.196516 0.334860 0.197811 0.333986 0.197681 0.322448 0.198977 0.321923 0.199365 0.313182 0.200661 0.312483 0.200272 0.300944 0.199236 0.300769 0.198847 0.301643 0.193407 0.302343 0.191334 0.304091 0.190687 0.305315 0.188614 0.305490 0.188096 0.307413 0.184469 0.307587 0.184210 0.309161 0.180842 0.309336 0.180712 0.310909
0 0.280661 0.360437 0.284806 0.365682 0.284935 0.367780 0.288821 0.371801 0.289339 0.376871 0.290907 0.377045 0.291930 0.380542 0.295298 0.376871 0.295298 0.374248 0.296205 0.373724 0.296205 0.371451 0.298795 0.368129 0.298795 0.365507 0.300738 0.364458 0.300738 0.360962 0.298938 0.360787 0.297642 0.357990 0.296736 0.359388 0.288316 0.360437
0 0.418420 0.148829 0.429819 0.148479 0.429819 0.154948 0.428782 0.155647 0.428394 0.160717 0.427876 0.160892 0.427617 0.162640 0.426839 0.163689 0.425803 0.166486 0.423731 0.169283 0.423342 0.171031 0.422953 0.171906 0.421528 0.175402 0.420104 0.177325 0.420233 0.179423 0.419715 0.182570 0.416865 0.183094 0.415440 0.181171 0.414663 0.179073 0.413627 0.178024 0.413109 0.175402 0.411166 0.172430 0.411295 0.170157 0.408964 0.167535 0.408705 0.165787 0.405984 0.162115 0.405596 0.158619 0.403135 0.155822 0.403005 0.153199 0.405337 0.152675 0.405466 0.151276 0.417902 0.150402
0 0.487202 0.176801 0.487202 0.199003 0.500933 0.190262 0.502746 0.188864 0.503912 0.188864 0.507927 0.183619 0.509352 0.183444 0.512202 0.180472 0.507280 0.175052 0.505725 0.175052 0.504689 0.173129 0.503135 0.173479 0.499378 0.167010 0.497694 0.167360 0.495363 0.164738 0.493679 0.164038 0.491477 0.160717 0.488627 0.161241 0.488627 0.164738 0.487202 0.167010 0.487332 0.169633 0.488497 0.170857 0.487202 0.172955 0.489016 0.174178
0 0.557927 0.183969 0.558316 0.196031 0.559352 0.196731 0.561036 0.210892 0.560389 0.211241 0.559482 0.214213 0.558705 0.213514 0.554689 0.212990 0.554301 0.211416 0.551839 0.211591 0.550544 0.209493 0.549508 0.209843 0.546658 0.205822 0.542772 0.205822 0.542383 0.204773 0.539534 0.203549 0.537461 0.200577 0.536036 0.200577 0.535259 0.197080 0.540959 0.191311 0.543031 0.190437 0.543031 0.188339 0.545363 0.187990 0.546788 0.185542 0.547824 0.184843 0.554301 0.176801 0.556373 0.175927 0.556503 0.182570
0 0.591205 0.203199 0.595609 0.203024 0.598847 0.209318 0.601049 0.209143 0.603899 0.213514 0.605194 0.213514 0.607396 0.215262 0.607655 0.217710 0.605712 0.219808 0.604676 0.219983 0.603640 0.221381 0.601697 0.221906 0.601308 0.224353 0.597940 0.223654 0.595738 0.226801 0.594573 0.226801 0.592759 0.228724 0.590039 0.229073 0.589650 0.221556 0.591075 0.221031 0.590946 0.215262 0.589521 0.214913 0.589780 0.210367 0.591205 0.209843
0 0.306049 0.454948 0.298277 0.485542 0.297630 0.494283 0.307345 0.492535 0.309288 0.491136 0.312396 0.490962 0.313433 0.489563 0.318873 0.489038 0.319909 0.487640 0.325868 0.487115 0.326256 0.482045 0.318873 0.472080 0.318225 0.468584 0.316023 0.468584 0.316023 0.465787 0.310842 0.459668 0.310453 0.457045 0.308899 0.456521
0 0.661671 0.110717 0.665168 0.119283 0.665687 0.121906 0.667889 0.124353 0.668148 0.126976 0.670738 0.129948 0.670738 0.132570 0.673588 0.135367 0.673977 0.137990 0.675920 0.140437 0.676308 0.145332 0.676956 0.145857 0.677215 0.148479 0.668795 0.148304 0.668148 0.149878 0.646904 0.150052 0.646386 0.149528 0.644961 0.147780 0.645997 0.147080 0.646516 0.143934 0.647034 0.143934 0.647940 0.140437 0.648847 0.139388 0.648847 0.136416 0.650142 0.136416 0.650142 0.134493 0.651308 0.133444 0.651438 0.130647 0.652733 0.129948 0.652733 0.127850 0.655842 0.123479 0.655583 0.120157 0.657785 0.116661 0.658174 0.113864
0 0.733199 0.144126 0.733847 0.178042 0.734883 0.179441 0.735661 0.178217 0.737474 0.177692 0.739417 0.174545 0.742785 0.174895 0.744728 0.171049 0.746282 0.171049 0.747060 0.169825 0.748614 0.169126 0.751205 0.166503 0.752759 0.165629 0.756516 0.161608 0.756256 0.159510 0.754702 0.159510 0.754313 0.158462 0.753536 0.157762 0.752111 0.155839 0.750168 0.155839 0.749650 0.153741 0.747578 0.154091 0.745764 0.150769 0.744339 0.150769 0.742915 0.148671 0.741619 0.147273 0.739547 0.146923 0.738640 0.144126 0.737733 0.145000 0.736826 0.143077
0 0.744339 0.066678 0.744728 0.076294 0.745894 0.076643 0.745894 0.079441 0.747448 0.079790 0.747707 0.082413 0.748614 0.083462 0.749521 0.093252 0.750168 0.093951 0.750168 0.097448 0.753018 0.097797 0.764417 0.081713 0.765972 0.082063 0.766490 0.079441 0.768692 0.076294 0.768821 0.074021 0.767526 0.073846 0.766490 0.072098 0.764158 0.072098 0.763122 0.070350 0.757811 0.069476 0.757422 0.068252 0.752241 0.068252 0.752241 0.066329 0.748744 0.066503 0.748614 0.065280 0.745505 0.064930
0 0.813640 0.122622 0.813640 0.126469 0.816749 0.131189 0.817785 0.130490 0.818562 0.132238 0.820635 0.132238 0.822578 0.135734 0.823614 0.135734 0.826723 0.139056 0.828666 0.139056 0.829184 0.142028 0.833847 0.141678 0.833847 0.110385 0.832940 0.112308 0.828795 0.111259 0.827111 0.114406 0.823873 0.114755 0.821023 0.118776 0.817915 0.120350 0.817915 0.121923
0 0.756347 0.215297 0.756218 0.235227 0.755440 0.235752 0.754663 0.258479 0.753368 0.257255 0.752850 0.258654 0.748834 0.253059 0.745855 0.252535 0.744819 0.250437 0.743523 0.250437 0.742617 0.248514 0.739896 0.248689 0.739378 0.247115 0.738212 0.246416 0.734326 0.240997 0.731347 0.240647 0.730829 0.239248 0.728368 0.239073 0.727850 0.235227 0.730311 0.231906 0.753756 0.216346
0 0.792617 0.362850 0.793135 0.373339 0.795078 0.375437 0.799093 0.375262 0.799482 0.376311 0.805311 0.376661 0.806218 0.378409 0.808549 0.378234 0.809456 0.380332 0.813472 0.380507 0.814767 0.381381 0.817098 0.382605 0.818005 0.382430 0.819301 0.382080 0.819560 0.378409 0.818523 0.377010 0.819171 0.374738 0.818394 0.373164 0.818394 0.369668 0.817228 0.369318 0.817228 0.363899 0.815933 0.363549 0.815933 0.355857 0.814119 0.354808 0.814119 0.349563 0.813731 0.349563 0.813083 0.346416 0.812306 0.346241 0.811010 0.347990 0.809067 0.347465 0.808290 0.349738 0.807902 0.352185 0.806218 0.354808 0.804534 0.353934 0.797539 0.363199
0 0.080324 0.643811 0.080324 0.657098 0.081231 0.657273 0.081490 0.665490 0.083044 0.665664 0.083174 0.675804 0.084858 0.678252 0.087060 0.674580 0.093018 0.667937 0.095738 0.667238 0.097552 0.663916 0.098977 0.663916 0.100531 0.662168 0.100790 0.659196 0.103122 0.659021 0.103640 0.655524 0.100531 0.650629 0.098977 0.650280 0.098070 0.649231 0.096904 0.650629 0.095479 0.648706 0.092889 0.648881 0.090168 0.644860 0.087837 0.644860 0.086671 0.643986 0.084728 0.643112 0.084080 0.641538 0.078756 0.641259
0 0.146775 0.662168 0.149236 0.661818 0.151438 0.665839 0.153510 0.665490 0.154676 0.667762 0.159080 0.668112 0.159339 0.635594 0.157915 0.634545 0.157785 0.631573 0.153381 0.631049 0.153251 0.633846 0.149365 0.634545 0.135635 0.648706 0.135117 0.651678 0.136282 0.655175 0.139003 0.654126 0.139262 0.656049 0.141205 0.656399 0.142500 0.658147 0.143925 0.660594 0.145220 0.660594
0 0.610117 0.090437 0.610117 0.095507 0.619832 0.095682 0.620220 0.091661 0.619961 0.091661 0.619054 0.087290 0.616075 0.082220
0 0.200816 0.849388 0.201075 0.853584 0.201982 0.854108 0.201982 0.857080 0.202889 0.858322 0.203018 0.862150 0.204184 0.862692 0.204961 0.868619 0.207163 0.869318 0.207422 0.871766 0.208329 0.873864 0.208847 0.876486 0.210013 0.877710 0.210142 0.880175 0.212604 0.882955 0.218562 0.874213 0.218821 0.871766 0.222448 0.866189 0.222578 0.862850 0.223744 0.862150 0.223744 0.861101 0.226205 0.858129 0.226723 0.851329 0.225039 0.851836 0.223614 0.850087 0.219858 0.849738 0.219339 0.851136 0.216490 0.851836 0.215712 0.849213 0.215065 0.850962 0.212863 0.850962 0.211956 0.849213
0 0.207811 0.757080 0.231386 0.756206 0.232940 0.758129 0.233199 0.760420 0.221282 0.787150 0.221412 0.789266 0.218951 0.792220 0.217008 0.790297 0.216490 0.789073 0.214288 0.786276 0.214158 0.784021 0.213381 0.783147 0.212863 0.780332 0.210531 0.778059 0.210272 0.775280 0.209883 0.774038 0.208847 0.770909 0.207811 0.770367 0.207422 0.768094 0.206127 0.766696 0.206127 0.765472 0.203536 0.761451 0.203407 0.759703 0.205479 0.758671 0.206645 0.756049
0 0.171360 0.538776 0.170972 0.542622 0.169935 0.543147 0.170065 0.550664 0.168899 0.550839 0.168769 0.559930 0.167604 0.561503 0.167604 0.567972 0.166049 0.568846 0.166438 0.574266 0.169676 0.575315 0.177060 0.570944 0.180039 0.571818 0.180946 0.569720 0.183407 0.569720 0.184443 0.568322 0.186904 0.567972 0.187681 0.566224 0.189624 0.565699 0.189624 0.564650 0.192733 0.564301 0.192863 0.561329 0.185868 0.552063 0.184573 0.552762 0.182759 0.550490 0.182759 0.547867 0.180946 0.544895 0.179262 0.545769 0.174598 0.538776
0 0.222396 0.577238 0.248316 0.540909 0.230168 0.540524 0.228873 0.538601 0.222655 0.538252 0.221360 0.536853 0.211386 0.536853 0.211386 0.539650 0.211775 0.540350 0.211904 0.543497 0.213847 0.544545 0.213718 0.552762 0.214495 0.553462 0.214754 0.556434 0.216308 0.556608 0.216438 0.563776 0.217863 0.564476 0.218122 0.567797 0.219158 0.570769 0.220194 0.571818 0.220453 0.574091
0 0.276801 0.534930 0.272396 0.535629 0.272267 0.537552 0.275764 0.542273 0.276023 0.544545 0.278096 0.544720 0.278225 0.548042 0.280816 0.548741 0.282241 0.550839 0.282630 0.553462 0.284184 0.555909 0.285997 0.555385 0.286904 0.558182 0.288588 0.560979 0.291179 0.560629 0.291826 0.559406 0.292345 0.558706 0.292474 0.556259 0.293381 0.555210 0.293251 0.549441 0.295065 0.548916 0.295065 0.544196 0.296101 0.543497 0.296360 0.536853 0.297655 0.536678 0.297915 0.532133 0.299469 0.530035 0.299080 0.527762 0.293640 0.527587 0.292863 0.528811 0.288459 0.528986 0.287811 0.531259 0.283148 0.531608 0.282759 0.533182 0.277448 0.533182
0 0.320000 0.825874 0.320259 0.829196 0.321295 0.829720 0.321554 0.832692 0.322073 0.833217 0.322461 0.837762 0.325311 0.840909 0.325570 0.844580 0.326218 0.845629 0.326865 0.848252 0.327642 0.848951 0.328290 0.852273 0.329845 0.854371 0.330751 0.854545 0.332824 0.852273 0.332694 0.849650 0.337876 0.843357 0.337617 0.842133 0.341891 0.837238 0.341632 0.832343 0.344482 0.829720 0.342539 0.829196 0.342021 0.827273 0.333860 0.827273 0.332694 0.825350 0.331399 0.826573 0.329974 0.824650
0 0.488523 0.866276 0.488782 0.872920 0.489689 0.873969 0.490207 0.885332 0.490466 0.885857 0.490984 0.891276 0.492409 0.890052 0.493834 0.889878 0.497461 0.884808 0.499275 0.884283 0.505751 0.876241 0.506788 0.876416 0.510285 0.871171 0.509896 0.868724 0.495130 0.861731 0.494870 0.860157 0.491244 0.859983 0.490725 0.858934 0.489430 0.858759 0.488782 0.860857 0.487228 0.861731 0.487746 0.864178
0 0.518964 0.909458 0.521036 0.909633 0.521943 0.911556 0.523756 0.910857 0.524663 0.912605 0.527383 0.912780 0.528161 0.915052 0.537617 0.915227 0.530881 0.928339 0.529197 0.928339 0.525570 0.932710 0.524404 0.932710 0.518316 0.938654 0.517927 0.929563 0.516632 0.929563 0.517409 0.927465 0.518575 0.926066 0.516503 0.925192 0.517150 0.918374 0.516503 0.917500 0.516114 0.914353 0.517280 0.913654 0.516762 0.912255 0.515596 0.912080 0.515725 0.910332 0.517668 0.907360
0 0.435492 0.195752 0.428238 0.206941 0.426684 0.206066 0.426684 0.209738 0.425130 0.210787 0.423187 0.211486 0.420855 0.214808 0.419560 0.214808 0.413601 0.223024 0.413601 0.225647 0.414378 0.227220 0.414378 0.227920 0.418912 0.228094 0.419301 0.230017 0.420855 0.229843 0.422150 0.231416 0.425000 0.232115 0.425907 0.233689 0.428627 0.233339 0.429534 0.235087 0.431347 0.235612 0.432642 0.237360 0.437176 0.237535 0.437176 0.238759 0.439508 0.238409 0.440285 0.240332 0.444301 0.240857 0.444301 0.230017 0.443005 0.229318 0.442876 0.216556 0.441321 0.216556 0.441321 0.208514 0.440285 0.208339 0.439767 0.198024 0.438731 0.196101
0 0.426658 0.080892 0.426658 0.082640 0.438964 0.116381 0.442073 0.116731 0.442720 0.114458 0.446218 0.109038 0.446218 0.107640 0.448938 0.104318 0.448938 0.102045 0.451658 0.099248 0.452047 0.096276 0.453212 0.094703 0.453212 0.092430 0.454896 0.091206 0.455415 0.088584 0.458523 0.084388 0.458264 0.083164 0.453731 0.082640 0.453342 0.080192
0 0.151282 0.142937 0.151541 0.148706 0.152578 0.150629 0.153225 0.152902 0.154391 0.153951 0.154132 0.159720 0.156075 0.161294 0.156075 0.166189 0.156852 0.167063 0.157241 0.169161 0.158407 0.169860 0.158277 0.173531 0.159443 0.174580 0.159832 0.179476 0.162293 0.179825 0.168381 0.172832 0.168251 0.170210 0.178096 0.156224 0.178096 0.154126 0.180168 0.153776 0.179909 0.150280 0.178225 0.149056 0.177189 0.146434 0.171490 0.146259 0.170972 0.145385 0.164365 0.145559 0.164624 0.143811 0.160350 0.143986 0.159184 0.142413
0 0.928472 0.427780 0.945440 0.440017 0.945829 0.441941 0.950233 0.442465 0.950622 0.409423 0.949585 0.407500 0.950104 0.407325 0.950233 0.403479 0.947642 0.403654 0.946218 0.405402 0.945052 0.405577 0.944275 0.408024 0.940907 0.406976 0.940777 0.409073 0.937539 0.408899 0.937539 0.410997 0.935855 0.410472 0.933912 0.413444 0.932228 0.413619 0.926917 0.420962 0.926399 0.425332
0 0.981813 0.592465 0.981813 0.595087 0.982850 0.595787 0.983238 0.600507 0.984275 0.600507 0.984534 0.605577 0.985829 0.605927 0.986088 0.613094 0.987254 0.613094 0.988031 0.611871 0.989715 0.611696 0.997358 0.602430 0.997098 0.599808 0.998782 0.598934 0.998523 0.596836 0.995026 0.596486 0.994767 0.594388 0.991399 0.594038 0.990492 0.592640
0 0.631451 0.847290 0.631451 0.867570 0.632746 0.867570 0.633005 0.871591 0.632358 0.871941 0.631839 0.873864 0.629119 0.873864 0.628342 0.871766 0.626399 0.871766 0.624456 0.869493 0.621347 0.868269 0.620570 0.866871 0.617073 0.866696 0.616684 0.864248 0.614223 0.864598 0.611114 0.861276 0.614482 0.858129 0.615907 0.857430 0.619275 0.852710 0.620959 0.851311 0.623161 0.849388 0.625881 0.848864 0.627176 0.845367 0.628731 0.844843 0.630155 0.842920
0 0.931036 0.627780 0.931295 0.630227 0.932202 0.631101 0.932591 0.633899 0.935052 0.635647 0.935699 0.638969 0.937902 0.639143 0.938420 0.642815 0.939067 0.643689 0.939197 0.646136 0.940622 0.647185 0.940751 0.650507 0.942565 0.650157 0.943472 0.647535 0.943731 0.645787 0.945026 0.643864 0.945026 0.642290 0.946062 0.640367 0.947358 0.637745 0.950207 0.627955 0.951244 0.626556 0.951503 0.624633 0.952668 0.624283 0.952798 0.621311 0.951244 0.619563 0.941788 0.618164 0.941788 0.620437 0.939456 0.620612 0.938161 0.618689 0.935570 0.620087 0.931684 0.620787 0.931295 0.621836 0.929093 0.623059 0.928705 0.626731
0 0.878951 0.608846 0.884650 0.616014 0.883484 0.616713 0.883225 0.618287 0.881412 0.618462 0.880505 0.620035 0.877526 0.619860 0.875842 0.621783 0.875583 0.620909 0.874288 0.620385 0.874288 0.616364 0.875065 0.615839 0.875972 0.610944 0.877526 0.608322
0 0.852267 0.670035 0.857319 0.669336 0.857060 0.675455 0.856412 0.676678 0.856153 0.679650 0.855505 0.679650 0.854987 0.682273 0.853692 0.682797 0.853692 0.685420 0.852655 0.686469 0.852008 0.690315 0.850842 0.692063 0.850194 0.689441 0.847733 0.686469 0.847733 0.685070 0.845531 0.681923 0.844106 0.681399 0.843718 0.677203 0.842681 0.675455 0.842552 0.673706 0.844754 0.673007 0.844754 0.672133 0.851101 0.670909
0 0.940402 0.860507 0.940142 0.874143 0.938847 0.875017 0.938847 0.885857 0.937940 0.886031 0.937422 0.893024 0.935220 0.893199 0.930298 0.886381 0.928744 0.886206 0.924987 0.881486 0.923044 0.880787 0.922915 0.877115 0.920583 0.877290 0.919028 0.873094 0.920453 0.872395 0.923303 0.869073 0.926671 0.869248 0.927966 0.867850 0.929391 0.867500 0.930427 0.865752 0.933277 0.865402 0.933277 0.864178 0.935609 0.864178 0.938329 0.859983
0 0.885220 0.942500 0.885609 0.950367 0.886386 0.950892 0.886516 0.959983 0.887811 0.959983 0.888329 0.969598 0.889106 0.970297 0.889236 0.974843 0.884054 0.975542 0.883795 0.974143 0.880946 0.973444 0.880557 0.971871 0.877448 0.971521 0.877060 0.970122 0.873433 0.970297 0.872526 0.967675 0.870453 0.967675 0.869676 0.966451 0.867604 0.966801 0.866956 0.965402 0.863459 0.965227 0.862681 0.960682 0.869547 0.951066 0.870972 0.950892 0.875764 0.944773 0.877189 0.944773 0.881593 0.938829 0.884054 0.938829
0 0.673782 0.750490 0.673653 0.785979 0.674689 0.786678 0.674948 0.788601 0.675984 0.786678 0.677539 0.786329 0.680777 0.781434 0.682073 0.780734 0.684793 0.777937 0.686865 0.777063 0.690233 0.771993 0.691399 0.771993 0.694637 0.768322 0.696451 0.768671 0.696451 0.764126 0.695415 0.764126 0.694637 0.763077 0.692176 0.762727 0.691269 0.760455 0.689585 0.760629 0.688808 0.759406 0.686865 0.759406 0.686088 0.757133 0.684275 0.756958 0.683756 0.755385 0.682461 0.755385 0.681036 0.753462 0.678834 0.753462 0.678316 0.751538 0.675596 0.751364
0 0.677461 0.733741 0.692694 0.738601 0.692694 0.740000 0.696451 0.740350 0.696451 0.734580 0.695415 0.734056 0.695285 0.727587 0.694119 0.727413 0.693860 0.719021 0.692824 0.718846 0.692824 0.709755 0.691788 0.709755 0.690881 0.704685 0.690363 0.704510 0.689326 0.705734 0.687383 0.705734 0.671451 0.727587 0.669896 0.728112 0.669896 0.729860 0.671580 0.729860 0.672228 0.731608
0 0.608005 0.938724 0.610725 0.970192 0.613446 0.970017 0.617979 0.962675 0.619404 0.963374 0.624456 0.956031 0.625881 0.956031 0.632228 0.947815 0.634948 0.945892 0.634819 0.945017 0.631580 0.944143 0.631062 0.942920 0.628990 0.941696 0.627953 0.940472 0.624326 0.940647 0.624197 0.939423 0.622513 0.938899 0.621347 0.937675 0.618238 0.937150 0.616425 0.935577 0.614223 0.935402 0.613575 0.933479 0.610337 0.933479 0.609560 0.931906 0.607876 0.932430 0.606451 0.934528 0.606580 0.936976
0 0.362293 0.769510 0.356205 0.768811 0.356334 0.773357 0.357111 0.773706 0.357500 0.778077 0.358277 0.779650 0.358536 0.781748 0.360868 0.782448 0.360479 0.788916 0.361256 0.789091 0.361256 0.793636 0.362940 0.795210 0.364883 0.795210 0.365272 0.793287 0.367604 0.793462 0.367604 0.790839 0.369288 0.788217 0.369935 0.787692 0.369935 0.785070 0.373821 0.780524 0.373433 0.778601 0.376801 0.775105 0.376282 0.773007 0.371231 0.773007 0.369935 0.771084 0.362940 0.771084
0 0.377966 0.765490 0.385350 0.775629 0.386127 0.775455 0.388329 0.778427 0.390272 0.778427 0.391826 0.780874 0.393251 0.781049 0.393381 0.773881 0.394806 0.774056 0.394935 0.765839 0.396360 0.765664 0.396101 0.754650 0.397267 0.754650 0.397267 0.741364 0.394935 0.741189 0.394288 0.742413 0.391956 0.742587 0.391308 0.744510 0.389236 0.744510 0.389106 0.746259 0.385220 0.746434 0.384702 0.747832 0.382759 0.748182 0.382500 0.749755 0.379262 0.750105 0.378873 0.751154 0.376671 0.751678 0.376023 0.752727 0.373951 0.753427 0.373562 0.755000 0.369417 0.755699 0.376282 0.765140
0 0.280557 0.699720 0.281205 0.702692 0.281723 0.703217 0.281852 0.709510 0.282500 0.710035 0.283148 0.714056 0.284573 0.715280 0.284961 0.722273 0.285350 0.722273 0.285738 0.729965 0.287163 0.731189 0.287163 0.740804 0.283277 0.740105 0.282759 0.738531 0.276801 0.738007 0.276412 0.736783 0.272655 0.735559 0.272137 0.733636 0.267085 0.733811 0.266956 0.732587 0.263070 0.732063 0.262811 0.731189 0.259961 0.730839 0.259184 0.729790 0.257759 0.728392 0.257759 0.726643 0.266308 0.715105 0.267604 0.715979 0.269417 0.713706 0.269806 0.709336 0.276282 0.701993 0.277966 0.701119 0.279132 0.699720
0 0.261904 0.644476 0.261904 0.645524 0.263070 0.647972 0.265531 0.662133 0.266179 0.664231 0.266697 0.668601 0.268122 0.669126 0.268381 0.674545 0.271101 0.679790 0.277966 0.670524 0.277966 0.668252 0.280039 0.666503 0.282111 0.665804 0.282500 0.662832 0.284573 0.662483 0.284443 0.660035 0.290531 0.652517 0.289365 0.652168 0.288847 0.650594 0.286256 0.650594 0.285091 0.648147 0.280039 0.648147 0.279650 0.647622 0.275246 0.647098 0.274728 0.644650 0.270583 0.645175 0.269547 0.643252
0 0.207500 0.711434 0.227966 0.738007 0.229003 0.734860 0.229909 0.734336 0.230298 0.725594 0.231982 0.725070 0.231852 0.723322 0.232630 0.722622 0.232630 0.717902 0.234054 0.716154 0.234054 0.714406 0.236127 0.709685 0.237034 0.695175 0.233536 0.696049 0.232370 0.697273 0.227707 0.697622 0.227319 0.699720 0.223174 0.699545 0.222008 0.700944 0.218251 0.701294 0.217733 0.703042 0.213329 0.703042 0.212552 0.704441 0.207370 0.704965 0.205946 0.707063 0.207241 0.707587
0 0.360505 0.635122 0.360764 0.658724 0.361541 0.658724 0.361930 0.675157 0.362966 0.673234 0.365816 0.672885 0.366723 0.671311 0.368277 0.670962 0.371127 0.666066 0.373977 0.666066 0.374495 0.663969 0.375790 0.663619 0.377345 0.662395 0.379676 0.661696 0.380324 0.658724 0.383044 0.658724 0.383692 0.657150 0.385635 0.656276 0.387319 0.655052 0.387189 0.652605 0.384210 0.648584 0.383044 0.649283 0.382137 0.647185 0.380065 0.647710 0.379417 0.645087 0.376826 0.645087 0.375402 0.642115 0.372034 0.641766 0.370868 0.640542 0.362707 0.633549
0 0.712215 0.427220 0.727759 0.415857 0.731256 0.413934 0.733459 0.411836 0.727500 0.403794 0.726075 0.403794 0.722837 0.398374 0.721023 0.398724 0.717267 0.392955 0.716101 0.392955 0.714935 0.391731 0.713769 0.391731 0.713122 0.392430 0.711697 0.393479 0.711567 0.408164 0.710013 0.409913 0.711049 0.411486 0.710272 0.412010 0.710272 0.424423
0 0.421645 0.654353 0.414003 0.664318 0.412060 0.664493 0.412448 0.667115 0.410117 0.667465 0.409210 0.671311 0.408174 0.670437 0.404417 0.675857 0.404417 0.678129 0.402474 0.680052 0.400790 0.680752 0.402474 0.684248 0.406878 0.685122 0.407915 0.686521 0.411153 0.686696 0.411801 0.688269 0.415039 0.687920 0.415557 0.689843 0.419702 0.689843 0.420738 0.691591 0.424365 0.691416 0.425790 0.694038 0.429935 0.693864 0.429676 0.685822 0.428899 0.685472 0.428899 0.676731 0.427863 0.676556 0.427215 0.667990 0.425920 0.667290 0.425790 0.661171 0.425013 0.660647 0.424754 0.656276
0 0.453899 0.723934 0.455453 0.720962 0.458692 0.719738 0.461282 0.716766 0.462837 0.716766 0.464132 0.715367 0.466205 0.715192 0.466852 0.712745 0.468407 0.712745 0.469702 0.710472 0.471904 0.710822 0.475531 0.706451 0.478510 0.706451 0.478899 0.738794 0.477733 0.738794 0.477604 0.748584 0.476438 0.748409 0.475661 0.746486 0.474365 0.746486 0.472811 0.744388 0.471127 0.744388 0.468925 0.741416 0.466852 0.741241 0.464650 0.737570 0.462578 0.737570 0.462189 0.735472 0.460505 0.735472 0.457785 0.731626 0.456878 0.731801 0.452992 0.727255 0.451308 0.726906
0 0.517111 0.759598 0.521516 0.765192 0.521645 0.767465 0.524624 0.771661 0.524754 0.772885 0.527863 0.777780 0.530453 0.778129 0.530583 0.775507 0.537060 0.757325 0.537060 0.754703 0.537966 0.752430 0.538096 0.750857 0.539780 0.748759 0.539650 0.744738 0.533303 0.744738 0.533044 0.746311 0.521256 0.746661 0.521256 0.747710 0.513225 0.748584 0.513225 0.750507 0.513873 0.751556 0.514521 0.754703 0.516593 0.756626
0 0.628459 0.558252 0.626386 0.561224 0.625220 0.561224 0.621205 0.566119 0.620427 0.566119 0.617837 0.569615 0.616282 0.569790 0.613044 0.573811 0.612137 0.573462 0.606956 0.579930 0.628329 0.593217 0.628329 0.594441 0.631697 0.594615 0.631567 0.574510 0.630790 0.573986 0.631438 0.571713 0.631697 0.568566 0.630402 0.568392 0.630661 0.558252
0 0.593096 0.631503 0.593355 0.640070 0.592319 0.640594 0.591153 0.661923 0.589339 0.662972 0.589728 0.667867 0.593614 0.667867 0.594262 0.666818 0.597630 0.665944 0.598536 0.663846 0.600479 0.663497 0.601256 0.662448 0.603977 0.661923 0.604365 0.661049 0.608251 0.660524 0.608769 0.658077 0.610842 0.658252 0.611231 0.657902 0.614339 0.657552 0.616282 0.654930 0.607215 0.641469 0.604883 0.641818 0.605142 0.638497 0.598666 0.631503
0 0.554456 0.576836 0.558860 0.576836 0.561192 0.574913 0.559896 0.573689 0.559637 0.571241 0.555492 0.564948 0.553938 0.564948 0.552254 0.563549 0.552383 0.565822 0.551477 0.566521 0.551218 0.569143 0.550181 0.570017 0.549663 0.578409 0.554197 0.578584
0 0.461140 0.388741 0.460881 0.390490 0.469948 0.411993 0.470596 0.415140 0.447021 0.416189 0.446891 0.414441 0.447927 0.412517 0.448316 0.410245 0.449611 0.409371 0.449611 0.406049 0.451425 0.403776 0.451813 0.400280 0.454663 0.398357 0.454404 0.395734 0.456088 0.395035 0.456231 0.392937 0.459197 0.387517
0 0.478368 0.416189 0.471244 0.435420 0.468912 0.438217 0.468912 0.443986 0.470207 0.445559 0.485104 0.445035 0.486023 0.443462 0.487319 0.444860 0.488212 0.445035 0.488731 0.444336 0.492228 0.443287 0.492358 0.442063 0.491710 0.439615 0.490415 0.436294 0.487319 0.430350 0.483938 0.424580
0 0.342448 0.510542 0.335972 0.527150 0.335712 0.530997 0.332992 0.533094 0.332992 0.536591 0.327940 0.549178 0.328199 0.550577 0.351516 0.550402 0.351904 0.548829 0.359676 0.548479 0.359935 0.544983 0.358769 0.543934 0.358769 0.540612 0.355272 0.536941 0.354883 0.533794 0.351775 0.528899 0.351904 0.527675 0.348666 0.522955 0.347889 0.520157 0.346723 0.518934 0.346723 0.516836
0 0.831412 0.083671 0.821956 0.090315 0.820661 0.091888 0.817940 0.092413 0.814443 0.095559 0.813536 0.093636 0.812630 0.090839 0.812630 0.086993 0.813277 0.085769 0.813795 0.061294 0.814961 0.060594 0.814702 0.055699 0.817422 0.056049 0.819495 0.057622 0.820790 0.057622 0.823510 0.062692 0.825065 0.062692 0.829858 0.067762 0.830117 0.067762 0.834650 0.073357 0.839702 0.078951 0.839184 0.083322
0 0.333083 0.206416 0.334508 0.228969 0.335026 0.229843 0.336062 0.236836 0.336839 0.236836 0.337228 0.241031 0.339560 0.243654 0.343834 0.239458 0.345389 0.239458 0.346036 0.236486 0.347461 0.234913 0.349275 0.234038 0.349663 0.230367 0.351347 0.229843 0.360155 0.219528 0.359896 0.216381 0.357565 0.216381 0.357306 0.216031 0.355881 0.214633 0.354974 0.213409 0.351088 0.213584 0.350052 0.212360 0.346813 0.211661 0.345907 0.210262 0.339560 0.209738 0.339171 0.208514 0.335415 0.208339
0 0.109080 0.276119 0.108951 0.306189 0.112319 0.305664 0.112837 0.304441 0.114650 0.304266 0.115557 0.302692 0.117241 0.302517 0.120220 0.297098 0.122422 0.297273 0.122681 0.296049 0.124624 0.295175 0.125790 0.293077 0.128899 0.292902 0.125142 0.286783 0.124236 0.286958 0.123329 0.284860 0.121127 0.285035 0.118925 0.281364 0.116852 0.281364 0.114780 0.278042 0.113614 0.277867 0.112319 0.275944
