0 0.634883 0.778094 0.625816 0.798724 0.625298 0.802745 0.624650 0.803969 0.623873 0.806066 0.623225 0.807115 0.622837 0.812710 0.619210 0.816731 0.614288 0.810087 0.614417 0.808164 0.610272 0.803444 0.610531 0.801871 0.606775 0.796626 0.607034 0.794353 0.602630 0.789458 0.602759 0.785262 0.601593 0.784388 0.604184 0.783514 0.604573 0.782815 0.615712 0.781591 0.616101 0.779668 0.625946 0.780192
0 0.168588 0.322203 0.168588 0.338287 0.170790 0.340559 0.171179 0.342657 0.172085 0.340559 0.174806 0.341259 0.182966 0.329196 0.182319 0.327273 0.181153 0.325524 0.179987 0.325524 0.178692 0.323077 0.174417 0.323601 0.174028 0.320979
0 0.106153 0.285140 0.106671 0.308741 0.108096 0.308916 0.108225 0.321853 0.110557 0.321154 0.111593 0.319755 0.113018 0.319406 0.115868 0.314161 0.118459 0.314860 0.119365 0.313112 0.120920 0.312587 0.126360 0.305070 0.127008 0.306119 0.130764 0.301923 0.128433 0.297902 0.112370 0.287762 0.111464 0.285140
0 0.137500 0.316608 0.137759 0.322552 0.136075 0.323601 0.136075 0.329895 0.136852 0.329895 0.137630 0.332168 0.138925 0.332168 0.139313 0.331294 0.141256 0.330769 0.141645 0.329371 0.144236 0.328846 0.146179 0.326573 0.146308 0.323951 0.141127 0.316783
0 0.440479 0.198409 0.483225 0.205227 0.485557 0.206801 0.486852 0.207150 0.485557 0.210472 0.484132 0.212920 0.483355 0.215367 0.481541 0.217290 0.482060 0.219038 0.475583 0.226556 0.475194 0.230402 0.471956 0.233374 0.471826 0.235997 0.469495 0.238269 0.469236 0.241591 0.458873 0.253829 0.457319 0.253304 0.446049 0.216941
0 0.537889 0.200157 0.540479 0.197360 0.557448 0.184073 0.561723 0.183724 0.561723 0.205752 0.561334 0.206626 0.560687 0.218339 0.559909 0.218339 0.557837 0.220087 0.554339 0.214493 0.550453 0.214493 0.547863 0.210122 0.545531 0.209248 0.545272 0.208024 0.543199 0.207850 0.541904 0.205927 0.541386 0.204178 0.539702 0.204528
0 0.582189 0.254003 0.582060 0.272710 0.582448 0.272535 0.582966 0.275682 0.584003 0.276206 0.587630 0.272360 0.588018 0.272360 0.589961 0.271136 0.591127 0.270962 0.597474 0.263619 0.595661 0.260647 0.594495 0.260822 0.592293 0.256801 0.589184 0.256976 0.587759 0.255927 0.586075 0.255402 0.585427 0.253829
0 0.606153 0.225332 0.606412 0.239843 0.607966 0.237745 0.611982 0.237745 0.612500 0.236696 0.615609 0.235297 0.616516 0.230752 0.613666 0.225857 0.612759 0.225857 0.609391 0.221836 0.608225 0.221836 0.608355 0.224983
0 0.622863 0.234598 0.622863 0.237045 0.624028 0.237395 0.624547 0.239493 0.623510 0.240717 0.623251 0.242640 0.625065 0.244738 0.623251 0.246836 0.623640 0.249458 0.624288 0.249983 0.624806 0.251381 0.628951 0.251731 0.630635 0.248409 0.633225 0.248409 0.634780 0.246486 0.636334 0.246311 0.638536 0.244388 0.638795 0.242115 0.634650 0.236696 0.633744 0.236521 0.630894 0.232675 0.628692 0.232500 0.628044 0.230577 0.625972 0.230577 0.624482 0.233217
0 0.593329 0.295962 0.590868 0.297010 0.591127 0.301206 0.590220 0.302430 0.589961 0.304178 0.588407 0.307325 0.597863 0.307150 0.598122 0.306451 0.599935 0.304703 0.598769 0.304003 0.598381 0.299983 0.597085 0.299458 0.596956 0.298059 0.595790 0.295437
0 0.900130 0.769388 0.900648 0.784423 0.899352 0.784773 0.899223 0.800332 0.897280 0.801031 0.897539 0.810122 0.899870 0.809073 0.901166 0.807500 0.926166 0.794038 0.927202 0.793514 0.927461 0.791591 0.925389 0.788444 0.924093 0.788444 0.922668 0.785822 0.920466 0.785297 0.915285 0.777955 0.914249 0.778304 0.910233 0.772535 0.908679 0.772535 0.904922 0.766766 0.902461 0.766941
0 0.748795 0.916556 0.756295 0.916556 0.756295 0.919773 0.755453 0.920472 0.755104 0.923916 0.751697 0.927378 0.750505 0.925524 0.749987 0.923234 0.749132 0.922535
0 0.741632 0.865245 0.738057 0.871224 0.736179 0.871451 0.736179 0.874213 0.738057 0.874213 0.741801 0.877203 0.744028 0.877657 0.745557 0.879510 0.746244 0.864091 0.744702 0.865927
0 0.774534 0.923392 0.774676 0.926801 0.771347 0.932343 0.768433 0.931451 0.768303 0.929301 0.767500 0.928584 0.767241 0.920175 0.775466 0.919283
0 0.681049 0.645682 0.678070 0.651643 0.677940 0.655140 0.674832 0.657587 0.675091 0.662133 0.674184 0.662832 0.674184 0.665455 0.672630 0.666503 0.672889 0.668759 0.670039 0.672448 0.670168 0.675245 0.696723 0.675070 0.696852 0.670507 0.695816 0.669633 0.695427 0.667378 0.692707 0.663357 0.692837 0.661958 0.691930 0.661259 0.691930 0.659336 0.689210 0.655140 0.689210 0.651993 0.687915 0.651993 0.687785 0.650052 0.683510 0.643776
0 0.647694 0.449073 0.647824 0.462710 0.648860 0.462710 0.649249 0.468304 0.650415 0.468654 0.651580 0.467080 0.652098 0.467080 0.656632 0.461486 0.658705 0.460787 0.660648 0.459388 0.660648 0.453969 0.658705 0.454493 0.658057 0.452920 0.656114 0.453094 0.655466 0.450997 0.651192 0.450647 0.651036 0.448601
0 0.683057 0.520927 0.696010 0.520577 0.697565 0.522150 0.698212 0.521101 0.705337 0.521101 0.707280 0.522500 0.706503 0.523549 0.706373 0.526871 0.704041 0.530192 0.699767 0.539983 0.699378 0.542255 0.696788 0.545402 0.697047 0.546976 0.694456 0.551696 0.691606 0.548724 0.690699 0.546276 0.688627 0.543479 0.688497 0.541031 0.685518 0.538234 0.685648 0.535787 0.683057 0.531591 0.682798 0.530367 0.682150 0.529493 0.681632 0.526871 0.680466 0.525297 0.680078 0.523374 0.683187 0.523024
0 0.583705 0.594703 0.594456 0.580367 0.594585 0.578794 0.605596 0.562710 0.606762 0.562185 0.607927 0.564983 0.607927 0.568829 0.608446 0.570227 0.610130 0.574248 0.610777 0.574423 0.610907 0.578969 0.611943 0.579143 0.611813 0.586136 0.612979 0.586311 0.613368 0.591031 0.614404 0.591031 0.614922 0.596976 0.615959 0.598724 0.616347 0.603094 0.607927 0.603444 0.607927 0.600997 0.604819 0.601346 0.603782 0.600647 0.595492 0.599598 0.595104 0.597325 0.591347 0.597500 0.591088 0.595927 0.583834 0.596101
0 0.582668 0.595052 0.582798 0.617255 0.581762 0.617430 0.581632 0.623024 0.580078 0.625647 0.578523 0.625997 0.576321 0.622500 0.574767 0.622675 0.571917 0.618304 0.570881 0.618829 0.566347 0.613059 0.565052 0.613234 0.562332 0.608864 0.560130 0.608164 0.559870 0.605717 0.562202 0.603444 0.564145 0.603794 0.566995 0.600122 0.567902 0.599948 0.569197 0.597325 0.571528 0.597500 0.573731 0.596101 0.575544 0.595752 0.578782 0.593479 0.583705 0.593129
0 0.523174 0.681941 0.518640 0.682115 0.516826 0.684038 0.516826 0.685962 0.518251 0.685962 0.518510 0.689108 0.522396 0.694703 0.522396 0.696626 0.525505 0.700647 0.525894 0.703269 0.528744 0.706591 0.528614 0.708164 0.534961 0.717255 0.534961 0.719528 0.540661 0.726871 0.542215 0.727045 0.542345 0.723024 0.543122 0.721801 0.543640 0.717780 0.544547 0.717955 0.545065 0.715332 0.546231 0.714808 0.546231 0.709563 0.547267 0.709738 0.547915 0.705367 0.550246 0.702570 0.550117 0.698374 0.551282 0.696451 0.551153 0.691731 0.552578 0.691731 0.552837 0.688934 0.554262 0.687535 0.554262 0.684388 0.556205 0.684038 0.556075 0.676696 0.547137 0.676696 0.547396 0.678619 0.532111 0.678094 0.531723 0.679318 0.523821 0.679843
0 0.304922 0.533409 0.302850 0.536381 0.302720 0.538829 0.299870 0.542325 0.299352 0.544423 0.298316 0.545647 0.299223 0.546696 0.299870 0.548269 0.311788 0.548969 0.311140 0.547395 0.310881 0.545297 0.309456 0.543549 0.309585 0.540577 0.309197 0.540402 0.308808 0.536381 0.306865 0.533392
0 0.232513 0.504388 0.232383 0.506311 0.229275 0.508759 0.229922 0.511381 0.228238 0.512430 0.228238 0.519073 0.239767 0.519248 0.239896 0.516976 0.238860 0.516101 0.238601 0.512955 0.237435 0.512780 0.237435 0.509633 0.236010 0.509108 0.235881 0.506486 0.234456 0.504038
0 0.034845 0.650997 0.045207 0.662885 0.048446 0.663409 0.054016 0.670577 0.057383 0.671101 0.064378 0.680542 0.062565 0.685262 0.060881 0.684213 0.058031 0.688759 0.056347 0.688934 0.044430 0.695052 0.040285 0.700122 0.038212 0.700122 0.030699 0.706416 0.027979 0.704493 0.027332 0.695227 0.028497 0.695752 0.029016 0.683864 0.030440 0.683864 0.030181 0.659738 0.031477 0.659213 0.031736 0.650997
0 0.028549 0.865507 0.028679 0.892780 0.029974 0.893129 0.031010 0.895227 0.033860 0.891031 0.035544 0.891206 0.037228 0.889808 0.037746 0.889458 0.040984 0.884213 0.042539 0.884213 0.046813 0.881241 0.046425 0.876696 0.044741 0.876346 0.043834 0.874073 0.042280 0.874073 0.040207 0.871801 0.036321 0.870577 0.036192 0.869353 0.033860 0.869353 0.032047 0.866381 0.031528 0.867080 0.030233 0.867255
0 0.108212 0.935962 0.113394 0.935787 0.113782 0.936836 0.116762 0.937010 0.118316 0.938059 0.122591 0.938059 0.122850 0.939983 0.129456 0.939633 0.129585 0.941906 0.134249 0.942780 0.134119 0.946276 0.129845 0.951696 0.130104 0.954143 0.117539 0.969703 0.116244 0.969703 0.115466 0.968479 0.114430 0.967955 0.114560 0.962710 0.113653 0.961486 0.113135 0.956416 0.112228 0.955542 0.111710 0.952570 0.111192 0.950997 0.110544 0.946626 0.109637 0.945927
0 0.045687 0.888392 0.045557 0.899755 0.046334 0.901503 0.046593 0.902203 0.048018 0.900455 0.049443 0.900455 0.054754 0.893462 0.052163 0.893462 0.050479 0.890315 0.047241 0.889790
0 0.198277 0.912867 0.211360 0.912168 0.210324 0.914091 0.210194 0.916538 0.207604 0.918986 0.207474 0.921608 0.205272 0.922832 0.204495 0.925979 0.201645 0.926329 0.201256 0.923881 0.199832 0.923182 0.199702 0.916364 0.198795 0.916014
0 0.180648 0.811661 0.183368 0.811486 0.186218 0.813059 0.185829 0.814633 0.184404 0.816031 0.184922 0.824073 0.183756 0.824948 0.183627 0.830367 0.181684 0.832290 0.180907 0.830017 0.179482 0.830017 0.175596 0.825647 0.176503 0.823724 0.175725 0.823199 0.174948 0.821451 0.172746 0.821976 0.172358 0.819003 0.171192 0.817430 0.171192 0.815332 0.175855 0.814283 0.176244 0.813234 0.180389 0.813059
0 0.392927 0.799301 0.404845 0.798951 0.405233 0.800699 0.410415 0.801224 0.410415 0.803322 0.409249 0.804895 0.409378 0.808217 0.406399 0.810839 0.406788 0.813811 0.402772 0.818182 0.402902 0.820629 0.398756 0.825524 0.398756 0.827622 0.396295 0.828497 0.395777 0.826748 0.388394 0.809615 0.388653 0.806818 0.387876 0.805594 0.387876 0.804021 0.386969 0.802273 0.386321 0.797727 0.391891 0.796853
0 0.363394 0.711189 0.357953 0.719930 0.357824 0.721503 0.356269 0.722378 0.356399 0.724650 0.355492 0.725699 0.355492 0.727448 0.352642 0.730944 0.352642 0.733392 0.350052 0.736538 0.349663 0.739685 0.349016 0.740734 0.349793 0.741958 0.356658 0.741783 0.357694 0.743881 0.375959 0.744231 0.375959 0.742133 0.374793 0.740559 0.374663 0.737413 0.373756 0.736538 0.372850 0.731643 0.370000 0.728671 0.370130 0.724825 0.368964 0.723951 0.369093 0.721853 0.367280 0.720804 0.367539 0.715734
0 0.300440 0.700000 0.304197 0.705245 0.304326 0.706643 0.307306 0.711364 0.310155 0.711538 0.310674 0.708566 0.311710 0.707343 0.311839 0.705070 0.312876 0.704021 0.313135 0.699476 0.314171 0.699126 0.314689 0.694406 0.315984 0.693706 0.315725 0.690559 0.317280 0.689860 0.317021 0.687063 0.304845 0.686888 0.304456 0.688462 0.298497 0.688636 0.296554 0.691084 0.298109 0.691434 0.298109 0.695105 0.300440 0.696853
0 0.536205 0.422535 0.536334 0.425157 0.537370 0.426381 0.537111 0.431801 0.538148 0.432500 0.538148 0.434248 0.540091 0.435822 0.540091 0.440017 0.541645 0.441066 0.541645 0.450507 0.538925 0.451381 0.538148 0.450507 0.530117 0.449633 0.529598 0.447885 0.523251 0.447360 0.521956 0.446136 0.518977 0.444738 0.518199 0.442465 0.521956 0.437220 0.522345 0.433724 0.524935 0.433724 0.524676 0.430402 0.528433 0.426206 0.528174 0.423759 0.529858 0.422010 0.532319 0.421661 0.532319 0.420087 0.534262 0.419563
0 0.358303 0.664685 0.355842 0.668182 0.355583 0.669580 0.352863 0.673951 0.352863 0.676748 0.356619 0.676224 0.357655 0.677972 0.360764 0.678497 0.361023 0.676573 0.362319 0.676224 0.362448 0.673776 0.361153 0.673252 0.361153 0.670280 0.360246 0.669930 0.360117 0.666084
0 0.378251 0.636189 0.378122 0.646853 0.383044 0.646503 0.383562 0.645105 0.385376 0.644580 0.385894 0.641259 0.384858 0.638462 0.382267 0.638287 0.382137 0.636014
0 0.622047 0.044056 0.623601 0.046329 0.625285 0.059441 0.628912 0.064318 0.634352 0.058566 0.634352 0.055944 0.636943 0.053829 0.636943 0.051206 0.638627 0.049825 0.638497 0.048427 0.637073 0.046154 0.632150 0.045629 0.632021 0.043881
0 0.085104 0.359668 0.099611 0.399703 0.099482 0.404248 0.066192 0.405472 0.065803 0.403899 0.064508 0.405647 0.061917 0.403199 0.078886 0.368584 0.080570 0.364388 0.080440 0.362815 0.082772 0.358969
