0 0.198640 0.807517 0.196036 0.818374 0.194080 0.822483 0.205376 0.821311 0.207332 0.820140 0.202111 0.812500 0.202111 0.810752
0 0.263627 0.728619 0.269715 0.737710 0.270803 0.737413 0.277539 0.744458 0.280583 0.744738 0.281231 0.736818 0.282319 0.735944 0.281878 0.725385 0.283407 0.724510 0.283627 0.703094 0.281671 0.704266 0.278407 0.704563 0.277759 0.706311 0.274922 0.706031 0.258847 0.718059 0.256451 0.719231 0.257111 0.721276 0.260803 0.726853
0 0.397474 0.100542 0.397992 0.134633 0.403562 0.134633 0.414702 0.125367 0.418718 0.120297 0.420531 0.119773 0.420790 0.117850 0.422085 0.116801 0.420142 0.113479 0.419883 0.113479 0.400207 0.097920
0 0.198990 0.621993 0.209080 0.636329 0.207008 0.640699 0.204171 0.641224 0.199365 0.641224 0.197811 0.642797 0.194832 0.642972 0.193666 0.645245 0.192370 0.645070 0.192111 0.634231 0.192889 0.634231 0.193407 0.627587 0.194054 0.627413 0.194456 0.625315 0.195609 0.624441 0.195997 0.620245 0.197163 0.622867
0 0.007876 0.519423 0.008005 0.529213 0.006839 0.530612 0.006710 0.543374 0.008264 0.544073 0.009301 0.541976 0.012150 0.541626 0.013446 0.540052 0.018627 0.536206 0.021995 0.536556 0.022124 0.533409 0.023938 0.533059 0.024197 0.529913 0.021995 0.528689 0.020699 0.526591 0.017591 0.526241 0.013446 0.518899 0.010078 0.516801
0 0.035078 0.477640 0.035337 0.484983 0.036632 0.485682 0.036373 0.491451 0.037409 0.492675 0.037409 0.497045 0.038964 0.498269 0.038834 0.502290 0.040259 0.503514 0.040389 0.509808 0.041425 0.511031 0.042202 0.514878 0.043238 0.515577 0.047124 0.511731 0.048938 0.512255 0.049326 0.509283 0.054249 0.502640 0.053860 0.500717 0.059430 0.494423 0.059430 0.491451 0.061244 0.491101 0.061244 0.489353 0.062798 0.488304 0.063187 0.484983 0.058523 0.484283 0.057746 0.482185 0.050751 0.482710 0.049974 0.480962 0.045829 0.481311 0.045311 0.479213 0.042332 0.479213 0.041036 0.476941 0.040000 0.480087 0.038964 0.477115
0 0.732474 0.101783 0.733808 0.105157 0.735311 0.104720 0.738303 0.109213 0.744145 0.112587 0.749650 0.120682 0.753316 0.120909 0.754819 0.122045 0.755648 0.121818 0.756140 0.115507 0.757979 0.116189 0.757474 0.083794 0.755984 0.085804 0.754819 0.084231 0.754145 0.086941 0.748977 0.087395 0.745479 0.093462 0.743977 0.093234 0.742474 0.095035 0.740142 0.094580 0.738135 0.097745
0 0.670609 0.235577 0.670609 0.247640 0.669573 0.248164 0.669184 0.257430 0.666593 0.254983 0.665687 0.254633 0.663096 0.252010 0.661153 0.251661 0.659080 0.248164 0.656878 0.247815 0.656749 0.246066 0.659858 0.241521 0.660764 0.241521 0.661541 0.240122 0.665168 0.240122 0.667500 0.236451
0 0.022461 0.277920 0.010674 0.324773 0.011839 0.323374 0.013912 0.323199 0.014948 0.324773 0.016114 0.324598 0.016503 0.323024 0.021295 0.322675 0.022073 0.321276 0.026995 0.321276 0.028808 0.319178 0.033472 0.319178 0.033601 0.318304 0.039301 0.317605 0.039819 0.316556 0.045130 0.315332 0.045259 0.312535 0.042668 0.310262 0.042668 0.308864 0.038653 0.303619 0.038653 0.300647 0.032953 0.295402 0.033601 0.293654
0 0.232319 0.303112 0.240997 0.302413 0.240997 0.301364 0.255505 0.301014 0.256282 0.308182 0.253303 0.310280 0.253562 0.314825 0.245142 0.334056 0.235816 0.314476
0 0.851334 0.343147 0.851464 0.351713 0.850168 0.351713 0.849909 0.358706 0.848744 0.360629 0.848484 0.362727 0.846930 0.364650 0.853148 0.364825 0.853407 0.363601 0.863899 0.363601 0.868174 0.359580 0.867526 0.355734 0.866749 0.355559 0.866101 0.350839 0.865065 0.351189 0.855868 0.339126 0.852759 0.338601
0 0.817047 0.505175 0.816917 0.520559 0.816140 0.520909 0.815881 0.529650 0.814456 0.529650 0.814715 0.544860 0.813290 0.544860 0.813031 0.549056 0.810699 0.548531 0.806036 0.542762 0.805130 0.542937 0.801762 0.538042 0.800078 0.538217 0.797746 0.535070 0.796321 0.534895 0.790233 0.526678 0.788420 0.526503 0.786606 0.522832 0.786477 0.519161 0.789326 0.519336 0.790492 0.517063 0.792824 0.517587
0 0.859922 0.548182 0.859663 0.600979 0.855000 0.594336 0.852668 0.593811 0.852668 0.591364 0.850855 0.589091 0.848523 0.588042 0.830259 0.574580 0.829482 0.571608 0.827927 0.571434 0.828057 0.569510 0.835052 0.565839 0.836606 0.563741 0.838290 0.563566 0.854611 0.550979 0.856943 0.546783
0 0.975816 0.756189 0.983847 0.755490 0.983847 0.757762 0.982940 0.758112 0.983329 0.762657 0.982163 0.763881 0.981775 0.766853 0.980609 0.767203 0.980220 0.772273 0.978925 0.774196 0.975687 0.774021 0.975946 0.770874 0.974780 0.770699 0.974003 0.767727 0.969469 0.761608 0.969339 0.757413 0.976205 0.756888
0 0.931386 0.836259 0.934624 0.835909 0.934754 0.834860 0.938251 0.834336 0.939806 0.832413 0.950557 0.832238 0.950427 0.835734 0.949391 0.835734 0.949262 0.839755 0.947966 0.839231 0.947966 0.845000 0.943821 0.855839 0.940972 0.857762 0.935790 0.849371 0.935142 0.845000 0.932940 0.842028
0 0.083135 0.483234 0.082487 0.493374 0.083912 0.494073 0.084430 0.499318 0.085337 0.500017 0.085725 0.506661 0.086762 0.507185 0.087150 0.510682 0.088705 0.510857 0.091554 0.505962 0.091684 0.504038 0.094534 0.503689 0.094663 0.500892 0.099326 0.494248 0.099585 0.491276 0.100622 0.490577 0.100751 0.487955 0.097642 0.487255 0.093886 0.486031 0.092591 0.484458 0.088834 0.483934 0.087539 0.482185
0 0.725738 0.706591 0.723148 0.722500 0.721982 0.724598 0.722111 0.726696 0.728588 0.726696 0.728847 0.725647 0.734288 0.725122 0.735194 0.723549 0.737915 0.723899 0.737915 0.720927 0.736231 0.719003 0.734158 0.718129 0.734028 0.716381 0.727681 0.706941
0 0.646593 0.831766 0.646723 0.849598 0.645427 0.850122 0.645427 0.852570 0.644391 0.853794 0.648018 0.853969 0.648925 0.853619 0.650997 0.853094 0.651256 0.851696 0.655272 0.850472 0.655272 0.850122 0.657733 0.849423 0.657863 0.848374 0.660194 0.847500 0.660194 0.846801 0.663174 0.845927 0.660065 0.841731 0.658769 0.840857 0.654495 0.835962 0.653588 0.836311 0.652811 0.834038 0.650479 0.833514 0.650091 0.832290
0 0.634974 0.705192 0.646244 0.704843 0.646114 0.706941 0.643653 0.710087 0.644041 0.712360 0.639249 0.718479 0.638342 0.716556 0.637694 0.717080 0.637565 0.712885 0.636917 0.711136 0.636528 0.709038
0 0.395363 0.204703 0.390699 0.220262 0.389275 0.221311 0.390440 0.231101 0.391606 0.230752 0.392254 0.229353 0.396010 0.228654 0.402487 0.225507 0.405984 0.225332 0.408057 0.221486
0 0.307319 0.302937 0.322085 0.301014 0.322345 0.309406 0.318199 0.321119 0.314832 0.325490 0.312370 0.320769 0.312111 0.316748 0.310557 0.315699 0.309780 0.312902 0.306023 0.306958 0.305764 0.305734
0 0.231852 0.526748 0.232111 0.531643 0.229909 0.531818 0.229909 0.533741 0.226671 0.537937 0.226671 0.538986 0.224469 0.542308 0.224339 0.545280 0.222915 0.546329 0.222915 0.549825 0.224469 0.550175 0.225505 0.552273 0.241049 0.551923 0.241049 0.554021 0.244028 0.553846 0.244806 0.552972 0.245972 0.551573 0.244676 0.550350 0.244417 0.547028 0.243251 0.542657 0.242215 0.542483 0.242215 0.539860 0.240013 0.537413 0.239365 0.532692 0.238199 0.531469 0.238070 0.529021 0.235479 0.525000 0.234313 0.524476
0 0.327306 0.791976 0.327526 0.800769 0.326878 0.801661 0.326218 0.806941 0.325130 0.807815 0.324922 0.813689 0.324702 0.813689 0.324054 0.820717 0.320350 0.825997 0.313834 0.818969 0.311658 0.815437 0.311658 0.811923 0.308394 0.810455 0.307966 0.809860 0.307966 0.806049 0.304054 0.801364 0.304702 0.799895 0.308394 0.799895 0.309275 0.798427 0.312098 0.797552 0.313394 0.796381 0.318614 0.795192 0.319262 0.794021 0.324482 0.794318
0 0.429637 0.504003 0.437150 0.532675 0.435725 0.534423 0.435078 0.532850 0.427306 0.533199 0.427176 0.531626 0.420959 0.531451 0.420699 0.530052 0.419016 0.529703 0.417979 0.531101 0.414741 0.526731 0.414741 0.525507 0.421477 0.516941 0.421088 0.514318
0 0.727073 0.575490 0.727332 0.577937 0.727979 0.578287 0.728251 0.588252 0.728627 0.588601 0.729145 0.595420 0.730440 0.595944 0.733161 0.592448 0.735751 0.592622 0.736023 0.588601 0.737176 0.588601 0.738212 0.586503 0.739637 0.585804 0.743795 0.580734 0.740557 0.580559 0.739767 0.579161 0.737565 0.578986 0.735233 0.577937 0.732642 0.577238 0.732137 0.575490
0 0.295453 0.538811 0.295583 0.547552 0.294547 0.546853 0.294547 0.563462 0.298692 0.562937 0.298951 0.561189 0.300894 0.560839 0.301412 0.559441 0.303873 0.559266 0.304521 0.557343 0.306205 0.557168 0.306723 0.556119 0.309184 0.555944 0.310350 0.553322 0.310350 0.552273 0.306593 0.545804 0.305427 0.547203 0.303744 0.544930 0.302837 0.544580 0.299858 0.540909 0.298044 0.541084 0.297655 0.538287
0 0.365350 0.813689 0.392073 0.852692 0.394469 0.852692 0.394909 0.848007 0.395117 0.847710 0.396205 0.843899 0.396865 0.841836 0.396865 0.835682 0.397733 0.831871 0.399028 0.825717 0.402513 0.810455 0.403601 0.808986 0.403808 0.801066
0 0.358821 0.937762 0.357953 0.967972 0.353174 0.965332 0.349909 0.964458 0.344702 0.960350 0.343821 0.958304 0.340790 0.958304 0.337526 0.953304 0.352733 0.940402 0.355350 0.938654 0.355997 0.937185
0 0.226671 0.964458 0.237111 0.963584 0.237332 0.962990 0.246023 0.961818 0.247759 0.963881 0.243847 0.974143 0.243199 0.982360 0.241244 0.984406 0.240155 0.988514 0.237539 0.992920 0.232539 0.986469 0.232539 0.982360 0.230803 0.978829 0.229715 0.976189 0.227552 0.974441 0.227111 0.972080 0.226023 0.970612
0 0.119093 0.968566 0.118873 0.970332 0.120389 0.971206 0.120609 0.977955 0.124093 0.985280 0.129301 0.980594 0.129741 0.977657 0.131917 0.975017 0.132565 0.970612 0.130389 0.969738 0.129793 0.968357
0 0.119339 0.107290 0.130065 0.121993 0.131930 0.121538 0.141801 0.136469 0.146231 0.135997 0.146231 0.130944 0.146736 0.130035 0.147422 0.121311 0.148614 0.120385 0.148951 0.114406 0.149119 0.113724 0.150142 0.107517 0.151839 0.105909 0.151334 0.099948 0.152694 0.100175 0.152189 0.093042 0.146231 0.093042
