0 0.573562 0.364895 0.574482 0.375734 0.575505 0.376783 0.577073 0.385350 0.577448 0.385699 0.577850 0.389895 0.579793 0.394441 0.580440 0.392867 0.582254 0.393566 0.596878 0.373462 0.596878 0.371538 0.594560 0.371014 0.593912 0.369441 0.589378 0.368566 0.588860 0.367168 0.583277 0.367168 0.582254 0.366119 0.576153 0.365594
0 0.726865 0.047185 0.733731 0.094038 0.734378 0.094913 0.734767 0.102080 0.737876 0.101556 0.738394 0.097360 0.739689 0.097710 0.764689 0.064668 0.766373 0.064493 0.766632 0.061346 0.764819 0.061171 0.764171 0.059598 0.761192 0.059598 0.760803 0.057150 0.757435 0.057850 0.757047 0.056101 0.750440 0.056101 0.750052 0.054878 0.745777 0.054528 0.745518 0.052955 0.743057 0.052605 0.742409 0.050682 0.736710 0.050857 0.735933 0.048934 0.733860 0.048934 0.733083 0.047185
0 0.698601 0.454213 0.695881 0.458059 0.695492 0.461031 0.694715 0.461906 0.694845 0.465752 0.694067 0.466276 0.692383 0.470647 0.692254 0.473969 0.690959 0.474843 0.690959 0.477465 0.690052 0.479038 0.689793 0.484108 0.686813 0.487080 0.686943 0.489878 0.686295 0.490752 0.685777 0.493199 0.684611 0.494073 0.683964 0.503514 0.694974 0.503339 0.696917 0.502290 0.708575 0.501941 0.708834 0.499143 0.717513 0.499843 0.718161 0.497920 0.719715 0.500367 0.719974 0.495647 0.717772 0.493199 0.717772 0.490927 0.715440 0.488304 0.714793 0.485857 0.712850 0.482010 0.712332 0.479563 0.711166 0.478864 0.711166 0.475892 0.709870 0.475542 0.708834 0.471696 0.707668 0.471346 0.707021 0.468899 0.703653 0.464178 0.703523 0.462080 0.699896 0.457885
0 0.830220 0.500682 0.835013 0.506801 0.836956 0.506451 0.837085 0.509948 0.842267 0.516241 0.842267 0.519038 0.843821 0.518689 0.846801 0.522360 0.848096 0.519913 0.848225 0.517990 0.849003 0.516941 0.850168 0.512045 0.851205 0.510822 0.850687 0.507675 0.851852 0.507325 0.851982 0.501906 0.853018 0.501206 0.853407 0.495787 0.854832 0.495787 0.854832 0.491766 0.855609 0.490367 0.856386 0.484248 0.857552 0.484598 0.857552 0.479878 0.855997 0.477780 0.855479 0.477955 0.851982 0.478654 0.851982 0.480577 0.843821 0.480402 0.843821 0.482500 0.837215 0.482325 0.837215 0.484248 0.832681 0.483899 0.831904 0.485647 0.828277 0.485822 0.828018 0.487745 0.822837 0.488094 0.826464 0.492290 0.826464 0.495262 0.828018 0.498234 0.830091 0.497710
0 0.454689 0.458531 0.457280 0.457832 0.457409 0.454860 0.456632 0.454510 0.456244 0.451713 0.455466 0.451713 0.455078 0.448217 0.452487 0.446818 0.450674 0.445070 0.449767 0.445769 0.449637 0.448217 0.448990 0.448566 0.448472 0.454860 0.446010 0.459406 0.453912 0.459231
0 0.901308 0.622815 0.901826 0.624913 0.903122 0.625612 0.903251 0.673514 0.904158 0.671591 0.905972 0.670892 0.907396 0.668444 0.908562 0.669493 0.909858 0.667570 0.910764 0.665822 0.912319 0.665822 0.913096 0.663724 0.914780 0.664073 0.916723 0.660752 0.919184 0.660402 0.919573 0.659878 0.920997 0.659003 0.932785 0.647990 0.934210 0.648514 0.934469 0.646416 0.933433 0.644493 0.907526 0.625437 0.907396 0.624388 0.905842 0.624213 0.905712 0.622640
0 0.989339 0.804441 0.993484 0.809161 0.993484 0.812832 0.996982 0.818951 0.997241 0.820524 0.988562 0.821224 0.987785 0.822622 0.978459 0.823497 0.977940 0.819301 0.978977 0.818601 0.979106 0.816154 0.980531 0.815280 0.980661 0.812832 0.981956 0.811608 0.981956 0.809685 0.982863 0.807762 0.983122 0.805140 0.984676 0.804790 0.985065 0.798846 0.986360 0.798322 0.988951 0.802692
0 0.372241 0.215087 0.375997 0.215437 0.376256 0.213514 0.378459 0.212815 0.379106 0.211766 0.383899 0.211591 0.384158 0.210717 0.387785 0.208794 0.400091 0.203199 0.404883 0.202850 0.405272 0.201451 0.408899 0.201276 0.409417 0.212465 0.408251 0.212990 0.407992 0.221731 0.406567 0.221731 0.406438 0.226976 0.405013 0.228199 0.405531 0.233969 0.404236 0.233969 0.403977 0.242710 0.402811 0.242710 0.402552 0.252150 0.401386 0.251976 0.400738 0.257220 0.398148 0.257395 0.396205 0.253374 0.393484 0.253024 0.394003 0.250052 0.369909 0.218934 0.370039 0.217185
0 0.003821 0.291643 0.004080 0.313671 0.005376 0.314720 0.005764 0.323986 0.006930 0.321538 0.007707 0.323112 0.011334 0.317692 0.013653 0.318217 0.013925 0.314720 0.016244 0.314545 0.024663 0.303007 0.023251 0.300909 0.021425 0.300734 0.020920 0.299510 0.018588 0.299161 0.017422 0.296364 0.015091 0.297238 0.014054 0.294790 0.012111 0.295664 0.011852 0.294266 0.010816 0.294091 0.010039 0.291643
0 0.423420 0.716364 0.423420 0.726154 0.424197 0.726678 0.425233 0.734021 0.425881 0.734021 0.426140 0.742762 0.426917 0.743112 0.427306 0.749580 0.428212 0.749930 0.428990 0.757972 0.430155 0.758147 0.430415 0.764441 0.431580 0.765315 0.432098 0.774406 0.432228 0.774755 0.432876 0.780000 0.434171 0.780524 0.434689 0.781573 0.447902 0.763566 0.448679 0.763566 0.460337 0.748007 0.461891 0.748007 0.461891 0.745559 0.464352 0.744685 0.464611 0.740839 0.466425 0.740839 0.470181 0.737168 0.469663 0.734371 0.468238 0.734545 0.467850 0.732972 0.465648 0.732972 0.464741 0.730524 0.460207 0.730874 0.459689 0.729476 0.456321 0.729126 0.455933 0.727028 0.452047 0.727028 0.451658 0.726154 0.448420 0.725979 0.447902 0.723531 0.442979 0.724056 0.442591 0.721958 0.438575 0.722133 0.437539 0.720035 0.434301 0.719510 0.433653 0.718287 0.430415 0.718462 0.429508 0.716713
0 0.248316 0.250297 0.248575 0.255717 0.247927 0.256591 0.247409 0.259388 0.246373 0.259563 0.245725 0.265332 0.243653 0.264633 0.243523 0.268479 0.241580 0.268654 0.241062 0.267605 0.240285 0.267255 0.239767 0.264458 0.239119 0.264458 0.238472 0.261311 0.236788 0.259913 0.236010 0.256941 0.235233 0.256766 0.234326 0.253444 0.233549 0.252570 0.234585 0.251871 0.234715 0.250647
0 0.593329 0.908164 0.602655 0.919703 0.602526 0.922325 0.612513 0.935105 0.612902 0.938077 0.620687 0.947710 0.620298 0.949108 0.626386 0.957675 0.627552 0.957675 0.628847 0.955752 0.629106 0.952955 0.630013 0.952080 0.630544 0.945787 0.631451 0.945787 0.631451 0.940175 0.632876 0.939825 0.633264 0.935629 0.638316 0.926888 0.638834 0.911486 0.640648 0.910612 0.640907 0.904126 0.642073 0.903427 0.641943 0.899406 0.643109 0.898007 0.643238 0.893811 0.640648 0.893462 0.640648 0.894161 0.633005 0.894685 0.632746 0.897308 0.627940 0.897133 0.627552 0.898357 0.621205 0.898531 0.621205 0.899930 0.613420 0.900629 0.613420 0.902028 0.605907 0.902203 0.605777 0.903601 0.598640 0.903951 0.598640 0.905542 0.595661 0.905542
0 0.301995 0.822255 0.301995 0.825577 0.302902 0.826101 0.303290 0.832045 0.304326 0.832045 0.304585 0.838514 0.305363 0.839213 0.305751 0.843584 0.307306 0.844458 0.307047 0.847780 0.307953 0.849178 0.308342 0.852675 0.310544 0.853199 0.310544 0.850052 0.312876 0.848829 0.314560 0.847255 0.314689 0.844808 0.322461 0.834843 0.322332 0.833619 0.324663 0.829248 0.324663 0.827325 0.323109 0.827325 0.322073 0.825227 0.314301 0.825752 0.313264 0.824178 0.308731 0.823654 0.307824 0.821381
0 0.338394 0.783269 0.336192 0.787115 0.335803 0.788689 0.334249 0.790087 0.334508 0.792360 0.333212 0.793759 0.333601 0.796031 0.330622 0.799178 0.330622 0.800927 0.329456 0.803024 0.329067 0.807395 0.328161 0.808444 0.327772 0.811066 0.326736 0.811416 0.326736 0.813514 0.325699 0.814913 0.325311 0.817360 0.327772 0.818059 0.328420 0.819458 0.329715 0.819458 0.330492 0.818234 0.354067 0.818234 0.354067 0.814388 0.352772 0.813689 0.352772 0.810892 0.351477 0.809493 0.351218 0.806346 0.349663 0.805647 0.348886 0.803899 0.347720 0.801976 0.346943 0.800052 0.346166 0.799528 0.345777 0.798304 0.345000 0.797605 0.344741 0.794283 0.342150 0.791486 0.341891 0.786941
0 0.816295 0.782955 0.819145 0.782955 0.820181 0.784178 0.821995 0.784528 0.822902 0.786451 0.824585 0.786451 0.825104 0.788199 0.828083 0.787850 0.828860 0.789248 0.830933 0.789423 0.832228 0.792745 0.834171 0.791696 0.834560 0.793444 0.835466 0.793444 0.838446 0.797290 0.841554 0.797465 0.843109 0.800087 0.846865 0.800262 0.846995 0.802010 0.849067 0.802010 0.850104 0.803934 0.853731 0.804458 0.853212 0.777710 0.852435 0.777360 0.851917 0.755857 0.850881 0.755682 0.851140 0.751311 0.849456 0.748164 0.848290 0.749038 0.846736 0.749213 0.845959 0.752185 0.843886 0.751311 0.842461 0.754633 0.840130 0.754983 0.838316 0.757955 0.836632 0.758129 0.832098 0.765822 0.830026 0.765822 0.828731 0.767920 0.827565 0.767745 0.823420 0.773164 0.822513 0.773164 0.818238 0.777885 0.816554 0.777885 0.815000 0.779633
0 0.582422 0.160017 0.582293 0.167360 0.581386 0.167360 0.581516 0.170157 0.579702 0.170857 0.579054 0.169458 0.576982 0.169458 0.576852 0.167535 0.575039 0.164563 0.573355 0.164563 0.572707 0.161766 0.579702 0.155997 0.583847 0.154948 0.583847 0.157745
0 0.678692 0.573322 0.679080 0.577517 0.679858 0.577517 0.680246 0.579965 0.683744 0.584860 0.684262 0.588881 0.686334 0.588706 0.686464 0.587483 0.686982 0.586608 0.687241 0.583986 0.688148 0.583986 0.688925 0.581014 0.689184 0.579790 0.689961 0.575070 0.691645 0.575070 0.691256 0.569825 0.692163 0.569825 0.692422 0.567378 0.694236 0.565629 0.685816 0.564406 0.685816 0.567028 0.678821 0.566503 0.677396 0.567552 0.674935 0.568077 0.674935 0.570350 0.675324 0.570524 0.676231 0.572622
0 0.053821 0.111031 0.043070 0.124143 0.042811 0.127290 0.040868 0.127640 0.040350 0.130087 0.028303 0.145647 0.028821 0.148269 0.026101 0.148619 0.026360 0.151416 0.024547 0.153339 0.028951 0.152640 0.029469 0.154913 0.036334 0.155612 0.036982 0.157185 0.042034 0.157010 0.042163 0.159283 0.046049 0.158934 0.047085 0.159983 0.051619 0.160332 0.052008 0.162080 0.056412 0.162080 0.056930 0.163654 0.061464 0.164528 0.062111 0.165752 0.067034 0.166276 0.067422 0.161731 0.066516 0.161381 0.065609 0.155087 0.057707 0.125542 0.058096 0.121696 0.057448 0.121346 0.056801 0.115927 0.056023 0.115227 0.055505 0.112605
0 0.059521 0.050892 0.063536 0.056136 0.063536 0.059108 0.065738 0.059283 0.065997 0.061731 0.071179 0.068024 0.071567 0.071171 0.074028 0.071171 0.074158 0.073969 0.079598 0.081836 0.081801 0.081311 0.081412 0.086031 0.087370 0.091801 0.089184 0.092150 0.089443 0.087780 0.089702 0.087605 0.090220 0.084808 0.091256 0.083759 0.091516 0.076766 0.093070 0.075367 0.092811 0.069773 0.093847 0.069948 0.094754 0.064703 0.095661 0.064703 0.095402 0.060857 0.096697 0.059458 0.096956 0.052640 0.097863 0.052465 0.097992 0.047745 0.099288 0.046346 0.099547 0.042850 0.100842 0.040752 0.100842 0.035157 0.093977 0.035157 0.093329 0.036381 0.087370 0.036906 0.086852 0.038479 0.078174 0.038479 0.077785 0.039878 0.075972 0.039878 0.074417 0.043024 0.066904 0.043724 0.066645 0.044598 0.062889 0.045297 0.062500 0.046521 0.059391 0.047045
0 0.006930 0.210874 0.006412 0.230804 0.008355 0.229755 0.009003 0.231154 0.012358 0.228182 0.013795 0.228357 0.015596 0.225734 0.017163 0.225385 0.020531 0.221888 0.017539 0.217517 0.015997 0.216993 0.013407 0.213322 0.012358 0.214371
0 0.744624 0.339021 0.742422 0.347762 0.741127 0.348462 0.740997 0.350385 0.737370 0.355280 0.737241 0.357203 0.733355 0.362448 0.732966 0.365420 0.730376 0.368741 0.728303 0.368566 0.728044 0.371364 0.726101 0.374510 0.722604 0.374860 0.722345 0.376783 0.724689 0.378007 0.720920 0.382378 0.719365 0.382902 0.718860 0.385350 0.720272 0.385524 0.721179 0.387622 0.728433 0.387797 0.728951 0.389371 0.738938 0.389895 0.739313 0.390944 0.745272 0.391294 0.745790 0.392867 0.750596 0.393042 0.751619 0.394441 0.760311 0.394441 0.761205 0.394441 0.761334 0.392343 0.761075 0.391294 0.760687 0.387972 0.759391 0.385524 0.759016 0.376958 0.757720 0.375559 0.752655 0.365420 0.752396 0.358601 0.751101 0.357727 0.751244 0.354231 0.750596 0.353531 0.750065 0.347063 0.749301 0.346189 0.748510 0.342343
0 0.515997 0.549441 0.534378 0.549091 0.534378 0.550664 0.528821 0.566224 0.528174 0.570769 0.526231 0.572517 0.526231 0.577063 0.523368 0.580035 0.523368 0.583357 0.520272 0.583357 0.518588 0.581259 0.517422 0.576189 0.515091 0.572517 0.515350 0.570594 0.512500 0.566748 0.512358 0.565000 0.511334 0.564126 0.510946 0.561329 0.509767 0.560629 0.509650 0.558706 0.506930 0.555035 0.506801 0.551014 0.516244 0.550490
0 0.526425 0.440594 0.535104 0.427657 0.538083 0.428531 0.538472 0.433951 0.539883 0.433951 0.540026 0.439021 0.541451 0.440769 0.541321 0.449336 0.542098 0.449860 0.542358 0.455629 0.544301 0.456678 0.544171 0.470140 0.539378 0.470315 0.538731 0.467517 0.534585 0.467343 0.534054 0.466119 0.532111 0.466643 0.531088 0.464895 0.529404 0.464720 0.528627 0.463147 0.525635 0.462448 0.524741 0.461224 0.520207 0.461049 0.519430 0.459825 0.516062 0.459650 0.515415 0.457552 0.512681 0.457378 0.525518 0.440944
0 0.481218 0.431853 0.476813 0.437448 0.477850 0.439895 0.473057 0.444441 0.473316 0.446364 0.472021 0.448112 0.472021 0.449860 0.470583 0.451259 0.470725 0.454231 0.478627 0.453706 0.479650 0.455979 0.488342 0.456154 0.488342 0.451608 0.486917 0.448811 0.486917 0.445490 0.486528 0.445315 0.485233 0.442867 0.484585 0.441993 0.484067 0.437098 0.482889 0.436748 0.483031 0.433951
