0 0.361166 0.537010 0.363368 0.534038 0.364663 0.533164 0.365699 0.535262 0.366218 0.535262 0.366218 0.543846 0.367254 0.544003 0.367383 0.553811 0.366606 0.556958 0.365311 0.554336 0.362332 0.554493 0.361684 0.552220 0.359223 0.552220 0.358575 0.550315 0.356503 0.550839 0.352876 0.546469 0.359482 0.536853
0 0.043795 0.055909 0.043407 0.070245 0.042370 0.071469 0.040168 0.067972 0.037837 0.067797 0.037837 0.066573 0.035635 0.066573 0.030583 0.059755 0.029417 0.059406 0.026956 0.055909 0.024883 0.055559 0.024365 0.053287 0.023199 0.050140 0.040946 0.039126 0.045350 0.038776 0.045479 0.040874 0.046386 0.042273 0.045479 0.043846 0.045220 0.055385
0 0.782850 0.812343 0.784793 0.812692 0.784793 0.816189 0.786865 0.816364 0.791010 0.821958 0.792047 0.821958 0.792435 0.823881 0.795285 0.827727 0.799689 0.828601 0.800078 0.824755 0.801503 0.825280 0.801503 0.816014 0.802927 0.815490 0.802668 0.806748 0.804223 0.806224 0.804093 0.795210 0.802409 0.796958 0.799301 0.796608 0.798653 0.798182 0.795674 0.798881 0.795415 0.800105 0.792047 0.800629 0.791658 0.801678 0.788031 0.802028 0.787642 0.803077 0.784016 0.804301 0.784016 0.805175 0.781684 0.806049 0.781036 0.810070
0 0.743342 0.795385 0.742047 0.824406 0.742565 0.824580 0.743083 0.826503 0.744637 0.826853 0.762254 0.812867 0.763808 0.813042 0.767435 0.808497 0.765104 0.806748 0.762513 0.804825 0.760440 0.803951 0.758497 0.800979 0.757720 0.800629 0.754482 0.796783 0.753446 0.797308 0.752409 0.796084 0.750207 0.795035 0.748394 0.791713 0.745803 0.791364 0.745544 0.794685
0 0.724041 0.705420 0.723912 0.698252 0.722098 0.695629 0.721710 0.697028 0.720155 0.697552 0.715363 0.704021 0.712513 0.704371 0.708368 0.711189 0.709793 0.711189 0.710570 0.712937 0.714456 0.712762 0.714974 0.714860 0.716658 0.715035 0.717824 0.716608 0.721969 0.716783 0.723135 0.718007 0.725596 0.718531 0.725337 0.706993
0 0.734404 0.713636 0.734793 0.717483 0.733368 0.719056 0.733368 0.721503 0.732073 0.722203 0.732073 0.725350 0.731036 0.727448 0.730648 0.729371 0.729223 0.730944 0.729352 0.737413 0.728316 0.738462 0.728316 0.740559 0.726891 0.741608 0.727150 0.744580 0.731813 0.744755 0.732461 0.743357 0.739197 0.742832 0.739456 0.741259 0.744637 0.741434 0.745544 0.739336 0.750596 0.738811 0.751114 0.736888 0.749041 0.733916 0.748912 0.731469 0.746451 0.731119 0.746192 0.728846 0.742306 0.723776 0.742306 0.720804 0.736995 0.713462
0 0.531813 0.709580 0.527021 0.709580 0.527150 0.740524 0.528705 0.741399 0.528964 0.742622 0.530259 0.740524 0.531684 0.740699 0.532461 0.739650 0.534534 0.739301 0.535829 0.737552 0.537124 0.737552 0.539197 0.733881 0.541269 0.733881 0.541528 0.732657 0.543472 0.733007 0.545674 0.728986 0.547487 0.728811 0.549430 0.726364 0.535699 0.713951 0.534275 0.713776
0 0.600984 0.773217 0.595803 0.777587 0.595674 0.780559 0.591399 0.786853 0.589715 0.785804 0.589974 0.789476 0.584275 0.796643 0.586995 0.797168 0.587772 0.798741 0.592824 0.798741 0.593342 0.799790 0.596192 0.800315 0.597098 0.802063 0.599301 0.801888 0.600984 0.804161 0.607202 0.804161 0.607850 0.802413 0.608368 0.801538 0.607461 0.800490 0.607073 0.794196 0.605777 0.793322 0.605907 0.787028 0.605000 0.786329 0.604741 0.780385 0.603705 0.779510 0.603187 0.774615
0 0.483472 0.925262 0.487487 0.924563 0.488135 0.925962 0.494482 0.926136 0.494870 0.927885 0.501865 0.928059 0.502124 0.929108 0.510415 0.929633 0.510415 0.931731 0.515725 0.932080 0.514689 0.933304 0.514689 0.936626 0.511839 0.939073 0.511580 0.941521 0.509767 0.942045 0.509637 0.943969 0.505363 0.950087 0.505622 0.951836 0.495518 0.965297 0.495000 0.964073 0.493705 0.959353 0.492409 0.957955 0.492409 0.955157 0.491244 0.954458 0.491244 0.950087 0.489948 0.948864 0.489948 0.944843 0.487228 0.939773 0.487228 0.936276 0.485933 0.934878 0.485674 0.932430 0.484637 0.931381
0 0.428290 0.860052 0.426995 0.861976 0.426477 0.864073 0.425311 0.865472 0.425052 0.869843 0.423886 0.870892 0.423627 0.873164 0.422591 0.874388 0.422202 0.877010 0.421554 0.878234 0.421813 0.880682 0.419741 0.881556 0.419870 0.884178 0.436451 0.884353 0.436710 0.883129 0.439819 0.882430 0.439689 0.879108 0.436451 0.875437 0.436451 0.872640 0.432953 0.868794 0.432953 0.866346
0 0.351593 0.965350 0.349262 0.968846 0.343044 0.983881 0.341360 0.985455 0.343044 0.985629 0.343692 0.987028 0.361308 0.987378 0.361308 0.984231 0.359106 0.979510 0.358588 0.977587 0.357552 0.977063 0.357681 0.974965 0.355609 0.972692 0.355350 0.970420
0 0.327500 0.917098 0.328018 0.925664 0.328277 0.926014 0.328666 0.932308 0.330479 0.933706 0.330220 0.941573 0.331386 0.942098 0.331904 0.946818 0.333199 0.947692 0.333070 0.956608 0.336179 0.955734 0.338251 0.951888 0.339547 0.952937 0.354443 0.931783 0.356256 0.931783 0.355997 0.928462 0.354573 0.928287 0.353925 0.926888 0.350168 0.926713 0.349650 0.924441 0.345505 0.924441 0.344598 0.922867 0.341231 0.922867 0.340842 0.921469 0.337733 0.921469 0.336697 0.920070 0.333718 0.920070 0.332940 0.918322
0 0.129935 0.080734 0.122552 0.091923 0.121516 0.090874 0.113484 0.101189 0.127992 0.110105 0.129288 0.109755 0.130065 0.112028 0.130324 0.110804 0.131360 0.110105 0.132137 0.098042 0.131231 0.097867 0.130324 0.086853
0 0.305997 0.872517 0.317655 0.872692 0.317655 0.876014 0.316619 0.877238 0.316749 0.879510 0.312474 0.884755 0.312085 0.887902 0.310920 0.887902 0.311308 0.890350 0.307163 0.895245 0.307163 0.898042 0.304573 0.900490 0.304573 0.903462 0.299650 0.903811 0.299650 0.902063 0.298225 0.900839 0.298096 0.895594 0.290583 0.877063 0.290453 0.870594 0.292137 0.870245 0.293303 0.868671 0.294080 0.870420 0.305699 0.870105
0 0.395453 0.702622 0.394948 0.700699 0.397798 0.696329 0.401166 0.696329 0.401425 0.698427 0.402332 0.699126 0.402578 0.705420 0.403497 0.706294 0.404016 0.710315 0.404793 0.711014 0.405168 0.714161 0.406347 0.715210 0.406606 0.722203 0.407902 0.722378 0.407759 0.726748 0.402073 0.727098 0.401930 0.726049 0.396891 0.725524 0.395855 0.724126 0.392098 0.723776 0.391062 0.722203 0.384715 0.721678 0.384585 0.720455 0.383549 0.719755 0.383549 0.718182 0.392617 0.704371
0 0.351166 0.751748 0.360104 0.752098 0.359974 0.759965 0.359067 0.760140 0.358536 0.765734 0.357772 0.765734 0.357642 0.768182 0.357124 0.768182 0.356477 0.772378 0.355181 0.772028 0.355181 0.776923 0.353756 0.779545 0.351684 0.779720 0.345725 0.772203 0.345583 0.769406 0.338459 0.758916 0.339249 0.755070 0.344430 0.755420 0.344935 0.753322 0.351295 0.753497
0 0.111386 0.510490 0.134573 0.511014 0.134443 0.514510 0.133666 0.516259 0.133925 0.518357 0.129650 0.523077 0.129650 0.525350 0.128614 0.526399 0.128614 0.529371 0.125764 0.531294 0.126023 0.534441 0.122785 0.538636 0.121360 0.538811 0.117733 0.529545 0.117085 0.528671 0.117085 0.524825 0.115272 0.523951 0.114106 0.521154 0.113977 0.519231 0.113199 0.519056 0.112940 0.514685
0 0.278394 0.744860 0.278277 0.755874 0.276982 0.757098 0.279041 0.759371 0.277241 0.760944 0.277358 0.779301 0.274119 0.782797 0.273355 0.781748 0.271010 0.781573 0.270622 0.777902 0.269210 0.778077 0.266736 0.774580 0.265440 0.774930 0.261295 0.768986 0.259870 0.768986 0.257409 0.765664 0.256114 0.765490 0.253018 0.760245 0.275687 0.744685
0 0.154430 0.784720 0.161813 0.785070 0.162461 0.787343 0.163251 0.785070 0.164935 0.784545 0.165194 0.786643 0.170622 0.786818 0.172319 0.789091 0.171917 0.793462 0.171269 0.793462 0.171269 0.796958 0.163497 0.806399 0.163497 0.808147 0.161308 0.810769 0.161166 0.813566 0.159223 0.814091 0.157422 0.816189 0.155984 0.816189 0.155337 0.814790 0.154948 0.814790 0.154573 0.810769 0.153536 0.809371 0.153005 0.804301 0.151982 0.804126 0.151839 0.802028 0.150803 0.800455 0.150544 0.798357 0.149508 0.798007 0.148860 0.787867 0.148096 0.787867 0.148212 0.783322 0.153653 0.782797
0 0.200933 0.746783 0.200674 0.749580 0.198873 0.750455 0.198873 0.750979 0.196282 0.751329 0.194339 0.755000 0.192254 0.755000 0.190453 0.758322 0.189275 0.758671 0.184365 0.764790 0.184624 0.767238 0.187215 0.768112 0.187863 0.770385 0.189158 0.770559 0.191995 0.774406 0.194728 0.774231 0.195635 0.775455 0.197694 0.775280 0.198342 0.777552 0.200415 0.777378 0.201464 0.780000 0.203264 0.779650 0.203523 0.781224 0.206891 0.781399 0.207293 0.764615 0.205350 0.763566 0.206891 0.761469 0.207150 0.759720 0.206114 0.757972 0.205997 0.747133 0.203795 0.744860 0.203523 0.746434
0 0.170596 0.389930 0.172798 0.393427 0.174611 0.392552 0.174223 0.394825 0.177720 0.394476 0.180570 0.398147 0.186269 0.404790 0.182383 0.410559 0.179534 0.410734 0.178886 0.412657 0.176036 0.411608 0.173705 0.415280 0.167098 0.416154 0.166839 0.409860 0.168653 0.409336 0.168782 0.394126 0.169301 0.393951
0 0.158290 0.340629 0.159456 0.341678 0.158031 0.342552 0.157513 0.349021 0.156477 0.349720 0.158549 0.351818 0.156736 0.353566 0.156995 0.361084 0.155181 0.362483 0.155699 0.368951 0.156477 0.369650 0.156865 0.371224 0.158290 0.370699 0.158679 0.368951 0.168264 0.368601 0.172539 0.363182 0.175000 0.363881 0.177461 0.360035 0.177461 0.357413 0.171891 0.349545 0.169689 0.350420 0.169689 0.346573 0.168264 0.346573 0.162824 0.339406 0.161788 0.339580 0.160104 0.337483
0 0.180596 0.654056 0.193420 0.654056 0.192124 0.655979 0.192124 0.664021 0.187850 0.671888 0.188238 0.673811 0.187202 0.674685 0.187073 0.679580 0.183446 0.683601 0.182150 0.683776 0.181632 0.680804 0.179689 0.680455 0.178782 0.677657 0.176192 0.673986 0.176062 0.672063 0.170881 0.665944 0.171140 0.661049 0.169845 0.661399 0.169974 0.657902 0.171788 0.655280 0.181244 0.656154
0 0.182422 0.359983 0.191619 0.359983 0.192008 0.361381 0.197707 0.361206 0.197837 0.363479 0.204961 0.363654 0.204961 0.365227 0.209624 0.365227 0.210013 0.366626 0.212474 0.367150 0.212863 0.370122 0.206127 0.378339 0.205997 0.380262 0.196930 0.392675 0.196801 0.393724 0.195246 0.394598 0.194469 0.397395 0.191101 0.397745 0.190712 0.395822 0.189547 0.395122 0.189288 0.390227 0.188251 0.390052 0.187992 0.383234 0.186956 0.382535 0.186826 0.377465 0.185661 0.377640 0.185142 0.374143 0.183459 0.373619 0.183977 0.366626 0.182811 0.366451
0 0.705130 0.337378 0.708756 0.337203 0.709404 0.338427 0.714067 0.339301 0.714456 0.340699 0.719767 0.340874 0.721062 0.342972 0.722228 0.342797 0.721580 0.345245 0.721451 0.347168 0.708886 0.363427 0.707461 0.360804 0.707202 0.358357 0.706036 0.358182 0.705907 0.355734 0.704482 0.354161 0.704482 0.346993 0.703834 0.346993 0.703187 0.335629
0 0.134430 0.937133 0.132617 0.939231 0.132617 0.940979 0.129637 0.945000 0.129508 0.947098 0.128472 0.947797 0.128472 0.950420 0.127176 0.951119 0.127435 0.952517 0.124067 0.956713 0.124326 0.958986 0.123161 0.959860 0.123031 0.965280 0.147642 0.964580 0.146347 0.963881 0.146477 0.960385 0.145440 0.959336 0.145440 0.957587 0.144534 0.957063 0.143756 0.953217 0.142591 0.953217 0.142591 0.950420 0.139611 0.946923 0.139741 0.945699 0.137409 0.941678 0.137409 0.939580 0.137409 0.939580
0 0.203329 0.950577 0.198407 0.951451 0.188562 0.963689 0.186619 0.963164 0.185065 0.966311 0.182604 0.966836 0.182863 0.969108 0.184935 0.973479 0.188433 0.973304 0.189339 0.975052 0.191023 0.975402 0.193355 0.978549 0.195557 0.978549 0.197111 0.979948 0.197759 0.980122 0.199054 0.981521 0.200997 0.981696 0.203070 0.984143 0.203588 0.982220 0.203977 0.982045 0.204236 0.970332 0.203199 0.968584 0.204624 0.967535 0.204624 0.961941 0.203199 0.961941
0 0.108536 0.904336 0.109054 0.915699 0.108018 0.916224 0.107241 0.919895 0.103744 0.918846 0.102707 0.916748 0.101541 0.916748 0.100505 0.916399 0.099987 0.913601 0.098692 0.912028 0.098692 0.910280 0.100505 0.909755 0.101023 0.907308 0.102966 0.907308 0.103484 0.905210 0.105687 0.905210 0.106205 0.903811
0 0.462733 0.519073 0.468692 0.519248 0.484883 0.527640 0.487604 0.527815 0.487863 0.528864 0.489676 0.530787 0.487863 0.532360 0.487215 0.536731 0.484883 0.536031 0.473614 0.552465 0.471930 0.552115 0.469858 0.556311 0.468562 0.554738 0.467785 0.553864 0.467915 0.547395 0.466231 0.546871 0.466490 0.540752 0.465453 0.540052 0.465453 0.531311 0.464288 0.531311 0.464158 0.524143
0 0.083044 0.092797 0.086541 0.092972 0.086541 0.095245 0.087966 0.096818 0.087707 0.098916 0.088873 0.099615 0.089132 0.103636 0.090557 0.104685 0.090557 0.108357 0.091852 0.108357 0.092111 0.111503 0.093148 0.111853 0.092889 0.119371 0.094184 0.119371 0.094443 0.121818 0.095738 0.122517 0.095738 0.127063 0.095868 0.127413 0.086801 0.127587 0.086023 0.125664 0.085376 0.127238 0.083044 0.127238 0.082396 0.126014 0.072293 0.125839 0.072163 0.124441 0.069184 0.123741 0.068925 0.117972 0.073977 0.112203 0.073718 0.109755 0.077992 0.103636 0.077733 0.102063 0.083044 0.095420
0 0.125790 0.069720 0.122034 0.064650 0.122293 0.057657 0.125790 0.056958 0.127085 0.055559 0.129547 0.056084 0.130842 0.054685 0.132396 0.054336 0.133821 0.052937 0.135376 0.051538 0.136153 0.050140 0.143018 0.050140 0.143925 0.058357 0.142889 0.058706 0.142630 0.064126 0.141593 0.064126 0.141205 0.076014 0.139909 0.076189 0.138744 0.082832 0.137060 0.080909 0.136412 0.079685 0.134080 0.080035 0.131490 0.075839 0.129417 0.074615 0.128510 0.073392 0.128510 0.069196
0 0.163614 0.063077 0.163614 0.067273 0.161930 0.068322 0.162837 0.072517 0.160894 0.073217 0.160635 0.078636 0.159469 0.081259 0.160117 0.085455 0.158303 0.087203 0.158562 0.092098 0.156490 0.092972 0.156619 0.099266 0.155972 0.100839 0.155972 0.103287 0.162448 0.102587 0.162837 0.101888 0.168018 0.101189 0.168148 0.099790 0.172552 0.099615 0.173718 0.098916 0.173718 0.098217 0.177085 0.097343 0.177215 0.095769 0.181878 0.095420 0.182396 0.094371 0.184728 0.094021 0.184987 0.090000 0.175790 0.076713 0.175013 0.073566 0.172422 0.073042 0.171386 0.071818 0.170997 0.069196 0.167630 0.064650 0.166982 0.065524 0.165557 0.063776
0 0.130583 0.157308 0.130453 0.185105 0.127215 0.185105 0.126697 0.183881 0.125272 0.183881 0.124495 0.181434 0.122940 0.181608 0.121904 0.180385 0.119832 0.180035 0.117241 0.176713 0.115946 0.175839 0.112578 0.170769 0.128122 0.157483
0 0.123070 0.190874 0.119961 0.200315 0.119832 0.200490 0.119313 0.204510 0.118148 0.205385 0.117889 0.209580 0.116982 0.210105 0.116723 0.214476 0.115557 0.215699 0.115168 0.223042 0.114132 0.222692 0.114391 0.226713 0.122163 0.226538 0.122422 0.225839 0.125661 0.225140 0.126049 0.224266 0.136671 0.224091 0.137578 0.221818 0.138873 0.221643 0.140039 0.220420 0.142759 0.219720 0.139909 0.215699 0.139909 0.213252 0.132008 0.204860 0.132008 0.201713 0.127085 0.195944 0.126567 0.192622
0 0.000000 0.330682 0.014119 0.330524 0.014119 0.329126 0.030829 0.328427 0.030829 0.331748 0.030181 0.331923 0.021503 0.358322 0.020350 0.362692 0.018653 0.363566 0.018005 0.366364 0.015816 0.364965 0.015674 0.362343 0.013225 0.361993 0.012694 0.356748 0.010233 0.356049 0.009987 0.353951 0.007772 0.352028 0.006995 0.348182 0.005699 0.346783 0.004534 0.343462 0.002863 0.340490 0.002591 0.339091 0.001567 0.336993 0.001425 0.334021 0.000000 0.332203
0 0.029275 0.350105 0.035894 0.349406 0.036010 0.348357 0.041969 0.348007 0.043018 0.345734 0.050907 0.346608 0.049223 0.347832 0.049223 0.352902 0.048199 0.352552 0.047552 0.359371 0.046904 0.359895 0.046904 0.362517 0.045207 0.363217 0.045337 0.366189 0.044430 0.366538 0.044313 0.371259 0.042487 0.372657 0.042746 0.374406 0.040803 0.376678 0.039249 0.376853 0.038342 0.373881 0.036269 0.373706 0.036269 0.370734 0.032008 0.366189 0.032254 0.363392 0.027073 0.357098 0.026684 0.354476 0.025531 0.352552
0 0.026425 0.400629 0.030570 0.400280 0.030311 0.404126 0.031360 0.404825 0.032254 0.408322 0.036140 0.416538 0.036140 0.425979 0.034715 0.424930 0.018264 0.424930 0.017759 0.423357 0.015544 0.423007 0.015674 0.420210 0.017228 0.418462 0.016969 0.416364 0.019301 0.413916 0.019301 0.411993 0.023834 0.406224 0.023316 0.404126 0.025648 0.403776
0 0.249845 0.141469 0.262668 0.148112 0.265130 0.148462 0.265518 0.153706 0.256969 0.164545 0.255933 0.164388 0.249585 0.173462 0.247902 0.173129 0.246995 0.170315 0.246606 0.169790 0.246218 0.164196 0.244663 0.162972 0.244663 0.154930 0.243886 0.154056 0.243756 0.147430 0.242461 0.147430 0.241813 0.142535 0.244016 0.140245 0.245699 0.139913 0.245959 0.141311
0 0.232487 0.216643 0.231969 0.218916 0.232746 0.220490 0.233005 0.224510 0.233912 0.225577 0.234041 0.229406 0.235725 0.230280 0.235855 0.237098 0.236503 0.238497 0.237021 0.243217 0.237927 0.242517 0.237927 0.247762 0.239352 0.248636 0.239352 0.251084 0.241813 0.253199 0.245959 0.248829 0.246218 0.247080 0.254896 0.235874 0.254896 0.233601 0.259041 0.228531 0.259041 0.224161 0.257746 0.222080 0.254767 0.222238 0.253860 0.221014 0.245311 0.220857 0.244793 0.219108 0.238316 0.218916 0.237927 0.216836
0 0.306023 0.187378 0.304715 0.189353 0.303549 0.192675 0.295699 0.215647 0.294974 0.217797 0.295557 0.223287 0.302681 0.223479 0.303264 0.222500 0.322163 0.221713 0.322306 0.219755 0.325518 0.214685 0.315907 0.203287 0.315907 0.199738 0.312124 0.196206 0.311839 0.192885 0.307630 0.187185
0 0.348187 0.232902 0.351386 0.232902 0.352111 0.231329 0.375661 0.225052 0.376244 0.224266 0.377992 0.223689 0.380026 0.225647 0.380453 0.228007 0.379585 0.229563 0.378860 0.234283 0.378277 0.234476 0.377837 0.238986 0.377111 0.240157 0.377254 0.242920 0.376386 0.242517 0.375078 0.251154 0.373912 0.251941 0.374352 0.255472 0.372902 0.255280 0.372759 0.259196 0.371295 0.260577 0.372021 0.264301 0.369987 0.267045 0.367228 0.267430 0.364896 0.262920 0.364326 0.260577 0.359093 0.254493 0.358938 0.251941 0.357345 0.251748 0.356762 0.247622 0.349495 0.239388 0.349935 0.238007 0.347604 0.235070
0 0.139909 0.116748 0.141464 0.113601 0.143407 0.113601 0.143536 0.115175 0.144054 0.115699 0.144443 0.117972 0.146516 0.120594 0.146516 0.122343 0.148329 0.123566 0.147422 0.126014 0.148329 0.125664 0.148977 0.128811 0.149754 0.128811 0.149495 0.133881 0.152863 0.137203 0.152863 0.140175 0.155324 0.144371 0.155712 0.148042 0.153510 0.149615 0.140557 0.149441 0.139650 0.148566 0.132396 0.148042 0.131878 0.146643 0.127604 0.146993 0.127345 0.143846 0.127733 0.143322 0.127992 0.140524 0.130712 0.137378 0.131101 0.134056 0.134858 0.132832 0.134858 0.126888 0.136023 0.124965 0.136153 0.123566 0.139780 0.119196
0 0.507163 0.526066 0.488251 0.551591 0.489028 0.552115 0.489417 0.553689 0.492526 0.553514 0.493303 0.554738 0.498614 0.555612 0.498614 0.556836 0.503795 0.557535 0.503795 0.559283 0.508329 0.558934 0.508977 0.560332 0.514158 0.561381 0.514935 0.563129 0.515453 0.552640 0.514676 0.552640 0.514158 0.547745 0.512604 0.547045 0.512085 0.540927 0.511567 0.540402 0.511438 0.534458 0.509883 0.533934 0.509883 0.528339
0 0.718225 0.449283 0.721334 0.449283 0.721218 0.455402 0.722513 0.456101 0.722513 0.464668 0.723808 0.465192 0.723808 0.477080 0.720311 0.477080 0.719780 0.474983 0.715246 0.475157 0.715130 0.473584 0.712267 0.473584 0.712008 0.470262 0.708769 0.471486 0.708264 0.470262 0.704883 0.470262 0.704767 0.468164
0 0.418899 0.322168 0.436256 0.321643 0.437552 0.323741 0.436645 0.324790 0.436775 0.327413 0.434184 0.329510 0.433925 0.335105 0.431075 0.337378 0.431723 0.339301 0.428225 0.344895 0.425246 0.339476 0.424728 0.337902 0.422785 0.334755 0.422526 0.332657 0.421360 0.331608 0.420842 0.328986 0.419158 0.327413 0.419417 0.326014 0.418381 0.324091
0 0.499080 0.302937 0.484573 0.322692 0.485091 0.323566 0.485479 0.324266 0.489236 0.325490 0.489624 0.326364 0.493251 0.326538 0.493381 0.328462 0.497008 0.328462 0.497008 0.329860 0.501541 0.329685 0.502448 0.331958 0.506334 0.331783 0.506205 0.323741 0.505816 0.323217 0.505168 0.317448 0.503744 0.315699 0.503484 0.308357 0.502578 0.307308 0.502189 0.305559 0.501023 0.302587
0 0.452189 0.401888 0.460479 0.396119 0.461127 0.394021 0.465402 0.393147 0.465790 0.391224 0.471101 0.391049 0.471360 0.416049 0.470453 0.416224 0.470194 0.419371 0.467345 0.419371 0.465013 0.416049 0.463588 0.416049 0.460997 0.412727 0.459573 0.412727 0.457111 0.409231 0.454650 0.408357 0.452189 0.404510
0 0.551075 0.128689 0.552500 0.130962 0.552889 0.133234 0.555868 0.136556 0.555868 0.139003 0.559365 0.143024 0.559365 0.145997 0.562085 0.150367 0.562733 0.152990 0.563381 0.154213 0.563769 0.155612 0.567008 0.160507 0.569987 0.156136 0.569987 0.153689 0.571023 0.152640 0.571412 0.151416 0.572189 0.150192 0.572189 0.147220 0.575557 0.143899 0.575039 0.142150 0.576205 0.141451 0.576334 0.138129 0.577500 0.138129 0.576852 0.133059 0.579961 0.130087 0.580350 0.125542 0.554054 0.125892
0 0.669275 0.053444 0.666425 0.057990 0.664352 0.057640 0.664741 0.060087 0.663187 0.061136 0.663575 0.063759 0.660855 0.066731 0.660855 0.068129 0.660078 0.069353 0.658912 0.073024 0.657098 0.076521 0.657098 0.078094 0.655933 0.079493 0.657487 0.080192 0.658394 0.081241 0.668238 0.081416 0.669145 0.083514 0.678212 0.084038 0.679508 0.082115 0.679767 0.078794 0.678860 0.078794 0.678083 0.074073 0.674715 0.070402 0.674845 0.065507 0.673938 0.064808 0.671995 0.058864 0.670699 0.054493
0 0.828005 0.066766 0.827759 0.076206 0.826969 0.077255 0.826710 0.085472 0.825674 0.086696 0.827358 0.087570 0.825285 0.088794 0.825168 0.095962 0.831891 0.095962 0.832409 0.094213 0.834741 0.094563 0.837332 0.091591 0.843549 0.090717 0.846658 0.087220 0.848083 0.087220 0.848342 0.082850 0.842902 0.075507 0.841865 0.075682 0.833977 0.065017 0.832409 0.064843 0.831503 0.063269 0.829443 0.062920 0.829948 0.065192
0 0.315984 0.261224 0.316114 0.264196 0.327642 0.277657 0.328290 0.278007 0.329456 0.279406 0.331917 0.279406 0.331399 0.267517 0.332953 0.267867 0.332565 0.261399 0.334378 0.260000 0.334119 0.254056 0.334767 0.253357 0.335155 0.247413 0.331528 0.248112 0.331010 0.248986 0.328549 0.249685 0.328031 0.251783 0.322850 0.251783 0.322461 0.253357 0.319482 0.253182 0.319223 0.255105 0.315725 0.255105 0.313653 0.257203 0.314171 0.261224
0 0.121749 0.771783 0.126153 0.765839 0.129132 0.765839 0.129132 0.768287 0.130687 0.768986 0.129909 0.774056 0.131464 0.775455 0.131464 0.780000 0.133148 0.781049 0.133018 0.784371 0.134054 0.785769 0.134184 0.790140 0.135609 0.792587 0.135997 0.796608 0.137422 0.799406 0.137293 0.800455 0.129262 0.800629 0.128484 0.798881 0.124987 0.798881 0.124210 0.797308 0.116826 0.796958 0.116179 0.795734 0.112811 0.795559 0.112034 0.793287 0.109443 0.792937 0.113847 0.785769 0.113459 0.783846 0.122526 0.773531
0 0.787396 0.440542 0.787785 0.443164 0.784288 0.446661 0.785725 0.447710 0.784935 0.449108 0.784806 0.452430 0.783394 0.453479 0.783782 0.455227 0.794404 0.456451 0.796736 0.453829 0.795052 0.452780 0.795168 0.449108 0.792578 0.446486 0.792202 0.444388 0.789987 0.440542
0 0.848407 0.444563 0.849845 0.471311 0.858769 0.460822 0.860712 0.462395 0.865246 0.454878 0.865246 0.452955 0.854106 0.446136 0.852293 0.446136 0.851256 0.444738
0 0.797889 0.609021 0.812526 0.608671 0.812526 0.610594 0.811231 0.611294 0.811231 0.613916 0.810065 0.614266 0.809676 0.618462 0.808251 0.618287 0.808510 0.621608 0.806308 0.622133 0.803329 0.618811 0.803588 0.615839 0.802811 0.615664 0.801904 0.614266 0.799702 0.613392 0.799702 0.612168
0 0.765117 0.555874 0.761749 0.551853 0.761878 0.549406 0.775220 0.548881 0.776127 0.547832 0.780402 0.547483 0.781438 0.548706 0.781956 0.547133 0.785972 0.546958 0.786619 0.549406 0.787008 0.552203 0.785194 0.553077 0.785065 0.557098 0.783769 0.557972 0.783640 0.561119 0.782733 0.559895 0.782345 0.564091 0.779495 0.566364 0.780013 0.570734 0.773925 0.578776 0.773666 0.575280 0.771075 0.572308 0.770557 0.569336 0.768484 0.568287 0.768355 0.564091 0.766321 0.560315
0 0.769275 0.634878 0.769016 0.638899 0.770440 0.639248 0.770699 0.642395 0.771736 0.642570 0.771865 0.647640 0.773290 0.648689 0.773290 0.651311 0.774456 0.652010 0.774326 0.658129 0.777047 0.661101 0.777047 0.662150 0.778860 0.662675 0.784819 0.654808 0.784819 0.652535 0.787668 0.648864 0.787539 0.647290 0.792850 0.640297 0.792720 0.636976 0.790777 0.636276 0.790259 0.634528 0.781321 0.634353 0.781062 0.632780 0.775104 0.633479 0.773938 0.631731 0.770052 0.631031 0.768523 0.633217
0 0.735829 0.905524 0.741399 0.913741 0.742565 0.913916 0.742824 0.915315 0.745285 0.915664 0.747487 0.919161 0.749041 0.919161 0.749560 0.918112 0.750466 0.917587 0.751373 0.909895 0.752409 0.909545 0.752668 0.898706 0.751762 0.899231 0.750855 0.897133 0.749689 0.897308 0.749430 0.897657 0.746321 0.898531 0.744767 0.899930 0.741658 0.900455 0.740492 0.902028 0.739197 0.902028 0.738679 0.902727 0.736788 0.904196
