0 0.405583 0.634843 0.405453 0.646556 0.404288 0.648479 0.409858 0.648829 0.410117 0.647080 0.413614 0.646381 0.414262 0.644983 0.416464 0.644633 0.416593 0.643934 0.419054 0.643409 0.421256 0.642185 0.424883 0.641661 0.425013 0.639738 0.428122 0.639738 0.431360 0.634843 0.430712 0.633444 0.429547 0.631871 0.428640 0.631521 0.414132 0.611941 0.412837 0.612115 0.411282 0.609668 0.410764 0.611591 0.409598 0.612465 0.409339 0.619633 0.407785 0.619808 0.408174 0.628899 0.407008 0.628724 0.407137 0.633269
0 0.104896 0.008601 0.086762 0.026783 0.085984 0.025909 0.082876 0.030455 0.084819 0.035350 0.106321 0.048811 0.108394 0.048462 0.108782 0.017168 0.107617 0.017343 0.107098 0.010350
0 0.178433 0.059808 0.180505 0.063304 0.182189 0.062255 0.181930 0.065577 0.184391 0.065577 0.190479 0.074668 0.192293 0.074843 0.197215 0.082010 0.198251 0.081661 0.204339 0.085507 0.209780 0.043374 0.210687 0.043549 0.210687 0.040577 0.209262 0.039178 0.207189 0.041451 0.194301 0.050000
0 0.171826 0.117238 0.179080 0.127378 0.180376 0.127378 0.184650 0.132622 0.191127 0.137343 0.196308 0.143636 0.197733 0.129476 0.199028 0.128776 0.199288 0.116189 0.200712 0.114266 0.200324 0.100804
0 0.330117 0.053077 0.330246 0.060245 0.330894 0.060245 0.331412 0.069685 0.332060 0.069685 0.332189 0.076154 0.333614 0.077378 0.334132 0.083497 0.334909 0.084371 0.335298 0.091014 0.336593 0.092063 0.336852 0.093986 0.337889 0.093811 0.340738 0.091189 0.341516 0.091189 0.351490 0.077902 0.352655 0.078776 0.361334 0.067413 0.361205 0.066014 0.359909 0.062692 0.357060 0.063392 0.356930 0.061119 0.351360 0.060594 0.350712 0.059545 0.348640 0.059021 0.348251 0.057622 0.345013 0.057273 0.344624 0.055699 0.339313 0.055699 0.339313 0.054126 0.336982 0.054650 0.336205 0.052203
0 0.373510 0.040140 0.401490 0.040490 0.386593 0.076853 0.385168 0.076503 0.384909 0.075105 0.373251 0.051678 0.372863 0.047483 0.371567 0.046434 0.371697 0.044161 0.370402 0.042587
0 0.418588 0.019685 0.418459 0.024056 0.417681 0.024406 0.410168 0.055524 0.409003 0.055524 0.409132 0.063217 0.416127 0.062692 0.416645 0.060944 0.421438 0.061294 0.422215 0.058846 0.427526 0.059021 0.429210 0.057972 0.433484 0.057972 0.434003 0.055699 0.439054 0.055350 0.441386 0.052902 0.441516 0.049755 0.432448 0.038916 0.431995 0.035490 0.420272 0.018986
0 0.459845 0.144580 0.435298 0.159895 0.441904 0.170559 0.443977 0.170909 0.452267 0.182972 0.453821 0.182448 0.458355 0.188741 0.463407 0.154476 0.464443 0.153077 0.464573 0.144685
0 0.519495 0.111469 0.519106 0.114790 0.518588 0.115140 0.518329 0.148881 0.521438 0.148706 0.539702 0.134021 0.541127 0.134371 0.541127 0.130874 0.537370 0.126154 0.535816 0.127203 0.533225 0.122133 0.531412 0.122657 0.529339 0.118112 0.528044 0.120035 0.523251 0.115315
0 0.665440 0.084615 0.688756 0.075175 0.688756 0.080245 0.687979 0.080944 0.687461 0.087937 0.686295 0.088636 0.686425 0.094755 0.685518 0.094231 0.685259 0.102797 0.684223 0.103147 0.684093 0.106469 0.682668 0.107168 0.673212 0.093881 0.671399 0.094406 0.666995 0.088112 0.666995 0.088112
0 0.726580 0.008566 0.726710 0.013287 0.723990 0.016434 0.724378 0.017832 0.710648 0.043881 0.707927 0.038811 0.707539 0.035140 0.704041 0.031294 0.703523 0.025524 0.699896 0.020804 0.699508 0.016958 0.698860 0.014510 0.697953 0.012587 0.696658 0.009091 0.697047 0.008042 0.718938 0.006993 0.719197 0.009091
0 0.733316 0.017657 0.728653 0.025000 0.727746 0.024126 0.721399 0.034091 0.719456 0.033392 0.719197 0.034790 0.718420 0.034965 0.718161 0.038112 0.715699 0.038811 0.715052 0.041434 0.716865 0.042832 0.743420 0.055944 0.743549 0.048951 0.742772 0.048951 0.742124 0.039510 0.740699 0.037762 0.740959 0.031818 0.739404 0.031119 0.739663 0.022902 0.738497 0.022203 0.738497 0.015559
0 0.796788 0.120210 0.802746 0.120909 0.824767 0.120385 0.825557 0.118462 0.829301 0.118287 0.829443 0.116888 0.820881 0.100804 0.820881 0.098007 0.812604 0.078776 0.808446 0.090490 0.803795 0.097133 0.803148 0.102203 0.800946 0.105524 0.800298 0.108497
0 0.878277 0.119860 0.878523 0.131049 0.876982 0.130699 0.876723 0.146958 0.876075 0.146434 0.874132 0.164441 0.907163 0.147657 0.907163 0.147133 0.900415 0.136818 0.898472 0.136818 0.896412 0.133322 0.894067 0.132448 0.889676 0.126329 0.888238 0.126329 0.884106 0.120210 0.881516 0.118636
0 0.911166 0.285157 0.913497 0.285157 0.914016 0.286381 0.921917 0.286556 0.922047 0.287955 0.926321 0.288304 0.925803 0.292150 0.922953 0.297570 0.922435 0.301416 0.921010 0.299493 0.918808 0.302815 0.918808 0.304738 0.914793 0.305612 0.914404 0.301941 0.912979 0.300542 0.913109 0.294423 0.911684 0.293724 0.911813 0.288479
0 0.792642 0.295647 0.792254 0.303339 0.793290 0.303689 0.793808 0.312955 0.794974 0.313129 0.795233 0.321346 0.795881 0.321346 0.796010 0.326941 0.793290 0.326766 0.792772 0.324668 0.787461 0.325192 0.787332 0.322920 0.785777 0.323619 0.785389 0.321696 0.781244 0.321521 0.779041 0.319248 0.777746 0.320122 0.776969 0.318199 0.775933 0.318199 0.774249 0.316101 0.772047 0.316101 0.783834 0.299143 0.785777 0.299143 0.789275 0.293374
0 0.286464 0.320734 0.295661 0.350804 0.295661 0.354301 0.298251 0.355524 0.303692 0.349056 0.303044 0.345559 0.306282 0.342413 0.306282 0.340839 0.311334 0.334720 0.310816 0.331573 0.314573 0.327552 0.314573 0.323007 0.311982 0.323007 0.311593 0.321084 0.307578 0.321783 0.307189 0.319510 0.298381 0.320035 0.297604 0.318636 0.288018 0.318462
0 0.791477 0.368374 0.791218 0.363479 0.788109 0.364003 0.787979 0.365052 0.784741 0.365577 0.783964 0.367500 0.780078 0.367500 0.779689 0.368724 0.776969 0.369073 0.776192 0.369773 0.772306 0.371346 0.769585 0.372570 0.765570 0.376416 0.767642 0.380437 0.768031 0.383409 0.769974 0.384458 0.774508 0.390752 0.778653 0.390927 0.778394 0.394423 0.785389 0.400717 0.785907 0.400192 0.786166 0.395297 0.786943 0.394073 0.786943 0.386381 0.788627 0.385332 0.788886 0.378164 0.790311 0.377115 0.789404 0.369248
0 0.694780 0.483829 0.717630 0.507832 0.692176 0.522203 0.689974 0.524126 0.690233 0.511871 0.691658 0.511871 0.691269 0.489598 0.692435 0.489773 0.692694 0.484003
0 0.842124 0.463654 0.842254 0.477290 0.841347 0.477465 0.841088 0.490752 0.839922 0.491276 0.839663 0.501416 0.843549 0.501766 0.863238 0.488654 0.865440 0.489528 0.865440 0.484633 0.863756 0.483584 0.859741 0.479388 0.857668 0.478689 0.853782 0.475192 0.853523 0.471696 0.851321 0.472045 0.851192 0.470647 0.848990 0.470647 0.845104 0.465052
0 0.723083 0.379493 0.722578 0.388759 0.719067 0.388059 0.718692 0.384563 0.717008 0.384038 0.715570 0.381941 0.713886 0.381591 0.709482 0.375647 0.707681 0.375647 0.705738 0.373374 0.705997 0.370227 0.708977 0.365157 0.712863 0.365157 0.715570 0.361311 0.718951 0.361136 0.718692 0.359563 0.722578 0.360087 0.722578 0.357640 0.725026 0.358164 0.725285 0.369528 0.723990 0.370227 0.723705 0.378497
0 0.690959 0.376346 0.690052 0.378444 0.688251 0.377745 0.688251 0.379668 0.680337 0.390332 0.680337 0.392080 0.678653 0.394178 0.682150 0.395227 0.682539 0.396626 0.687073 0.396451 0.687073 0.398199 0.691218 0.397675 0.691347 0.400122 0.695104 0.399773 0.695233 0.387360 0.694456 0.387185 0.694339 0.381416 0.693161 0.381416 0.692785 0.377570
0 0.597306 0.379493 0.597047 0.387885 0.596140 0.388234 0.595751 0.409038 0.597435 0.409213 0.598873 0.407815 0.601192 0.406941 0.613769 0.397850 0.615065 0.398199 0.615181 0.395577 0.610907 0.390507 0.610142 0.390332 0.606645 0.386486 0.605466 0.386311 0.603523 0.382990 0.601464 0.382640 0.599521 0.379493
0 0.567772 0.316801 0.566865 0.318549 0.564793 0.318024 0.564016 0.319073 0.559482 0.320297 0.541477 0.331486 0.550544 0.344248 0.551192 0.344248 0.558834 0.354913 0.561036 0.354738 0.563109 0.358409 0.564145 0.354038 0.565440 0.353164 0.566088 0.342675 0.567124 0.342325 0.567254 0.337255 0.568808 0.333584 0.567383 0.333059 0.567902 0.331836 0.569067 0.331486 0.568549 0.325892 0.569845 0.325192 0.569845 0.316801
0 0.483316 0.245122 0.486684 0.245122 0.487073 0.267150 0.485907 0.267325 0.485648 0.273794 0.484352 0.272745 0.483705 0.270997 0.482539 0.270997 0.482280 0.269073 0.480337 0.269248 0.478135 0.265752 0.476839 0.266801 0.472435 0.260507 0.470363 0.259808 0.469067 0.257885 0.469067 0.255612 0.475933 0.248794 0.478912 0.248269 0.479430 0.246346 0.482409 0.246871
0 0.198912 0.255612 0.219249 0.281906 0.218251 0.285717 0.214443 0.286486 0.213731 0.288584 0.211192 0.287815 0.210207 0.290105 0.204974 0.290297 0.204702 0.291626 0.201451 0.290874 0.201023 0.292587 0.196645 0.293916 0.196645 0.295629 0.190570 0.295437 0.190855 0.286871 0.191282 0.286678 0.191425 0.279441 0.192409 0.280192 0.192979 0.273339 0.195091 0.273724 0.194676 0.267990 0.195518 0.266276 0.195946 0.258654 0.197215 0.257325 0.197073 0.255612
0 0.892124 0.360192 0.917254 0.377325 0.911295 0.385542 0.910130 0.384843 0.908834 0.386241 0.907409 0.385892 0.903523 0.391661 0.902098 0.391136 0.899508 0.394983 0.898472 0.394633 0.894067 0.401451 0.892383 0.400577 0.892383 0.396031 0.891477 0.394808 0.891477 0.392710 0.892254 0.392010 0.892513 0.388164 0.891477 0.388514 0.891218 0.383444 0.893161 0.381696 0.891477 0.380997 0.891218 0.370682 0.889922 0.370507 0.889534 0.361066
0 0.619041 0.425402 0.618653 0.436766 0.617630 0.436766 0.617487 0.445682 0.616839 0.445682 0.616839 0.453724 0.616334 0.454423 0.615415 0.458094 0.612824 0.463514 0.612448 0.460367 0.609067 0.459143 0.607772 0.458269 0.607513 0.455647 0.606477 0.454948 0.603627 0.451451 0.601554 0.450227 0.601036 0.448304 0.598964 0.446731 0.597552 0.446031 0.589378 0.437115 0.616062 0.423129 0.619819 0.423479
0 0.543925 0.345839 0.533821 0.358252 0.534080 0.361573 0.532396 0.363671 0.530712 0.363671 0.529935 0.366469 0.523199 0.376259 0.525920 0.376958 0.526697 0.378881 0.529806 0.379056 0.530583 0.380280 0.535505 0.380979 0.535635 0.383252 0.540039 0.382028 0.541075 0.383252 0.542889 0.383776 0.545091 0.384650 0.553122 0.385874 0.553251 0.379056 0.552085 0.377308 0.551826 0.372063 0.550661 0.371538 0.550661 0.367867 0.548977 0.367517 0.548977 0.362448 0.547940 0.361573 0.547940 0.355629 0.546386 0.354231 0.546645 0.349685 0.545997 0.349161
0 0.543795 0.385524 0.544443 0.398287 0.545350 0.398986 0.544832 0.422937 0.546256 0.423287 0.546645 0.430105 0.552733 0.429406 0.561023 0.415769 0.563614 0.416119 0.566852 0.411399 0.569313 0.411049 0.570997 0.408427 0.571127 0.403881 0.569573 0.403881 0.569313 0.402308 0.567111 0.402308 0.565168 0.400035 0.562578 0.401084 0.559598 0.396888 0.557396 0.396888 0.556231 0.394615 0.554547 0.394790 0.552085 0.391993 0.551049 0.391993 0.549365 0.389545 0.549365 0.389545 0.547293 0.388846
0 0.428536 0.391783 0.429054 0.416084 0.433070 0.415909 0.447448 0.402797 0.451852 0.397220 0.452111 0.395472 0.433588 0.381119 0.432163 0.380944 0.430997 0.379895 0.429054 0.382168 0.429443 0.383916 0.428148 0.384266 0.427500 0.390909
0 0.358588 0.417133 0.356775 0.419406 0.355997 0.419406 0.351723 0.425350 0.350427 0.424825 0.347060 0.430769 0.345635 0.430070 0.342655 0.433566 0.341490 0.432867 0.336438 0.440052 0.334754 0.440927 0.333070 0.443007 0.333459 0.445105 0.335013 0.448252 0.337604 0.448252 0.357163 0.461031 0.361308 0.462063 0.361956 0.462937 0.362733 0.444056 0.361956 0.443549 0.361049 0.427815 0.359495 0.425350 0.360013 0.417483
0 0.164611 0.560909 0.179249 0.560734 0.179508 0.558986 0.184560 0.558636 0.184301 0.556713 0.182876 0.555839 0.182617 0.552867 0.181451 0.552517 0.181321 0.549545 0.177694 0.545699 0.177306 0.542378 0.176788 0.541853 0.176010 0.538706 0.173938 0.536958 0.172772 0.536608 0.172513 0.539056 0.169404 0.541503 0.169922 0.544476 0.168627 0.545350 0.169016 0.550245 0.168109 0.550070 0.166295 0.552517 0.166554 0.557063 0.164870 0.557937
0 0.351308 0.578899 0.351049 0.583444 0.349883 0.584143 0.349495 0.593934 0.348329 0.594983 0.348329 0.604598 0.347552 0.606171 0.347422 0.617010 0.351567 0.616836 0.352215 0.615262 0.371904 0.606171 0.373977 0.604423 0.374365 0.601626 0.366334 0.591311 0.365168 0.591311 0.362578 0.587990 0.361023 0.587815 0.359080 0.585717 0.358303 0.582570 0.357396 0.582570 0.353122 0.576801
0 0.459210 0.613339 0.476956 0.628024 0.477215 0.628024 0.479028 0.629248 0.479028 0.631521 0.458433 0.646906 0.458692 0.613864
0 0.675026 0.585664 0.675285 0.594056 0.673731 0.594406 0.673342 0.609790 0.672565 0.610664 0.672047 0.614860 0.673472 0.614860 0.672694 0.616958 0.672435 0.621678 0.670881 0.623776 0.676192 0.623951 0.696528 0.612063 0.696917 0.610839 0.698212 0.609091 0.698212 0.607692 0.692513 0.599650 0.691606 0.600175 0.690829 0.598951 0.687979 0.597727 0.684482 0.593182 0.683446 0.593007 0.679041 0.587413 0.678394 0.587413
0 0.808459 0.690647 0.839288 0.670192 0.839547 0.701136 0.838122 0.701661 0.837733 0.711276 0.834624 0.711276 0.833459 0.707605 0.829443 0.708129 0.826205 0.702010 0.813640 0.693619 0.813510 0.692220
0 0.886567 0.645017 0.911826 0.645192 0.911567 0.650087 0.902889 0.670892 0.902111 0.672815 0.901334 0.674913 0.898744 0.680332 0.897578 0.678059 0.896801 0.678759 0.896801 0.673339 0.894339 0.670717 0.893692 0.668444 0.889676 0.662675 0.889676 0.661101 0.888640 0.659703 0.888381 0.657430 0.886697 0.654458 0.885920 0.652535 0.885272 0.651661 0.884883 0.647640
0 0.960803 0.732920 0.982306 0.764563 0.983342 0.764388 0.984119 0.761766 0.984767 0.757395 0.985415 0.757220 0.985415 0.750577 0.986321 0.750752 0.990984 0.731346 0.991891 0.730472 0.991762 0.723829 0.985285 0.723654 0.984767 0.725052 0.979585 0.725227 0.979326 0.726626 0.974275 0.727325 0.973886 0.729248 0.965984 0.729948
0 0.929197 0.734668 0.958990 0.736941 0.942798 0.778549 0.925311 0.741661 0.925052 0.736941 0.929715 0.736766
0 0.963433 0.822640 0.965505 0.819318 0.966671 0.819843 0.967448 0.818269 0.969780 0.818444 0.969391 0.822640 0.971075 0.822815 0.970946 0.830157 0.971982 0.830157 0.972111 0.835927 0.973666 0.837500 0.973666 0.843969 0.975609 0.844843 0.975091 0.859353 0.973148 0.858304 0.972759 0.856731 0.969650 0.856556 0.969650 0.854983 0.963174 0.854283 0.963174 0.852885 0.960842 0.853059 0.960194 0.851836 0.956438 0.850962 0.955661 0.849038 0.953070 0.849563 0.951904 0.847990 0.948666 0.847640 0.948277 0.845892 0.949832 0.844143 0.949184 0.842045 0.962008 0.824913 0.964080 0.824913
0 0.928070 0.875612 0.935324 0.875612 0.935842 0.874388 0.940117 0.873514 0.941023 0.875087 0.947370 0.876136 0.948148 0.874213 0.950091 0.874213 0.953070 0.878234 0.941671 0.904633 0.939339 0.905332 0.934417 0.893269 0.933769 0.891171 0.930920 0.888374 0.929883 0.882605 0.927422 0.880857
0 0.775052 0.805909 0.791373 0.806434 0.791373 0.809406 0.790725 0.810455 0.789689 0.815699 0.779326 0.841049 0.777642 0.841049 0.777383 0.838601 0.774534 0.835804 0.774922 0.832657 0.773627 0.831958 0.773756 0.829860 0.771166 0.825664 0.771166 0.824266 0.768057 0.820420 0.768316 0.818322 0.765984 0.815699 0.765984 0.813427 0.764689 0.812552 0.764560 0.807832 0.769223 0.807133 0.769611 0.805734 0.771813 0.805559 0.772073 0.808182 0.774793 0.807832
0 0.083847 0.694371 0.084106 0.703986 0.083070 0.704510 0.082552 0.730734 0.081127 0.732832 0.078277 0.733007 0.076982 0.730210 0.076205 0.730210 0.073873 0.727063 0.071930 0.727762 0.069987 0.723392 0.067526 0.723392 0.065972 0.719371 0.064288 0.720070 0.060531 0.715699 0.058459 0.714301 0.057163 0.709406 0.079054 0.691573 0.080997 0.692448 0.082293 0.690350 0.082422 0.692972
0 0.062345 0.805559 0.067915 0.805909 0.089417 0.819196 0.087345 0.819720 0.086956 0.823392 0.083588 0.825140 0.082681 0.827762 0.080868 0.831434 0.079313 0.830035 0.074650 0.836853 0.073355 0.836853 0.069728 0.840699 0.068044 0.842797 0.067655 0.837727 0.066231 0.836503 0.065972 0.832657 0.064806 0.831783 0.066360 0.829685 0.066619 0.826713 0.065194 0.826364 0.065194 0.817797 0.063510 0.817972 0.063122 0.808881
0 0.288316 0.689003 0.280285 0.700192 0.278860 0.699843 0.276528 0.702290 0.274715 0.702290 0.268368 0.712255 0.267461 0.711731 0.265907 0.713829 0.267591 0.718899 0.270440 0.719423 0.296736 0.733934 0.296606 0.727815 0.295052 0.726416 0.295052 0.714178 0.293886 0.714003 0.294275 0.700367 0.292850 0.700192 0.292720 0.692500 0.291554 0.691276 0.291295 0.689003
0 0.251269 0.757710 0.250104 0.758934 0.250233 0.760332 0.247902 0.764178 0.247642 0.765752 0.242461 0.773619 0.242202 0.775717 0.240907 0.776766 0.241036 0.779563 0.238705 0.782885 0.238705 0.784983 0.236762 0.785507 0.236891 0.788654 0.235725 0.789878 0.237150 0.791276 0.243497 0.791626 0.245052 0.792675 0.255933 0.793549 0.256969 0.795472 0.265130 0.795297 0.265907 0.794073 0.266425 0.793199 0.255415 0.759283 0.254637 0.754738 0.253601 0.757010
0 0.208005 0.863829 0.207358 0.880087 0.208135 0.880437 0.208523 0.901066 0.209301 0.901416 0.210078 0.903864 0.211373 0.903339 0.212539 0.901066 0.213446 0.901941 0.218368 0.896171 0.218497 0.895297 0.221477 0.894948 0.226788 0.887955 0.228472 0.887955 0.231192 0.884808 0.232358 0.884108 0.232746 0.881311 0.234430 0.879563 0.233912 0.876941 0.230933 0.877640 0.230544 0.876066 0.229119 0.875892 0.228212 0.873969 0.224456 0.874143 0.223549 0.872045 0.222254 0.873444 0.220829 0.870472 0.218497 0.871521 0.215777 0.868374 0.213834 0.867150 0.213316 0.864703 0.211373 0.865927
0 0.219016 0.930262 0.227824 0.930087 0.227824 0.931836 0.244404 0.939528 0.243497 0.941451 0.243238 0.943374 0.227953 0.963479 0.227565 0.963304 0.226010 0.964878 0.225104 0.961731 0.224326 0.960682 0.224585 0.956836 0.222513 0.955962 0.223161 0.947920 0.221865 0.947220 0.221995 0.939878 0.220570 0.938129 0.220570 0.935857 0.219016 0.934983
0 0.289028 0.808794 0.289560 0.819056 0.296282 0.828374 0.296282 0.831713 0.301399 0.840052 0.302293 0.844825 0.305298 0.845787 0.306360 0.839336 0.311308 0.834091 0.310596 0.831469 0.318562 0.815717 0.319443 0.815000 0.319443 0.808566
0 0.469028 0.927168 0.469909 0.960087 0.470622 0.961049 0.471140 0.964860 0.474326 0.964860 0.479806 0.958182 0.480518 0.958182 0.484404 0.952692 0.486347 0.952465 0.489715 0.946976 0.491658 0.947692 0.495376 0.943392 0.494482 0.939808 0.481399 0.933374
0 0.502979 0.865122 0.502720 0.872115 0.501295 0.872290 0.501036 0.881031 0.500389 0.881206 0.500389 0.887325 0.498964 0.888899 0.499611 0.893269 0.519301 0.883479 0.520466 0.882605 0.516580 0.876486 0.516192 0.876486 0.507513 0.864598 0.505959 0.864598 0.504404 0.863549
0 0.541839 0.846941 0.569171 0.846941 0.568264 0.848164 0.567358 0.851836 0.558161 0.872815 0.558031 0.877010 0.556606 0.877010 0.555699 0.879983 0.553368 0.880507 0.550777 0.875787 0.546762 0.864073 0.543394 0.858654 0.543005 0.856206 0.540285 0.852535 0.540285 0.847990
0 0.538990 0.811976 0.540803 0.816346 0.541580 0.820192 0.543653 0.819143 0.544171 0.822465 0.551684 0.832430 0.551295 0.834003 0.555311 0.837675 0.556606 0.839423 0.557642 0.840472 0.559197 0.837150 0.559456 0.833129 0.560622 0.830332 0.566321 0.806206 0.567487 0.804458 0.565544 0.803059 0.561269 0.803409 0.560363 0.805507 0.555440 0.805857 0.555311 0.807430 0.548316 0.808304 0.548316 0.809703 0.541969 0.809178 0.541839 0.811101
0 0.605181 0.793619 0.607124 0.793619 0.607513 0.795367 0.609585 0.794668 0.623316 0.803934 0.626295 0.803759 0.626554 0.776661 0.623964 0.772815 0.622539 0.775087 0.621632 0.774213 0.617617 0.779808 0.616192 0.778234 0.613472 0.783129 0.612435 0.782780 0.609456 0.786626 0.608161 0.786626 0.608290 0.789773 0.605440 0.790297
0 0.603497 0.723514 0.601425 0.725612 0.601684 0.728584 0.593264 0.738024 0.594041 0.739598 0.586010 0.750437 0.586140 0.752885 0.586788 0.754108 0.587953 0.754458 0.590155 0.754983 0.590415 0.755857 0.593135 0.756556 0.608290 0.759178 0.608938 0.761451 0.611528 0.761451 0.612306 0.760402 0.613601 0.760052 0.614119 0.757605 0.613212 0.756381 0.613083 0.751311 0.611010 0.751486 0.611140 0.746766 0.610622 0.746241 0.610492 0.741171 0.608679 0.740297 0.608938 0.736976 0.607383 0.736101 0.607772 0.731206 0.606347 0.730857 0.606218 0.726836 0.604922 0.726661
