0 0.807137 0.533846 0.807267 0.541189 0.807915 0.541538 0.808174 0.544161 0.810376 0.547133 0.810505 0.545035 0.812319 0.541713 0.812966 0.541888 0.815298 0.540140 0.815687 0.535070 0.813484 0.535420 0.813484 0.532797
0 0.920466 0.944423 0.933549 0.943724 0.933679 0.946171 0.932772 0.947220 0.932902 0.953689 0.932124 0.954213 0.931347 0.959458 0.926554 0.959633 0.926554 0.956136 0.924482 0.956136 0.920078 0.950542
0 0.659301 0.046206 0.659301 0.048654 0.666166 0.067360 0.665907 0.069808 0.668497 0.069808 0.672124 0.065787 0.672124 0.063164 0.673290 0.062990 0.673290 0.059843 0.674456 0.059318 0.674715 0.057220 0.677306 0.053724 0.677435 0.051801 0.678342 0.050577 0.678342 0.048479 0.677306 0.045857 0.661373 0.045682
0 0.973834 0.910507 0.973964 0.914353 0.975648 0.916101 0.978109 0.915927 0.978109 0.919248 0.981218 0.919423 0.981477 0.918199 0.983031 0.917150 0.983290 0.913304 0.984067 0.912080 0.984326 0.909808 0.985492 0.908409 0.985492 0.898094 0.978627 0.898444 0.978627 0.899493 0.976554 0.899493 0.976036 0.900542 0.972927 0.901766 0.970725 0.904388 0.970596 0.906136 0.971373 0.907185 0.971632 0.910682
0 0.695440 0.045682 0.695829 0.049003 0.697513 0.048654 0.703860 0.057570 0.705155 0.057920 0.706710 0.055997 0.707228 0.050577 0.708523 0.048654 0.708264 0.043934 0.709560 0.043584 0.709689 0.031346 0.706839 0.031171 0.706321 0.032220 0.701140 0.032920 0.701140 0.035017 0.696477 0.035017 0.695311 0.036241 0.694016 0.036241 0.691295 0.039038 0.691813 0.043234 0.692979 0.045507
0 0.783523 0.019633 0.783653 0.034143 0.784171 0.034668 0.784948 0.038164 0.786632 0.038514 0.787409 0.036766 0.788834 0.036591 0.791036 0.032745 0.793109 0.034143 0.800622 0.024003 0.797513 0.019283 0.796347 0.019633 0.795570 0.016836 0.792332 0.017360 0.791554 0.015787 0.789482 0.015787 0.788834 0.013689 0.784171 0.013864 0.781969 0.015612 0.782228 0.018234
0 0.854495 0.082308 0.856567 0.082657 0.854624 0.084231 0.854883 0.092448 0.856438 0.092448 0.857604 0.094895 0.860324 0.094545 0.865635 0.087552 0.867448 0.087378 0.867707 0.085105 0.870427 0.081958 0.870427 0.078986 0.871852 0.077063 0.868744 0.077063 0.867966 0.075664 0.864858 0.075140 0.864210 0.073916 0.860972 0.073392 0.858122 0.069895 0.857215 0.071643 0.856308 0.069545 0.853977 0.071993 0.853977 0.075839 0.855272 0.076189
0 0.757681 0.123182 0.757422 0.129476 0.756127 0.129825 0.755350 0.128427 0.749262 0.127378 0.748873 0.126329 0.744987 0.125280 0.744858 0.123531 0.746023 0.123182 0.746282 0.120035 0.748614 0.116713 0.749003 0.114441 0.750816 0.113741 0.751334 0.112343 0.752889 0.111643 0.756386 0.115315 0.755997 0.121608
0 0.288808 0.376171 0.288938 0.380192 0.289974 0.381766 0.288679 0.383514 0.289067 0.387727 0.289715 0.389126 0.290233 0.389808 0.293990 0.389283 0.294119 0.388059 0.296321 0.387535 0.296580 0.386136 0.298394 0.385629 0.301632 0.382290 0.298135 0.376014 0.296969 0.376364 0.294896 0.374423 0.294119 0.374423 0.292565 0.371993 0.290622 0.372150 0.290622 0.374423
0 0.779521 0.374598 0.779650 0.389458 0.775117 0.389633 0.774080 0.387710 0.772526 0.387885 0.771878 0.386486 0.769676 0.386486 0.769288 0.385437 0.768510 0.385437 0.768122 0.382990 0.770194 0.379668 0.770842 0.380017 0.773433 0.375997 0.774728 0.376171 0.778225 0.371801
0 0.213731 0.351696 0.213083 0.359038 0.214508 0.359738 0.214767 0.369003 0.215803 0.369878 0.213083 0.375122 0.212047 0.373374 0.210622 0.371276 0.209456 0.370927 0.209067 0.369003 0.203238 0.368654 0.203238 0.366906 0.199482 0.367080 0.197409 0.364808 0.210104 0.348024 0.212435 0.347325 0.212176 0.350297
0 0.105816 0.395699 0.106075 0.421224 0.105298 0.422622 0.106075 0.423497 0.104132 0.426818 0.103484 0.425420 0.101801 0.425245 0.100635 0.423846 0.098821 0.423322 0.096490 0.419825 0.095065 0.420000 0.094547 0.418077 0.093381 0.418601 0.089624 0.414056 0.088588 0.414580 0.087811 0.407937
0 0.120453 0.432238 0.120194 0.447448 0.121360 0.447448 0.121619 0.460035 0.123174 0.460035 0.123951 0.458462 0.127060 0.457937 0.130557 0.453217 0.132111 0.453217 0.136127 0.447448 0.137940 0.447098 0.139883 0.445524 0.135997 0.439231 0.132630 0.439755 0.130427 0.435385 0.127448 0.435909 0.125117 0.431538 0.123562 0.433636 0.122785 0.431014
0 0.194326 0.520035 0.210648 0.505699 0.214793 0.504650 0.215052 0.532622 0.213109 0.534720 0.212461 0.532622 0.210648 0.533147 0.210259 0.531923 0.206632 0.531399 0.204819 0.528252 0.202746 0.527552
0 0.717707 0.800822 0.717578 0.810962 0.716671 0.811661 0.716541 0.813934 0.720687 0.814983 0.721075 0.813584 0.724054 0.812535 0.724054 0.812010 0.726904 0.810612 0.726775 0.809213 0.723925 0.804143 0.721723 0.804493 0.720039 0.800297
0 0.261425 0.560070 0.261166 0.569510 0.262332 0.570385 0.262461 0.578776 0.259352 0.578776 0.258964 0.577203 0.255337 0.577552 0.254819 0.575455 0.251710 0.575280 0.251580 0.573357 0.247565 0.573531 0.247176 0.570734 0.256632 0.557448 0.259352 0.557273
0 0.046865 0.658951 0.041166 0.672255 0.041166 0.676626 0.048031 0.676626 0.048679 0.675035 0.053990 0.675035 0.053990 0.673811 0.055285 0.672780 0.052824 0.668916 0.052953 0.668042 0.051010 0.664038 0.050363 0.660892 0.047902 0.660699
0 0.138446 0.797063 0.131839 0.796906 0.132358 0.800035 0.133264 0.800402 0.133523 0.802500 0.134560 0.804056 0.137668 0.814388 0.143368 0.821888 0.149974 0.806678 0.149974 0.802308 0.151269 0.801958 0.151010 0.795664 0.138575 0.795664
0 0.103472 0.837797 0.114352 0.837465 0.116684 0.839213 0.116036 0.840612 0.115389 0.843584 0.113057 0.845490 0.112668 0.848829 0.111373 0.849510 0.111114 0.853007 0.109041 0.855280 0.108653 0.853881 0.106451 0.852483 0.106451 0.847605 0.105544 0.846731 0.105026 0.842710 0.103731 0.842710
0 0.235181 0.849580 0.228316 0.859021 0.227668 0.858497 0.220285 0.867762 0.221321 0.869161 0.223394 0.870035 0.223653 0.872133 0.227150 0.872133 0.227798 0.873531 0.230777 0.873706 0.231425 0.875280 0.234922 0.875629 0.236218 0.877552 0.237124 0.875455 0.238161 0.877028 0.240492 0.878077 0.240751 0.868112 0.239326 0.867413 0.239456 0.860769 0.238420 0.860070 0.238549 0.852727 0.236995 0.852727 0.237124 0.849406
0 0.223912 0.940140 0.223912 0.942937 0.225337 0.942937 0.225078 0.946434 0.235052 0.959371 0.238031 0.957797 0.237902 0.954476 0.239326 0.952028 0.239456 0.949930 0.240751 0.949231 0.240492 0.943112 0.241917 0.941713 0.241788 0.934196 0.234404 0.938392 0.233368 0.936294 0.232591 0.938392 0.230130 0.938566 0.229223 0.940140
0 0.858238 0.647028 0.850984 0.656119 0.850984 0.658392 0.848523 0.662238 0.850337 0.662937 0.852021 0.665734 0.857850 0.665559 0.858627 0.667832 0.862383 0.667657 0.862642 0.658042 0.861865 0.657867 0.861736 0.652448 0.860699 0.652098 0.860311 0.646154
0 0.322228 0.970559 0.322358 0.987168 0.321451 0.987692 0.321451 0.992762 0.324948 0.992937 0.325984 0.991014 0.328964 0.991014 0.340104 0.983322 0.341917 0.981399 0.340104 0.979476 0.338549 0.979650 0.332591 0.970035 0.331295 0.970035 0.328834 0.966189 0.326373 0.966364 0.325855 0.964965 0.325337 0.966364 0.324171 0.966888 0.324171 0.970210
0 0.335829 0.925280 0.346839 0.941014 0.347228 0.938916 0.347876 0.938217 0.347876 0.934196 0.349430 0.933147 0.349560 0.926503 0.350337 0.926678 0.350725 0.922133 0.351891 0.920559 0.352539 0.914441 0.347876 0.914091 0.347746 0.915839 0.340881 0.915839 0.340881 0.917587 0.336347 0.917587 0.335440 0.919336 0.332720 0.919161 0.332720 0.922308 0.335311 0.921958
0 0.553782 0.884685 0.552228 0.886084 0.552358 0.890629 0.556632 0.896573 0.556632 0.899021 0.558575 0.901818 0.559223 0.900769 0.561943 0.898147 0.561813 0.894825 0.564793 0.890979 0.564404 0.889231 0.566088 0.887832 0.565570 0.884510
0 0.567448 0.419493 0.567448 0.426661 0.566282 0.427360 0.565764 0.442045 0.564469 0.443794 0.567707 0.443969 0.568484 0.442570 0.571723 0.442570 0.572111 0.440997 0.575479 0.440647 0.576256 0.439073 0.577811 0.439073 0.578329 0.437150 0.581308 0.436801 0.581438 0.434703 0.575997 0.427010 0.574573 0.427010 0.570946 0.421941 0.569521 0.421766
0 0.656619 0.518217 0.656619 0.521031 0.657915 0.521031 0.658044 0.525927 0.658951 0.526608 0.659598 0.529930 0.666982 0.521189 0.667241 0.519091 0.672163 0.511748 0.672163 0.508951 0.668536 0.509318 0.668666 0.507727 0.659210 0.507378 0.658433 0.505455 0.654288 0.505455 0.654028 0.511573 0.654935 0.511573 0.655324 0.517343
0 0.947150 0.723339 0.947150 0.744843 0.950013 0.744493 0.950661 0.743444 0.952332 0.743094 0.955440 0.738724 0.956995 0.739248 0.957383 0.737850 0.959974 0.737850 0.959845 0.733479 0.958161 0.732955 0.957785 0.731381 0.955311 0.730857
0 0.977073 0.942500 0.976943 0.949318 0.980052 0.949143 0.980181 0.951591 0.982383 0.951591 0.983420 0.955787 0.984585 0.957010 0.985881 0.957185 0.987047 0.959983 0.989508 0.962430 0.989637 0.960682 0.991321 0.959808 0.991580 0.957360 0.992358 0.956486 0.993135 0.952990 0.994560 0.951941 0.994689 0.946871 0.996373 0.946521 0.995855 0.937605 0.995078 0.937080 0.994301 0.935507 0.993135 0.935157 0.992746 0.937255 0.986269 0.937605 0.986269 0.939003 0.983161 0.938479 0.981865 0.940402 0.979275 0.940227 0.979534 0.942150
0 0.179896 0.329073 0.179767 0.336573 0.180674 0.336941 0.181192 0.345490 0.182358 0.346556 0.182358 0.348654 0.183523 0.350210 0.184171 0.354423 0.184819 0.354930 0.185078 0.358269 0.186373 0.359301 0.186891 0.356521 0.189223 0.356521 0.191036 0.354773 0.191295 0.352832 0.200881 0.340070 0.200881 0.338846 0.201917 0.337448 0.201269 0.336224 0.200622 0.333951 0.196865 0.333951 0.196736 0.332727 0.191684 0.332727 0.191554 0.330629 0.187150 0.330629 0.186632 0.328549
0 0.394236 0.220227 0.401878 0.228969 0.406801 0.227045 0.406684 0.213759 0.408096 0.211836 0.407189 0.211136 0.406412 0.210262 0.404858 0.210262 0.404469 0.211486 0.399560 0.211136 0.399158 0.212710 0.395920 0.212885 0.393977 0.214983
0 0.387254 0.141556 0.387111 0.151346 0.388277 0.151871 0.388277 0.154318 0.390091 0.157290 0.390738 0.155717 0.392293 0.155542 0.397085 0.150997 0.397863 0.147850 0.396697 0.147150 0.396321 0.145752 0.394754 0.145752 0.394106 0.144178 0.390350 0.143479 0.389961 0.141906
0 0.457448 0.157115 0.459793 0.156766 0.464702 0.162710 0.464702 0.164633 0.465997 0.166206 0.466386 0.168479 0.464326 0.168654 0.463795 0.170927 0.454987 0.171101 0.454987 0.166206 0.455907 0.166381 0.455907 0.161661 0.457319 0.160787
0 0.336839 0.503934 0.336710 0.519318 0.332176 0.519493 0.331788 0.517570 0.329974 0.517570 0.329067 0.515472 0.326736 0.515997 0.326088 0.514073 0.324404 0.514073 0.324016 0.510402 0.325052 0.509703 0.329326 0.503584 0.330363 0.503759 0.332824 0.500437 0.334896 0.500087 0.335026 0.502535
0 0.761801 0.463269 0.776593 0.463269 0.778666 0.465699 0.777565 0.466434 0.777565 0.470542 0.774793 0.474266 0.774793 0.476871 0.772176 0.479318 0.772176 0.482273 0.769262 0.484545 0.768718 0.481731 0.767604 0.480437 0.767189 0.475962 0.764573 0.474266 0.763329 0.472605 0.763187 0.465699 0.761801 0.465874
0 0.404326 0.581206 0.404326 0.584178 0.404974 0.585577 0.405104 0.588549 0.406399 0.589073 0.406917 0.595542 0.408212 0.596416 0.408472 0.601136 0.409249 0.602185 0.409378 0.604983 0.411710 0.605157 0.421684 0.591521 0.421943 0.588549 0.423756 0.587325 0.422979 0.586276 0.421943 0.584003 0.418834 0.583654 0.418705 0.582605 0.413782 0.582430 0.413653 0.580682
0 0.300440 0.729458 0.300440 0.740997 0.301736 0.741521 0.302642 0.745892 0.303290 0.746241 0.303549 0.753409 0.304974 0.752885 0.306010 0.755682 0.313912 0.744668 0.315596 0.744668 0.318705 0.740822 0.318834 0.738024 0.321036 0.734878 0.319870 0.734878 0.319352 0.732430 0.315466 0.732430 0.315078 0.730507 0.311969 0.731031 0.311451 0.729108 0.308601 0.728759 0.308601 0.727010 0.304974 0.726661 0.304585 0.725612 0.300959 0.725437 0.299145 0.727360
0 0.347202 0.742220 0.350181 0.745892 0.351218 0.746066 0.354456 0.749738 0.354974 0.749388 0.357824 0.752710 0.358731 0.752535 0.362358 0.756731 0.362617 0.755507 0.363264 0.755332 0.364041 0.750437 0.364948 0.750437 0.364819 0.730332 0.362617 0.730857 0.355622 0.735752 0.353549 0.735752 0.352254 0.738199
0 0.909482 0.438164 0.909482 0.455315 0.911049 0.457413 0.911697 0.456364 0.913640 0.456014 0.915972 0.452343 0.917267 0.452343 0.920648 0.449196 0.921425 0.449021 0.922073 0.447622 0.924793 0.447622 0.924663 0.442710 0.923238 0.442535 0.920907 0.438689 0.918705 0.438514 0.917927 0.437290 0.917008 0.437290 0.915842 0.435874 0.913899 0.435699 0.913510 0.433427 0.908446 0.433601 0.908187 0.436049
0 0.396360 0.334441 0.396490 0.342832 0.404650 0.343899 0.405427 0.345979 0.408148 0.345804 0.409184 0.347395 0.410997 0.347552 0.413977 0.351399 0.415402 0.351224 0.415661 0.321678 0.413329 0.321171
0 0.443446 0.703059 0.443446 0.707955 0.444611 0.708304 0.444223 0.711801 0.445000 0.712850 0.445777 0.717045 0.448756 0.722290 0.452772 0.716696 0.452902 0.714248 0.456140 0.711451 0.455751 0.708654 0.457306 0.707780 0.456658 0.706906 0.456269 0.704808 0.451477 0.704633 0.450829 0.702885
0 0.514948 0.714773 0.509249 0.722465 0.509249 0.725087 0.510674 0.725087 0.511451 0.727185 0.515207 0.727010 0.515466 0.728409 0.520000 0.728759 0.520648 0.730332 0.522720 0.730507 0.523368 0.732780 0.529845 0.732080 0.529845 0.725787 0.528161 0.724738 0.528161 0.716871 0.527254 0.716346 0.527513 0.711626 0.526088 0.709353 0.525959 0.705682 0.523627 0.705507 0.518964 0.710927 0.517280 0.711101 0.517280 0.714073
0 0.560026 0.739248 0.559119 0.740997 0.557306 0.740822 0.557306 0.743444 0.558731 0.745892 0.559249 0.747815 0.563653 0.760052 0.565466 0.762850 0.566244 0.762325 0.568187 0.760752 0.568575 0.757780 0.574404 0.744668 0.575052 0.744143 0.574534 0.738899 0.565078 0.740122
0 0.648795 0.762360 0.649184 0.767430 0.650479 0.767605 0.655531 0.760787 0.657085 0.760612 0.657604 0.757815 0.661490 0.752745 0.654754 0.751871 0.653847 0.750297 0.652552 0.750297 0.651516 0.748199 0.647500 0.747850 0.646982 0.746451 0.646334 0.754318 0.647630 0.755017 0.648018 0.760962
0 0.572487 0.211836 0.572604 0.229843 0.573899 0.232465 0.576231 0.232290 0.576490 0.230717 0.579339 0.228969 0.581554 0.225647 0.583355 0.224598 0.585557 0.222325 0.585557 0.218654 0.583744 0.219003 0.581554 0.215332 0.580117 0.215332 0.578821 0.212885 0.577267 0.213409 0.576490 0.211661
0 0.515687 0.560385 0.525531 0.565997 0.525920 0.567745 0.529417 0.567745 0.529417 0.569843 0.533303 0.569843 0.533821 0.569126 0.535246 0.567570 0.535246 0.565472 0.533044 0.565122 0.533433 0.548864 0.532526 0.548514 0.532137 0.544143 0.530453 0.544143 0.529806 0.545524 0.528251 0.545192 0.523459 0.552010 0.521256 0.552360 0.520091 0.554458 0.519184 0.554108 0.515816 0.557955
0 0.854870 0.714860 0.854741 0.719755 0.855777 0.720280 0.856036 0.737762 0.852927 0.737762 0.852280 0.736014 0.850207 0.736364 0.849430 0.734615 0.846321 0.734790 0.845415 0.732517 0.844378 0.732517 0.841140 0.729196 0.840881 0.726573 0.843990 0.722378 0.845155 0.722378 0.848135 0.718881 0.850337 0.717657 0.852409 0.714860
0 0.447306 0.820175 0.434223 0.831538 0.436554 0.836434 0.437591 0.836259 0.448083 0.843951 0.449249 0.844301 0.449378 0.819476
0 0.057461 0.077378 0.063290 0.084371 0.063161 0.086818 0.065751 0.086818 0.065881 0.089965 0.069508 0.094685 0.069896 0.097133 0.071062 0.098706 0.070674 0.099056 0.070285 0.100804 0.066788 0.101678 0.066658 0.103077 0.062902 0.103077 0.062124 0.104126 0.057850 0.105000 0.056684 0.106573 0.049041 0.106399 0.049041 0.100629 0.050337 0.100280 0.050596 0.093112 0.052798 0.090839 0.053446 0.084720 0.054093 0.083497 0.054093 0.079825 0.056166 0.077727
0 0.106295 0.167762 0.108886 0.167937 0.109404 0.170035 0.112772 0.169685 0.113161 0.171084 0.116917 0.171084 0.117435 0.172657 0.120674 0.173007 0.122617 0.175105 0.123135 0.178252 0.120674 0.177552 0.120544 0.181748 0.118472 0.181748 0.118083 0.185070 0.114845 0.188741 0.113031 0.188566 0.112642 0.192238 0.110829 0.192413 0.110181 0.188741 0.109404 0.187692 0.109275 0.184371 0.107979 0.183322 0.107850 0.177902 0.106425 0.176503
0 0.156943 0.232972 0.157979 0.235245 0.157073 0.236469 0.156554 0.259545 0.158109 0.261818 0.158497 0.260594 0.161995 0.260070 0.162124 0.258846 0.164456 0.258147 0.166269 0.255175 0.172617 0.251853 0.174430 0.252028 0.177409 0.247133 0.174819 0.242937 0.173135 0.243287 0.169249 0.237867 0.167824 0.238217 0.165492 0.234545 0.164585 0.234545 0.162772 0.232273 0.161736 0.232622 0.160440 0.229825 0.158497 0.230350
0 0.213679 0.223881 0.213679 0.252552 0.214974 0.254650 0.218342 0.255175 0.220415 0.252028 0.223653 0.251678 0.225207 0.249056 0.226244 0.248357 0.230130 0.244510 0.231166 0.244860 0.234275 0.240664 0.234534 0.239441 0.232850 0.236993 0.231813 0.236119 0.217824 0.225105 0.217176 0.223706
0 0.378057 0.032413 0.378316 0.050245 0.375078 0.050594 0.374430 0.049720 0.372617 0.049545 0.372098 0.047622 0.369508 0.047797 0.369119 0.045874 0.366788 0.045524 0.364067 0.041329 0.366788 0.037308 0.368083 0.037832 0.370674 0.033462 0.372876 0.032937 0.375078 0.029615 0.376373 0.029266
0 0.408627 0.040804 0.408497 0.043077 0.405389 0.045874 0.405907 0.047797 0.402668 0.051993 0.402927 0.053566 0.400207 0.056538 0.400725 0.057238 0.401762 0.059510 0.416917 0.059336 0.416917 0.054091 0.414326 0.050245 0.414326 0.046399 0.412513 0.044301 0.412254 0.040455
0 0.737293 0.369353 0.737293 0.371101 0.735997 0.371626 0.735868 0.376521 0.734702 0.378269 0.735868 0.378794 0.734573 0.381241 0.734961 0.384913 0.739236 0.384388 0.739883 0.382815 0.742345 0.382815 0.745842 0.378794 0.745972 0.376346 0.743251 0.372325 0.741826 0.372850 0.740790 0.370402 0.739365 0.368829
0 0.531192 0.033444 0.529637 0.036241 0.529637 0.038514 0.528860 0.038689 0.528731 0.040787 0.527435 0.042010 0.527694 0.044108 0.526269 0.044983 0.525751 0.048129 0.524974 0.049003 0.524585 0.051976 0.523290 0.053374 0.524974 0.054948 0.523161 0.057220 0.531969 0.057220 0.532358 0.055472 0.543756 0.055822 0.543886 0.053199 0.543238 0.052850 0.542979 0.050052 0.540130 0.047430 0.540130 0.045332 0.539093 0.043409 0.538705 0.042360 0.537668 0.041836 0.537798 0.039388 0.536632 0.038514 0.536632 0.036416 0.535725 0.034493 0.535207 0.032745
0 0.573161 0.038339 0.575104 0.041661 0.576269 0.041486 0.579637 0.046206 0.579767 0.044458 0.581062 0.044283 0.582746 0.021031 0.577176 0.021206 0.576788 0.022430 0.574845 0.022955 0.574715 0.023829 0.572513 0.024353 0.571347 0.026101 0.569404 0.026451 0.569016 0.028024 0.566036 0.029248 0.567202 0.030122 0.566813 0.031696 0.571995 0.039038
0 0.503562 0.169528 0.510311 0.177920 0.510039 0.180192 0.512370 0.184038 0.512500 0.186136 0.513407 0.187185 0.513925 0.189108 0.513277 0.189983 0.512902 0.191556 0.509391 0.191731 0.507837 0.192955 0.496438 0.193654 0.495790 0.187710 0.497215 0.187710 0.497358 0.182815 0.497863 0.182290 0.498251 0.178619 0.500596 0.177920 0.500065 0.173899
