0 0.658238 0.216521 0.678834 0.216346 0.678446 0.221241 0.677927 0.221241 0.677668 0.223864 0.676503 0.225087 0.676373 0.227885 0.673523 0.230682 0.673394 0.234178 0.672617 0.234353 0.672487 0.236626 0.671192 0.236976 0.670674 0.240472 0.669637 0.240822 0.668990 0.244668 0.666399 0.244843 0.665622 0.240997 0.662254 0.237150 0.661995 0.234178 0.661218 0.234178 0.660959 0.231031 0.659793 0.229808 0.659793 0.228234 0.656943 0.225787 0.656943 0.219668 0.655259 0.218619
0 0.101269 0.397413 0.101140 0.415962 0.104637 0.415769 0.105285 0.414563 0.107876 0.414021 0.111114 0.408619 0.113057 0.408969 0.114093 0.407745 0.116166 0.407378 0.115000 0.404248 0.113575 0.404248 0.109430 0.398287 0.108135 0.399353 0.106062 0.394633 0.104637 0.395140 0.102953 0.392885 0.102694 0.396381
0 0.147047 0.195944 0.150803 0.195420 0.151321 0.205210 0.150415 0.205734 0.150026 0.210804 0.148472 0.213427 0.147694 0.211853 0.146269 0.211678 0.141347 0.205909 0.141606 0.203287 0.139793 0.202587 0.140181 0.199965 0.143420 0.199790 0.143549 0.198217 0.146917 0.197517
0 0.886140 0.077902 0.889119 0.082098 0.890026 0.081573 0.895466 0.088566 0.897668 0.088566 0.900000 0.091014 0.901036 0.093986 0.902073 0.094336 0.902850 0.096434 0.905712 0.095909 0.906088 0.094336 0.907254 0.093986 0.907254 0.091713 0.908420 0.090315 0.909197 0.081049 0.910492 0.081049 0.911541 0.061469 0.912306 0.060944 0.912837 0.058322 0.911269 0.057098 0.912694 0.055000 0.912694 0.052727 0.914637 0.051503 0.914637 0.042238 0.913083 0.040140 0.909067 0.039790 0.907902 0.041189 0.906088 0.041713 0.905065 0.043636 0.901036 0.043462 0.900259 0.045035 0.896114 0.044860 0.895078 0.046783 0.893135 0.046783 0.892617 0.048881 0.889119 0.048881 0.887047 0.052378 0.881865 0.052552 0.881101 0.054126 0.879016 0.053951 0.878368 0.055874 0.876567 0.056049 0.875648 0.057448 0.873057 0.057273 0.873329 0.058846 0.880181 0.069510 0.882124 0.069685 0.881865 0.072832 0.883938 0.072133 0.886140 0.075455
0 0.786049 0.164895 0.786438 0.169091 0.787992 0.170315 0.786697 0.171888 0.786179 0.178007 0.790453 0.178531 0.793174 0.173986 0.794469 0.174685 0.795764 0.173112 0.796541 0.173112 0.798744 0.169266 0.800816 0.169266 0.802241 0.167692 0.803795 0.167692 0.804054 0.165245 0.805479 0.164196 0.805479 0.160874 0.803925 0.160524 0.802111 0.157203 0.800427 0.157028 0.799003 0.154231 0.797837 0.155979 0.796671 0.154755 0.794858 0.154231 0.792785 0.150559 0.786438 0.150035 0.786179 0.153007 0.784495 0.154231 0.786049 0.155455 0.786308 0.158951 0.785013 0.159650 0.785272 0.163671
0 0.277332 0.521678 0.277461 0.532780 0.276023 0.533129 0.276153 0.543706 0.274974 0.544231 0.274974 0.565035 0.292992 0.554283 0.295997 0.554108 0.299132 0.549878 0.300311 0.549878 0.300440 0.549703 0.302008 0.549178 0.302267 0.546346 0.301231 0.546171 0.297435 0.540892 0.295997 0.540542 0.291826 0.535594 0.290648 0.535245 0.287124 0.529790 0.285427 0.529965 0.281632 0.524843 0.280855 0.524143
0 0.967280 0.453689 0.967539 0.464178 0.968575 0.465752 0.968705 0.467500 0.967021 0.469073 0.968834 0.470822 0.968446 0.491276 0.970259 0.491626 0.970130 0.493899 0.968187 0.494598 0.966632 0.497745 0.965984 0.494948 0.963394 0.494948 0.962746 0.492500 0.959378 0.492850 0.958990 0.490577 0.954845 0.491276 0.954197 0.490052 0.953290 0.489878 0.953161 0.487955 0.951088 0.487605 0.950959 0.485507 0.947332 0.485507 0.946813 0.484458 0.945259 0.484458 0.944611 0.482710 0.942539 0.482885 0.941891 0.480962 0.939171 0.480787 0.939171 0.479388 0.937098 0.479038 0.936580 0.477465 0.934637 0.476066 0.937228 0.475717 0.940337 0.470297 0.942150 0.471521 0.947461 0.463129 0.949145 0.463129 0.949275 0.462255 0.951865 0.462430 0.952383 0.458759 0.955233 0.458584 0.960155 0.451766 0.963264 0.451591 0.964041 0.449318 0.965596 0.450892
0 0.907694 0.459808 0.907953 0.462955 0.908731 0.463829 0.908990 0.466626 0.910026 0.467150 0.910026 0.469948 0.911580 0.470122 0.911710 0.474668 0.913912 0.477290 0.914301 0.484808 0.894870 0.483934 0.895000 0.480262 0.898627 0.475542 0.898627 0.473619 0.899922 0.471696 0.900181 0.470122 0.902772 0.466626 0.903290 0.464003 0.904456 0.463479
0 0.866632 0.528864 0.866373 0.532885 0.867409 0.532885 0.867280 0.537605 0.868187 0.538479 0.868834 0.540227 0.870130 0.541101 0.869870 0.546696 0.871813 0.547570 0.871684 0.552640 0.872591 0.553514 0.872720 0.556136 0.863523 0.555787 0.862746 0.557185 0.861969 0.555787 0.859508 0.556136 0.859249 0.553864 0.855492 0.554388 0.854845 0.552815 0.848627 0.552115 0.846943 0.549843 0.848627 0.547570 0.850829 0.547045 0.851218 0.542150 0.853031 0.542325 0.853290 0.539003 0.854715 0.538654 0.854974 0.535157 0.856917 0.535157 0.857694 0.531836 0.859508 0.531486 0.860415 0.528339 0.863394 0.523969
0 0.513135 0.497990 0.513523 0.501836 0.510674 0.504283 0.510415 0.506556 0.509378 0.507780 0.509378 0.510227 0.508083 0.511276 0.508083 0.515822 0.506528 0.516871 0.506658 0.519143 0.522720 0.519143 0.522979 0.517920 0.524534 0.516696 0.522202 0.514248 0.522332 0.509878 0.520648 0.508304 0.520648 0.507780 0.519482 0.507430 0.519223 0.505857 0.519870 0.503934 0.518446 0.503584 0.518446 0.501311 0.517021 0.499563 0.516891 0.498339
0 0.841736 0.676713 0.841606 0.729161 0.838627 0.729161 0.838627 0.727587 0.836554 0.727587 0.835648 0.725664 0.832539 0.724965 0.831762 0.723741 0.830207 0.722867 0.830207 0.721643 0.828264 0.722168 0.827876 0.720420 0.827228 0.720420 0.826969 0.719021 0.824378 0.718322 0.823083 0.718322 0.822306 0.716573 0.821010 0.715175 0.819456 0.715175 0.818420 0.712727 0.817124 0.712902 0.815570 0.710455 0.814404 0.711154 0.812202 0.708357 0.810518 0.707832 0.807280 0.704510 0.805855 0.702937 0.808834 0.699091 0.837202 0.677413
0 0.550207 0.201661 0.550725 0.203934 0.551373 0.204108 0.551762 0.208129 0.552798 0.208479 0.553057 0.213199 0.555389 0.215297 0.555518 0.219843 0.557332 0.222990 0.558627 0.227185 0.563808 0.237500 0.535440 0.235577 0.535181 0.232955 0.536477 0.232955 0.536088 0.227535 0.538679 0.225787 0.538938 0.222815 0.540104 0.221941 0.540233 0.219143 0.541269 0.219143 0.541658 0.214598 0.542047 0.215472 0.542306 0.212325 0.543601 0.211801 0.543731 0.208479 0.546451 0.206031 0.547098 0.202010
0 0.580130 0.149213 0.580130 0.160577 0.581425 0.160752 0.581943 0.167745 0.582979 0.167920 0.582850 0.175962 0.584145 0.175962 0.585052 0.186626 0.585570 0.187325 0.586347 0.196766 0.587254 0.197465 0.587383 0.204283 0.589326 0.204108 0.592306 0.200787 0.593212 0.201136 0.603705 0.187325 0.605389 0.186976 0.615751 0.172290 0.618083 0.172815 0.617953 0.170017 0.618860 0.169318 0.619249 0.164948 0.615881 0.164773 0.615104 0.162675 0.612124 0.162675 0.612383 0.160927 0.609145 0.161276 0.608497 0.159528 0.605518 0.159003 0.604741 0.158304 0.601632 0.158304 0.600984 0.155857 0.599430 0.155857 0.598912 0.153934 0.593731 0.154108 0.592694 0.152885 0.591140 0.152535 0.590492 0.150612 0.587772 0.150612 0.586995 0.149213
0 0.402448 0.806276 0.402837 0.811171 0.403484 0.811521 0.403873 0.815892 0.404909 0.816416 0.405427 0.820612 0.406464 0.821486 0.406593 0.828129 0.402966 0.828479 0.402319 0.827080 0.396878 0.827430 0.396490 0.825332 0.391826 0.824633 0.391438 0.823934 0.390531 0.823584 0.390142 0.821486 0.400894 0.805577
0 0.432500 0.927255 0.432241 0.968514 0.431593 0.968339 0.430816 0.969913 0.429262 0.969913 0.428614 0.967990 0.427189 0.967990 0.425117 0.965892 0.424987 0.964843 0.422915 0.964843 0.422655 0.962395 0.420324 0.962395 0.419547 0.960997 0.419028 0.959598 0.416438 0.959773 0.414365 0.956451 0.413070 0.955752 0.410997 0.952605 0.408925 0.952780 0.408666 0.951381 0.406205 0.951031 0.406075 0.950157 0.404391 0.948759 0.404521 0.945437 0.429132 0.927080
0 0.429106 0.719038 0.428718 0.721661 0.427681 0.721661 0.427552 0.728497 0.426645 0.728497 0.426645 0.732517 0.425091 0.734091 0.425350 0.739510 0.430661 0.739336 0.431308 0.737587 0.437137 0.737395 0.437396 0.736014 0.439728 0.735839 0.439987 0.731818 0.432474 0.720787 0.430920 0.720629
0 0.502163 0.729196 0.502422 0.732150 0.504236 0.731993 0.504624 0.733566 0.507215 0.733899 0.508251 0.736014 0.508640 0.734266 0.509806 0.733566 0.510583 0.726906 0.511749 0.726031 0.511490 0.717657 0.510453 0.716608 0.509676 0.714668 0.509417 0.716783 0.507215 0.716783 0.506826 0.717832 0.503459 0.718164 0.501386 0.721503 0.499702 0.721853 0.497111 0.724476 0.500220 0.728322
0 0.188368 0.194021 0.184223 0.199441 0.184223 0.201538 0.181503 0.204860 0.181632 0.209056 0.183316 0.209056 0.183964 0.211503 0.192902 0.211678 0.193420 0.213601 0.193808 0.211678 0.195492 0.210629 0.195492 0.208706 0.194067 0.207308 0.194067 0.203112 0.193031 0.202587 0.193031 0.196119 0.191736 0.194196
0 0.052474 0.234073 0.050661 0.236171 0.050920 0.238636 0.048187 0.241608 0.048187 0.243549 0.044158 0.248462 0.044158 0.251434 0.041554 0.255822 0.042073 0.257937 0.037267 0.263374 0.037915 0.265297 0.036490 0.265979 0.036490 0.268462 0.033886 0.271783 0.033627 0.274073 0.042461 0.273724 0.043251 0.275122 0.047539 0.275472 0.048834 0.273899 0.051308 0.275647 0.067034 0.275804 0.067163 0.271608 0.062228 0.259685 0.062358 0.256521 0.061451 0.255822 0.061062 0.253374 0.057422 0.247745 0.057293 0.242465 0.055984 0.241434 0.056114 0.238986
0 0.128601 0.332570 0.128212 0.347238 0.128990 0.347937 0.129767 0.349178 0.131321 0.349336 0.132098 0.348462 0.135466 0.347430 0.137021 0.344965 0.140389 0.344091 0.142073 0.342185 0.142073 0.340594 0.141425 0.338846 0.140907 0.336748 0.140130 0.336573 0.139093 0.334476 0.136891 0.334476 0.136114 0.331853 0.134041 0.330629 0.133912 0.328706 0.130155 0.328706 0.130026 0.331853
0 0.183407 0.618444 0.180039 0.618969 0.180816 0.619843 0.181205 0.622115 0.183795 0.625262 0.184054 0.628759 0.186775 0.629108 0.186775 0.631731 0.193899 0.642045 0.194158 0.640122 0.195065 0.639248 0.195324 0.636976 0.196360 0.635927 0.196490 0.632080 0.197526 0.631206 0.197785 0.628427 0.199080 0.627360 0.199598 0.620717 0.200376 0.620717 0.200635 0.612850 0.194935 0.613374 0.194935 0.614948 0.190142 0.614948 0.189495 0.616346 0.184961 0.616189
0 0.164236 0.765997 0.162034 0.769668 0.162422 0.773689 0.159443 0.776486 0.159573 0.778776 0.156723 0.782080 0.157241 0.784353 0.155816 0.785227 0.155946 0.787325 0.154391 0.788199 0.154650 0.790822 0.151801 0.794318 0.151801 0.796766 0.150505 0.797465 0.150505 0.799563 0.149339 0.800787 0.149339 0.803059 0.183795 0.804126 0.184054 0.801661 0.183148 0.800787 0.182889 0.798689 0.181593 0.797640 0.181075 0.794318 0.179132 0.791171 0.178744 0.786976 0.175117 0.783147 0.175117 0.778584 0.173562 0.777902 0.173562 0.775787 0.170712 0.772657 0.170712 0.769843 0.170065 0.768794 0.169676 0.767220 0.166438 0.761976 0.165920 0.764948
0 0.066451 0.881399 0.066192 0.885769 0.065285 0.886119 0.065155 0.891014 0.063212 0.891888 0.063342 0.895909 0.062047 0.896608 0.062047 0.905000 0.060881 0.905874 0.060751 0.914965 0.062176 0.914266 0.063860 0.912692 0.064896 0.914965 0.066710 0.912692 0.069041 0.911993 0.069430 0.911119 0.074093 0.909895 0.074223 0.909371 0.076813 0.908497 0.077979 0.906399 0.079275 0.908846 0.081218 0.906049 0.083808 0.905874 0.084067 0.902727 0.079016 0.896259 0.079016 0.893462 0.077202 0.893462 0.076943 0.891014 0.075907 0.890839 0.075648 0.888741 0.072798 0.888741 0.072668 0.885420 0.070466 0.885245 0.069301 0.881049
0 0.011917 0.951329 0.012176 0.953252 0.010363 0.954476 0.010363 0.958497 0.009585 0.958846 0.009456 0.970385 0.010622 0.970559 0.011788 0.968811 0.016192 0.968636 0.016969 0.967413 0.019819 0.966888 0.021114 0.964965 0.021762 0.964615 0.021762 0.960594 0.016321 0.953077 0.015026 0.952902 0.014637 0.950979
0 0.285078 0.767413 0.285078 0.770210 0.286101 0.770734 0.286231 0.775280 0.286749 0.775455 0.287785 0.778951 0.288821 0.779650 0.289223 0.783497 0.290635 0.786469 0.291412 0.787867 0.291554 0.789790 0.294404 0.793112 0.295052 0.790839 0.297642 0.787867 0.297759 0.784895 0.302824 0.779126 0.302565 0.776853 0.305661 0.773182 0.305531 0.769860 0.298031 0.769336 0.296736 0.767762
0 0.320052 0.752028 0.320427 0.767413 0.322759 0.767587 0.323407 0.765839 0.328083 0.765140 0.328731 0.764266 0.333510 0.763741 0.333653 0.762692 0.334560 0.761993 0.334948 0.760070 0.324443 0.744685 0.321852 0.748531 0.321723 0.750629
0 0.181308 0.025647 0.192319 0.038759 0.194262 0.042605 0.196852 0.039108 0.198018 0.038059 0.198018 0.033339 0.199702 0.032640 0.199184 0.029143 0.200220 0.027570 0.200609 0.024073 0.202163 0.024248 0.201904 0.017955 0.202552 0.017780 0.202811 0.013409 0.204236 0.011836 0.204365 0.010087 0.205790 0.007990 0.205920 0.003619 0.198148 0.004143 0.197370 0.005892 0.191671 0.005192 0.190635 0.006766 0.182085 0.006416 0.181567 0.009038 0.178459 0.008689 0.178199 0.009913 0.174832 0.009913 0.175091 0.014633 0.181308 0.022325
0 0.389184 0.365350 0.386075 0.369545 0.385946 0.371818 0.382448 0.376364 0.382189 0.378811 0.379728 0.382133 0.379598 0.385979 0.382837 0.385979 0.383744 0.387902 0.393199 0.387552 0.393718 0.389825 0.397345 0.389301 0.397604 0.381958 0.396697 0.381259 0.396438 0.377587 0.395531 0.377937 0.395142 0.372517 0.393718 0.372343 0.393847 0.369371 0.392422 0.368846 0.392293 0.365350
0 0.428562 0.370769 0.442940 0.370769 0.442940 0.375140 0.441904 0.375664 0.441516 0.380385 0.440350 0.380734 0.439832 0.384231 0.437111 0.388252 0.436075 0.388252 0.434003 0.386154 0.433873 0.383007 0.431801 0.380734 0.431801 0.378462 0.430635 0.377762 0.429987 0.374965 0.428562 0.374441
0 0.141218 0.138059 0.142772 0.138234 0.142772 0.139283 0.144974 0.139108 0.145492 0.140682 0.148083 0.140507 0.148212 0.143304 0.149249 0.145052 0.169456 0.165507 0.171788 0.164983 0.172824 0.167430 0.175026 0.167430 0.175026 0.162710 0.175674 0.162010 0.175544 0.139808 0.176580 0.139983 0.177358 0.122675 0.178135 0.121626 0.177358 0.120577 0.178523 0.117780 0.178523 0.107990 0.177876 0.108339 0.177228 0.106941 0.176710 0.108339 0.172953 0.108514 0.171140 0.111486 0.167642 0.112360 0.167513 0.113584 0.165181 0.113934 0.164663 0.114983 0.162073 0.116031 0.161554 0.116906 0.159611 0.117255 0.156632 0.119703 0.153782 0.120402 0.152746 0.121801 0.151580 0.122675 0.150155 0.124073 0.148212 0.124073 0.147306 0.125997 0.146399 0.126521 0.145492 0.127570 0.144067 0.127745 0.140829 0.131416 0.139145 0.131416 0.139145 0.133339 0.139793 0.134038 0.139922 0.135962
0 0.205687 0.575612 0.205946 0.581556 0.205039 0.582255 0.204521 0.584003 0.203484 0.586801 0.199858 0.587343 0.199598 0.584528 0.198821 0.583846 0.198174 0.581556 0.197008 0.580507 0.196490 0.577185 0.198303 0.575262
0 0.480609 0.124318 0.496917 0.125017 0.490972 0.115402 0.490712 0.113479 0.489417 0.111731 0.489028 0.108759 0.487979 0.108934 0.487733 0.102990 0.486684 0.103339 0.486438 0.098969 0.485907 0.098969 0.485648 0.092850 0.484093 0.093374 0.484093 0.089003 0.483588 0.088829 0.482940 0.084633 0.482021 0.084808 0.481645 0.080787 0.480855 0.080787 0.480609 0.077640 0.478264 0.074843 0.474378 0.080437 0.474378 0.083409 0.472578 0.084108 0.469339 0.089353 0.469339 0.091976 0.467513 0.091976 0.465065 0.095647 0.465065 0.097220 0.462720 0.099843 0.462979 0.103339 0.460130 0.102990 0.459352 0.107010 0.458446 0.108584 0.457798 0.112080 0.454301 0.115402 0.454819 0.116976 0.456114 0.116276 0.456503 0.118199 0.472953 0.119948 0.472953 0.122220 0.480350 0.121171
0 0.637215 0.019668 0.641878 0.025962 0.643303 0.026311 0.643174 0.023864 0.644339 0.022465 0.644339 0.019843 0.646282 0.018794 0.646412 0.011976 0.640712 0.011976 0.640712 0.013374 0.636438 0.014073 0.636308 0.015997 0.637604 0.016171
0 0.630738 0.098164 0.632422 0.098164 0.632811 0.099738 0.636697 0.099388 0.636826 0.101311 0.639417 0.101136 0.639806 0.103059 0.641490 0.103584 0.642267 0.104983 0.643044 0.105157 0.643692 0.107605 0.642655 0.107605 0.637992 0.115472 0.636697 0.115122 0.632681 0.120892 0.631516 0.120192 0.628795 0.123689 0.624780 0.124213 0.626593 0.122815 0.625039 0.120717 0.624650 0.116171 0.623744 0.115822 0.623225 0.112850 0.622189 0.111276 0.623484 0.109703 0.623355 0.102710 0.622189 0.102185 0.621801 0.097640 0.622319 0.096066 0.622966 0.094493 0.624132 0.096241 0.630350 0.095367
0 0.741865 0.064773 0.745492 0.058654 0.746658 0.061101 0.747047 0.061101 0.747306 0.063899 0.747953 0.064598 0.748342 0.078584 0.743938 0.078934 0.743679 0.077185 0.739404 0.077010 0.739275 0.075437 0.735907 0.075087 0.735648 0.071241 0.740311 0.064948
