0 0.825894 0.545052 0.832513 0.554318 0.834197 0.554143 0.834585 0.556084 0.837435 0.556084 0.837565 0.548724 0.839249 0.548549 0.838472 0.536818 0.840039 0.536469 0.840427 0.526853 0.841723 0.525979 0.841723 0.518269 0.842630 0.517045 0.843018 0.506189 0.844054 0.506189 0.844184 0.503566 0.840168 0.503217 0.839767 0.504965 0.837694 0.504965 0.837047 0.507413 0.832902 0.507063 0.830181 0.510227 0.827189 0.510752 0.826541 0.512675 0.822785 0.513374 0.820842 0.514948 0.816684 0.516346 0.815907 0.517395 0.812927 0.518094 0.810078 0.521766 0.807617 0.521416 0.805790 0.524056 0.808264 0.526678 0.810337 0.526678 0.814093 0.532797 0.815648 0.532797 0.824339 0.545052
0 0.234106 0.167413 0.234236 0.168986 0.237733 0.168986 0.238122 0.170559 0.247189 0.170909 0.246930 0.162343 0.246023 0.156923 0.245376 0.155524 0.244858 0.153252 0.241749 0.148531 0.240972 0.149755 0.240065 0.150280 0.240065 0.152727 0.232034 0.162867 0.231904 0.167587
0 0.957461 0.328811 0.957591 0.333357 0.956425 0.333881 0.956425 0.336329 0.954741 0.337378 0.955000 0.341224 0.953187 0.342448 0.952927 0.347517 0.951244 0.349965 0.950078 0.354161 0.956036 0.354161 0.956425 0.352762 0.969249 0.352587 0.970155 0.351364 0.972487 0.350664 0.972617 0.348566 0.971062 0.347343 0.970803 0.344371 0.963161 0.335105 0.963161 0.331259 0.960959 0.330385 0.961088 0.328636
0 0.713614 0.055892 0.713614 0.057990 0.714780 0.058514 0.714521 0.063759 0.716075 0.064283 0.716464 0.066556 0.719054 0.070052 0.719054 0.072850 0.720350 0.074248 0.720350 0.076871 0.721645 0.077570 0.723070 0.078269 0.725531 0.075297 0.725402 0.073374 0.727215 0.071276 0.727604 0.068304 0.728899 0.066731 0.728899 0.065332 0.731101 0.061661 0.731749 0.059913 0.732915 0.059388 0.733174 0.055367 0.734339 0.054843 0.732915 0.054143 0.732915 0.052745 0.714650 0.052045 0.713225 0.053969 0.712966 0.055192
0 0.740298 0.140262 0.740039 0.144108 0.739003 0.144983 0.738744 0.151101 0.737578 0.152850 0.737578 0.155297 0.736412 0.155647 0.736023 0.160542 0.734858 0.161591 0.734598 0.165962 0.732915 0.166311 0.733433 0.169808 0.737837 0.169283 0.738225 0.167885 0.745220 0.167185 0.745738 0.165612 0.751567 0.165962 0.752085 0.164563 0.759728 0.164213 0.759858 0.161941 0.765946 0.161941 0.767111 0.160542 0.768925 0.162990 0.768795 0.156346 0.763614 0.149878 0.764003 0.147430 0.755972 0.137290 0.756619 0.135367 0.748718 0.125052 0.748199 0.122430 0.746386 0.122780 0.746127 0.124528 0.743407 0.124178 0.744573 0.125927 0.744443 0.127150 0.743925 0.130297 0.740427 0.132745 0.740427 0.136241 0.743148 0.136416
0 0.686801 0.166311 0.686671 0.173129 0.686023 0.173654 0.684987 0.181521 0.682915 0.184493 0.684339 0.185017 0.684598 0.188514 0.683692 0.189213 0.683303 0.191486 0.681619 0.192710 0.681619 0.199353 0.680712 0.200927 0.685376 0.200752 0.686282 0.199703 0.690427 0.199178 0.691075 0.197780 0.696645 0.197255 0.697681 0.195682 0.703122 0.195682 0.704547 0.194458 0.707137 0.194108 0.706360 0.189038 0.704547 0.189038 0.704547 0.186591 0.695220 0.173654 0.695350 0.172605 0.691852 0.167185 0.691464 0.164913 0.688744 0.164563
0 0.275440 0.834126 0.275440 0.837797 0.276995 0.839021 0.277124 0.847413 0.278420 0.848112 0.278420 0.854056 0.279845 0.854580 0.279585 0.863147 0.281140 0.863497 0.281010 0.875210 0.279715 0.875210 0.278808 0.873811 0.275181 0.873811 0.274534 0.872762 0.272850 0.872587 0.271813 0.869790 0.267280 0.870839 0.266762 0.868741 0.262098 0.868916 0.261710 0.867168 0.258731 0.866818 0.256010 0.863322 0.254067 0.862972 0.253290 0.861399 0.254067 0.860000 0.253679 0.857203 0.255751 0.857552 0.266373 0.842867 0.268834 0.842692 0.268316 0.839545 0.269741 0.839545 0.273756 0.833951
0 0.289171 0.786573 0.289430 0.819965 0.291503 0.819790 0.292539 0.818217 0.296554 0.817692 0.296813 0.816469 0.308731 0.809126 0.311192 0.807028 0.311062 0.805455 0.307824 0.801434 0.306528 0.801608 0.304067 0.797762 0.302383 0.797762 0.299922 0.793392 0.298109 0.793566 0.293446 0.786573
0 0.172655 0.847657 0.177319 0.847657 0.177319 0.850105 0.185738 0.872832 0.186256 0.876503 0.188718 0.879633 0.188847 0.881923 0.187811 0.884196 0.185868 0.883671 0.185091 0.881923 0.174469 0.882797 0.173303 0.880350 0.161386 0.880874 0.160738 0.878951 0.158277 0.878951 0.158018 0.876678 0.161645 0.873182 0.161645 0.869685 0.164624 0.867063 0.164624 0.865647 0.168510 0.859528 0.168381 0.857098 0.170842 0.854650 0.170972 0.852203 0.172008 0.851661
0 0.695000 0.652150 0.695389 0.669458 0.692021 0.670157 0.691114 0.668409 0.690207 0.668234 0.689041 0.665962 0.687487 0.666311 0.686710 0.664563 0.684767 0.664038 0.681269 0.659668 0.684637 0.659668 0.684637 0.658444 0.687098 0.657920 0.687358 0.656696 0.690337 0.655822 0.691762 0.652850
0 0.507500 0.844108 0.507500 0.856696 0.506334 0.855122 0.504391 0.854948 0.504132 0.853724 0.501541 0.852850 0.499728 0.850052 0.498174 0.849703 0.494547 0.844983 0.497137 0.843059 0.498303 0.842010 0.501412 0.840612 0.502578 0.838864 0.508536 0.837465
0 0.008769 0.139965 0.010324 0.142587 0.010842 0.145734 0.011231 0.146958 0.012008 0.151853 0.013174 0.152727 0.013303 0.155874 0.015764 0.155524 0.017707 0.153776 0.017837 0.150979 0.018744 0.147483 0.021334 0.144860 0.021723 0.142587 0.021075 0.140315 0.017189 0.139441 0.016671 0.138217 0.010972 0.138042
0 0.427422 0.611224 0.435065 0.621014 0.435065 0.623287 0.438174 0.627133 0.439728 0.627483 0.440246 0.624860 0.440894 0.624161 0.441153 0.620839 0.442448 0.620490 0.442707 0.615944 0.444003 0.615245 0.444003 0.612273 0.445298 0.611923 0.445039 0.608601 0.446334 0.606503 0.446593 0.600909 0.448148 0.601084 0.448018 0.595839 0.438562 0.596014 0.438044 0.598287 0.430013 0.597937 0.429883 0.598636 0.423666 0.599161 0.423925 0.602483 0.424832 0.602832 0.424832 0.606154 0.427940 0.608252
0 0.514067 0.297762 0.514585 0.300227 0.514974 0.301451 0.515104 0.305280 0.518601 0.309126 0.521062 0.308969 0.521580 0.311591 0.524041 0.312622 0.527409 0.317517 0.528834 0.317517 0.529611 0.320839 0.531554 0.321014 0.532461 0.324336 0.535699 0.328007 0.536347 0.328357 0.537772 0.329755 0.538938 0.328881 0.540622 0.327133 0.541399 0.317185 0.542824 0.316643 0.542435 0.308776 0.543601 0.307902 0.543860 0.302133 0.544767 0.302657 0.545544 0.292517 0.546321 0.291836 0.546580 0.283619 0.542306 0.282745 0.541528 0.284650 0.539456 0.285367 0.536865 0.286399 0.536218 0.287797 0.533497 0.287990 0.532461 0.289895 0.527668 0.290245 0.527539 0.291486 0.523912 0.292360 0.523782 0.293584 0.520933 0.293584 0.520933 0.295332 0.517694 0.295857 0.517565 0.296888
0 0.281256 0.019685 0.276723 0.031923 0.276464 0.036818 0.275298 0.038217 0.275168 0.040664 0.274132 0.042063 0.273225 0.045909 0.271801 0.048007 0.272060 0.049755 0.287733 0.049930 0.289417 0.048531 0.289935 0.050804 0.292396 0.050629 0.292915 0.048531 0.297707 0.048357 0.298096 0.046084 0.297319 0.045035 0.296930 0.042762 0.296023 0.042413 0.295764 0.039441 0.291749 0.033671 0.291490 0.032797 0.288769 0.028776 0.288769 0.026154 0.283199 0.018636
0 0.540142 0.889196 0.543484 0.892885 0.543640 0.895962 0.553510 0.908252 0.553964 0.911731 0.555933 0.911119 0.561399 0.919318 0.562008 0.921171 0.576282 0.939615 0.576438 0.943514 0.580531 0.943706 0.581140 0.941661 0.581904 0.940437 0.582202 0.933059 0.583420 0.931818 0.583731 0.928549 0.584935 0.928339 0.585091 0.920752 0.586010 0.919738 0.586464 0.913374 0.587526 0.912552 0.587979 0.906416 0.589041 0.905385 0.589041 0.900472 0.590104 0.899038 0.591010 0.897395 0.592073 0.895962 0.589948 0.894930 0.591619 0.892273 0.591619 0.888776 0.593290 0.886731 0.592992 0.884073 0.594352 0.882430 0.594508 0.878741 0.595725 0.877920 0.595415 0.868497 0.594352 0.868706 0.593744 0.869930 0.587824 0.870542 0.587526 0.871573 0.558821 0.879773 0.557306 0.882028 0.552746 0.882640 0.552591 0.883654 0.548951 0.884895 0.548497 0.885909 0.542267 0.886329
0 0.305907 0.409038 0.324171 0.408689 0.323782 0.413059 0.319896 0.417780 0.320026 0.420402 0.318860 0.420752 0.318731 0.423374 0.316140 0.426171 0.316140 0.429318 0.313031 0.429843 0.311347 0.428619 0.311088 0.424598 0.310311 0.423199 0.310052 0.420752 0.309275 0.419703 0.308497 0.417080 0.307332 0.415857 0.307073 0.413759 0.306295 0.412710
0 0.475389 0.085175 0.475000 0.088671 0.490674 0.097587 0.490933 0.099161 0.492876 0.099510 0.493264 0.062448 0.491580 0.063147 0.490155 0.064720 0.489378 0.065070 0.487435 0.066469 0.486010 0.066643 0.483808 0.069441 0.482642 0.069441 0.482124 0.071014 0.479404 0.071538 0.477720 0.075385 0.476036 0.075559 0.475648 0.077133 0.473446 0.077483 0.470337 0.082028 0.470984 0.083601 0.471762 0.085524
0 0.160751 0.017990 0.159054 0.021154 0.156995 0.020979 0.156736 0.023776 0.151684 0.030227 0.151166 0.030227 0.150635 0.035664 0.154016 0.035839 0.155311 0.038094 0.159702 0.037937 0.160350 0.039336 0.166451 0.039843 0.166826 0.033916 0.166179 0.033392 0.165933 0.024825 0.164883 0.024825 0.164637 0.020979 0.162824 0.017832
0 0.592785 0.812780 0.599262 0.821346 0.600687 0.820822 0.603277 0.824318 0.604702 0.824318 0.605350 0.827465 0.607811 0.828689 0.614547 0.839003 0.615842 0.839353 0.615972 0.838479 0.617396 0.837255 0.617526 0.829213 0.618692 0.828514 0.619210 0.818549 0.620117 0.818024 0.620505 0.811731 0.621930 0.811381 0.621412 0.792325 0.593951 0.807710 0.591231 0.807885 0.590972 0.813129
0 0.609495 0.452780 0.615583 0.461521 0.615583 0.464318 0.616878 0.464493 0.617526 0.466066 0.620246 0.466066 0.620505 0.468689 0.622189 0.471136 0.623614 0.471136 0.624650 0.474808 0.626205 0.475332 0.631775 0.467115 0.631775 0.450857 0.633070 0.450332 0.633070 0.442290 0.631645 0.441766 0.631645 0.443164 0.626464 0.444038 0.626334 0.445087 0.621671 0.445787 0.621671 0.446486 0.617915 0.447360 0.617396 0.448759 0.612345 0.448934 0.611438 0.450507
0 0.493990 0.256871 0.489456 0.262115 0.489845 0.264895 0.487513 0.267010 0.487513 0.269790 0.484922 0.272762 0.484663 0.275559 0.479611 0.281678 0.479741 0.283619 0.475984 0.288339 0.475725 0.290962 0.472876 0.294615 0.473005 0.296206 0.470285 0.300035 0.472228 0.302325 0.480777 0.302133 0.481554 0.303724 0.491528 0.303724 0.492306 0.304948 0.501503 0.304755 0.501373 0.307028 0.510052 0.307028 0.498005 0.268042 0.498135 0.265262 0.498005 0.265070 0.497617 0.261399 0.496580 0.260367 0.496451 0.257902
0 0.862772 0.767413 0.863031 0.784720 0.863031 0.788392 0.864197 0.786469 0.865233 0.785944 0.866269 0.784720 0.868083 0.784720 0.868860 0.783147 0.870933 0.783322 0.871192 0.781748 0.873653 0.781573 0.875337 0.778601 0.871192 0.772308 0.869896 0.773357 0.868860 0.771084 0.867565 0.771434 0.864456 0.766888
0 0.958394 0.640350 0.958782 0.643322 0.960466 0.643147 0.961891 0.640874 0.962280 0.631434 0.964223 0.629860 0.962280 0.628986 0.962150 0.627587 0.963575 0.626713 0.963575 0.624441 0.962280 0.621993 0.959819 0.622343 0.958912 0.624091 0.956839 0.624091 0.954637 0.628112 0.950751 0.627587 0.950622 0.629161 0.948031 0.630035 0.951399 0.634231 0.953342 0.634231 0.952953 0.637902 0.955285 0.637552 0.956451 0.639301
0 0.121632 0.318951 0.122021 0.321049 0.120855 0.321748 0.120596 0.327867 0.119041 0.328566 0.118912 0.337133 0.117746 0.338007 0.118005 0.342552 0.119560 0.344476 0.120984 0.342902 0.124093 0.342203 0.124870 0.340455 0.125648 0.342028 0.127073 0.341154 0.129663 0.340804 0.130440 0.339755 0.133290 0.338881 0.133549 0.337657 0.135492 0.336783 0.135751 0.332587 0.128756 0.323497 0.128238 0.324021 0.127073 0.322273 0.126295 0.321399 0.125777 0.318427
0 0.931878 0.004493 0.931490 0.007640 0.930712 0.008339 0.930324 0.014108 0.929158 0.014458 0.929288 0.017080 0.927604 0.018479 0.927863 0.019703 0.926308 0.020752 0.925920 0.031766 0.925402 0.035262 0.922940 0.036311 0.922293 0.041556 0.921127 0.042605 0.921127 0.044003 0.918666 0.047850 0.918407 0.055892 0.917889 0.056241 0.917370 0.058339 0.916334 0.059563 0.915687 0.067255 0.912189 0.071976 0.911801 0.075997 0.922811 0.076696 0.924754 0.074773 0.932915 0.074773 0.933821 0.072500 0.944702 0.073024 0.945997 0.072150 0.952604 0.071451 0.952992 0.069703 0.966075 0.069178 0.966334 0.067955 0.970868 0.067255 0.974365 0.063234 0.972163 0.062885 0.972034 0.060962 0.970609 0.060612 0.970091 0.056766 0.969313 0.055542 0.968925 0.052745 0.966593 0.052220 0.965039 0.050122 0.964909 0.047325 0.962578 0.046801 0.962578 0.042430 0.958951 0.041381 0.958174 0.039983 0.953122 0.032640 0.952992 0.029493 0.951179 0.029493 0.950920 0.023724 0.948070 0.023549 0.946256 0.019703 0.946516 0.017955 0.942111 0.012710 0.940946 0.008689 0.939650 0.008689 0.938614 0.006066 0.937707 0.003094
0 0.840972 0.757115 0.840712 0.764983 0.838381 0.769003 0.845376 0.768829 0.846153 0.768129 0.849650 0.767605 0.849909 0.765507 0.851593 0.765332 0.851593 0.762710 0.850427 0.761836 0.849132 0.760087 0.848614 0.760087 0.848614 0.758164 0.846023 0.753269 0.842655 0.753444
0 0.752630 0.498671 0.753018 0.517395 0.753795 0.515647 0.756386 0.515122 0.759495 0.512675 0.762358 0.512325 0.765596 0.507937 0.765725 0.504965 0.763264 0.504965 0.760013 0.500245 0.758847 0.500245 0.757163 0.497797
0 0.422383 0.904196 0.422383 0.907692 0.420959 0.908566 0.421218 0.934615 0.437409 0.922203 0.438705 0.922552 0.441425 0.918706 0.438575 0.918007 0.436114 0.914161 0.434819 0.914161 0.431451 0.909615 0.429508 0.909266 0.426658 0.905420 0.425492 0.905420 0.424845 0.903497
