0 0.523627 0.692413 0.504080 0.698689 0.503912 0.702220 0.518407 0.722063 0.520829 0.720559 0.520648 0.713024
1 0.049184 0.000000 0.035635 0.029283 0.035881 0.032028 0.038925 0.036136 0.038420 0.040927 0.037655 0.045717 0.031308 0.046748 0.030052 0.048811 0.028523 0.048811 0.027513 0.046066 0.028782 0.043322 0.029028 0.039213 0.014378 0.000000
1 0.152163 0.000000 0.152383 0.011801 0.154676 0.014545 0.176710 0.000000
1 0.488459 0.023794 0.499365 0.015227 0.501904 0.010787 0.503938 0.009755 0.508756 0.002902 0.510531 0.003584 0.522215 0.046748 0.523225 0.052238 0.523225 0.057028 0.524754 0.062168 0.478549 0.047098 0.488705 0.032710
1 0.450635 0.075647 0.447396 0.075472 0.446490 0.077045 0.445712 0.078094 0.445842 0.087185 0.445065 0.087535 0.444547 0.097850 0.442733 0.098024 0.442733 0.100472 0.446231 0.105017 0.446878 0.103094 0.459702 0.096451 0.462163 0.095927 0.463718 0.092605 0.463588 0.089633
1 0.467085 0.127395 0.478614 0.127220 0.478873 0.126696 0.484184 0.125997 0.485220 0.123549 0.485350 0.125997 0.487811 0.125472 0.488199 0.127220 0.489236 0.127920 0.489106 0.129318 0.488588 0.134038 0.485997 0.136311 0.484054 0.146276 0.482241 0.150122 0.481593 0.152745 0.480946 0.153794 0.480039 0.154843 0.476930 0.155017 0.473692 0.150122 0.473692 0.148024 0.471490 0.146276 0.471360 0.142955 0.467474 0.138234 0.465402 0.137185 0.465531 0.129143
1 0.093070 0.220787 0.124547 0.214668 0.125194 0.213252 0.128692 0.216941 0.128174 0.218689 0.116386 0.260647 0.112241 0.261521 0.099158 0.241416 0.096567 0.231451 0.092940 0.228304
1 0.045272 0.279685 0.039573 0.279528 0.036593 0.273916 0.032578 0.274441 0.025712 0.285997 0.021826 0.286871 0.021826 0.291049 0.019495 0.297360 0.025065 0.308199 0.027785 0.307325 0.038795 0.316941 0.040220 0.314650 0.040997 0.312378 0.042422 0.310822 0.047474 0.310472 0.049028 0.306259 0.051749 0.305909 0.050453 0.303636 0.050065 0.298584 0.049028 0.298584 0.049028 0.296136 0.044883 0.290524
1 0.101878 0.308199 0.129598 0.291923 0.134650 0.291923 0.134262 0.304161 0.133484 0.304878 0.132707 0.315000 0.132060 0.315192 0.131930 0.335979 0.130894 0.336853 0.127008 0.337220 0.120790 0.332675 0.119106 0.329178 0.115868 0.327605 0.115091 0.324266 0.110298 0.322360 0.109391 0.319738 0.106153 0.319021 0.104728 0.317115 0.104469 0.315000 0.102396 0.314126 0.100842 0.311346
1 0.125557 0.402028 0.131386 0.386643 0.159365 0.441888 0.151075 0.442413 0.149003 0.444510 0.149003 0.447308 0.144339 0.452552 0.142396 0.452552 0.138510 0.447308 0.132681 0.448182 0.124650 0.460944 0.123484 0.460769 0.120376 0.453077 0.117915 0.452378 0.117267 0.451154 0.115583 0.450105 0.117526 0.446958 0.116231 0.446259 0.115194 0.445734 0.115583 0.438916 0.108718 0.431399 0.107034 0.431224 0.106127 0.424056 0.108718 0.423531 0.110142 0.420559 0.110402 0.410420 0.116619 0.410420 0.117526 0.413741 0.117655 0.411119 0.119210 0.410420 0.119210 0.405699 0.120117 0.405524 0.120376 0.402378
1 0.045894 0.488811 0.049391 0.489860 0.051205 0.493357 0.051982 0.496853 0.051982 0.497552 0.054573 0.501049 0.054313 0.505944 0.055738 0.507517 0.055609 0.511364 0.057940 0.515210 0.058329 0.518706 0.059624 0.520455 0.057811 0.524301 0.044080 0.524301 0.044080 0.522902 0.038899 0.522552 0.038510 0.521154 0.034106 0.520629 0.033588 0.518881 0.032034 0.515559 0.041490 0.500699
1 0.039883 0.527692 0.036645 0.528042 0.035997 0.529266 0.034054 0.529615 0.029521 0.536608 0.027707 0.536783 0.022396 0.544301 0.021878 0.546923 0.023692 0.550245 0.026153 0.550594 0.026801 0.553566 0.028744 0.554266 0.030168 0.555315 0.031075 0.553566 0.031593 0.553741 0.035997 0.557762 0.037163 0.558112 0.037293 0.558811 0.041438 0.559161 0.041438 0.557413 0.042863 0.555839 0.043122 0.544825 0.042345 0.543077 0.041567 0.543077 0.041438 0.532762 0.040013 0.533636
1 0.015117 0.651836 0.017060 0.648864 0.021075 0.658479 0.025091 0.658829 0.025479 0.660577 0.032345 0.660927 0.032345 0.662150 0.035453 0.662850 0.038692 0.667220 0.031049 0.685402 0.034417 0.704808 0.008510 0.695542 0.004883 0.696066 0.002034 0.701486 0.001386 0.705507 0.000000 0.705507 0.000000 0.673462 0.000738 0.673514 0.004236 0.666521 0.006438 0.665297 0.006956 0.661976 0.008251 0.661626 0.008122 0.654983 0.007085 0.654983 0.006697 0.650437 0.012526 0.649738 0.012915 0.653234
1 0.078070 0.730157 0.092707 0.721591 0.092707 0.744668 0.089987 0.744668 0.088821 0.742920 0.086101 0.742745 0.084417 0.739423 0.082085 0.739423 0.077552 0.733129
1 0.040764 0.763549 0.039210 0.764423 0.038303 0.761801 0.034288 0.762150 0.031956 0.758304 0.028718 0.758829 0.027811 0.756556 0.024832 0.757605 0.024961 0.768619 0.026904 0.770017 0.024443 0.770892 0.025997 0.772990 0.025220 0.774913 0.025220 0.775087 0.023407 0.777885 0.023536 0.794668 0.024832 0.795367 0.023666 0.798164 0.023925 0.798864 0.024573 0.799388 0.024961 0.803234 0.026645 0.803934 0.028718 0.807255 0.030272 0.807430 0.036878 0.800262 0.036878 0.797640 0.037526 0.796066 0.037655 0.789423 0.039598 0.786801 0.038821 0.784528 0.037655 0.784878 0.037785 0.783304 0.039728 0.781906 0.038821 0.779458 0.034417 0.771766 0.036619 0.769668 0.037915 0.770542 0.039469 0.770892 0.039598 0.772115 0.046334 0.772815 0.047111 0.764773 0.043744 0.760927 0.043873 0.759178 0.041801 0.759003 0.040505 0.760402
1 0.058925 0.865035 0.073174 0.865559 0.073692 0.863462 0.079521 0.863636 0.081723 0.866608 0.065531 0.912937 0.064106 0.911364 0.049858 0.885140 0.048821 0.884615 0.048303 0.880245 0.045453 0.878497 0.045324 0.874825 0.043899 0.872727 0.043769 0.870629 0.042733 0.870105 0.043122 0.866434 0.058536 0.867308
1 0.276036 0.918427 0.287306 0.925070 0.288472 0.924895 0.288990 0.927168 0.291321 0.927343 0.290803 0.931364 0.286788 0.936958 0.285233 0.936958 0.284845 0.940979 0.283161 0.939580 0.278497 0.945699 0.277461 0.944476 0.276036 0.941329 0.274870 0.939930 0.274482 0.930140 0.273575 0.929441 0.273705 0.918077
1 0.350687 1.000000 0.348057 0.992902 0.360104 0.985559 0.359974 0.970524 0.362047 0.971224 0.363731 0.971923 0.386788 0.989406 0.388990 0.989231 0.391839 0.993427 0.393653 0.993077 0.393912 0.994126 0.396762 0.995175 0.395997 1.000000
1 0.554663 0.917727 0.549611 0.924545 0.548316 0.923497 0.536917 0.936783 0.533679 0.936958 0.532383 0.934161 0.530959 0.933462 0.531088 0.917902 0.530311 0.917902 0.530052 0.901294 0.528627 0.899720 0.528756 0.888531 0.531995 0.888182 0.533679 0.889056 0.536140 0.889755 0.536140 0.891503 0.556088 0.904266 0.559845 0.903916 0.562953 0.898322 0.563212 0.894126 0.561788 0.892203 0.563601 0.890804 0.563212 0.882762 0.564624 0.882587 0.565415 0.879790 0.567746 0.879615 0.569158 0.877168 0.572927 0.882063 0.574482 0.882063 0.582902 0.895000 0.585350 0.895000 0.589637 0.901993 0.591321 0.902168 0.592474 0.904615 0.594417 0.903392 0.599870 0.912133 0.598834 0.912483 0.598187 0.916503 0.595466 0.919126 0.593769 0.919650 0.591179 0.921923 0.591826 0.931364 0.594301 0.934510 0.594560 0.936958 0.586140 0.937133 0.584702 0.934860 0.580570 0.934860 0.579404 0.933636 0.578627 0.935385 0.572927 0.935559 0.572021 0.937308 0.567746 0.937483 0.567487 0.939056 0.562034 0.939056 0.560233 0.942727 0.558938 0.942028 0.557772 0.940105 0.555440 0.937657 0.559715 0.933462 0.559974 0.925420 0.561010 0.923671 0.560091 0.922797 0.559443 0.920874 0.557254 0.920874 0.556606 0.918601 0.555829 0.919301
1 0.602073 0.885559 0.598303 0.897448 0.594819 0.897098 0.587940 0.880140 0.590155 0.878916 0.591062 0.877343 0.594171 0.877867 0.594171 0.878566 0.597798 0.878566 0.598575 0.880839 0.600518 0.881014 0.601541 0.879615 0.603627 0.881014 0.603627 0.883986
1 0.624611 0.985385 0.624482 0.988531 0.625777 0.990105 0.625492 1.000000 0.652383 1.000000 0.652060 0.999021 0.634456 0.988007 0.633277 0.986434 0.631218 0.985734 0.630687 0.983811
1 0.655570 0.902343 0.653756 0.902343 0.653756 0.899021 0.657642 0.894650 0.685363 0.917727 0.687681 0.918252 0.687824 0.922622 0.661775 0.942727 0.660233 0.942028 0.659585 0.943601 0.652591 0.943776 0.653109 0.930315 0.654145 0.929790 0.654145 0.912832 0.655052 0.912832 0.655181 0.909685 0.654003 0.908636 0.654793 0.907413 0.655440 0.907413
1 0.493342 0.773689 0.469378 0.787517 0.466528 0.787150 0.466269 0.789423 0.484534 0.814615 0.486347 0.815997 0.489715 0.816364 0.490881 0.807080 0.494508 0.785052 0.496192 0.783304 0.496062 0.776311
1 0.422228 0.775962 0.404352 0.776154 0.404223 0.777902 0.403187 0.779283 0.403057 0.782080 0.405777 0.782430 0.407850 0.784528 0.408627 0.788392 0.410699 0.790647 0.410829 0.791521 0.414845 0.798339 0.418212 0.798164 0.418860 0.800787 0.422098 0.800629 0.424171 0.796591 0.425078 0.795385 0.424948 0.784353 0.423264 0.781556 0.421580 0.781399
1 0.343549 0.679388 0.361036 0.669073 0.361166 0.690402 0.360000 0.691801 0.358446 0.713129 0.344845 0.700892 0.341736 0.698794 0.340181 0.698269 0.338756 0.695472 0.336425 0.695822 0.322694 0.706836 0.320751 0.705087 0.320104 0.703864 0.319845 0.696346 0.321269 0.695997 0.321399 0.683059 0.323083 0.683584 0.322176 0.661381 0.323860 0.658409 0.327617 0.658409 0.334741 0.667150
1 0.243290 0.748794 0.234352 0.744598 0.232021 0.744948 0.232021 0.754388 0.233057 0.755262 0.232668 0.761206 0.235259 0.763479 0.238627 0.762780 0.241477 0.757185 0.243420 0.755787 0.244456 0.753864 0.245233 0.755962 0.246788 0.757885 0.248990 0.755437 0.251062 0.752115 0.249637 0.751416 0.249896 0.744598 0.246788 0.744948
1 0.173135 0.688269 0.168990 0.690892 0.165363 0.694913 0.163161 0.695962 0.160829 0.695962 0.160699 0.694913 0.158109 0.693864 0.158109 0.678654 0.159145 0.676906 0.159404 0.671486 0.160052 0.671136 0.160570 0.663269 0.162772 0.659948 0.164974 0.662570 0.166788 0.662220 0.166788 0.665892 0.181166 0.679353 0.181036 0.680752 0.180389 0.681626 0.180000 0.685472 0.177409 0.688969
1 0.626347 0.766084 0.626878 0.791434 0.627915 0.794580 0.629728 0.795455 0.632176 0.795280 0.632578 0.793881 0.650453 0.773427 0.649935 0.767657 0.646049 0.767657 0.645013 0.765559 0.642293 0.765559 0.641516 0.764161 0.636982 0.763287 0.636062 0.761364 0.634767 0.761713 0.631671 0.758392 0.628562 0.758217 0.625699 0.762238
1 0.539054 0.655420 0.537111 0.674126 0.495920 0.645105 0.495013 0.642308 0.504080 0.636014 0.504080 0.633392 0.498381 0.624301 0.499028 0.620629 0.500052 0.619231 0.525065 0.618706 0.525959 0.616958 0.540207 0.616958 0.540091 0.623252 0.538536 0.624650 0.538536 0.626399 0.538148 0.627098 0.537370 0.630245 0.536464 0.630769 0.536464 0.639336 0.538148 0.640909 0.538795 0.645105 0.541256 0.645105 0.541256 0.648252 0.543718 0.650524 0.544093 0.654895
1 0.659262 0.627622 0.659132 0.643531 0.658225 0.644231 0.657837 0.658566 0.656541 0.659441 0.656412 0.674650 0.655376 0.675175 0.655492 0.677797 0.654469 0.677972 0.623899 0.648427 0.624288 0.646853 0.627267 0.646503 0.657837 0.626224
1 0.681801 0.655070 0.681671 0.656818 0.679858 0.656993 0.666645 0.675524 0.665479 0.675000 0.663795 0.676923 0.664313 0.679371 0.664313 0.679895 0.666645 0.681119 0.682694 0.687063 0.682837 0.688287 0.688018 0.688986 0.688277 0.674650 0.687111 0.674126 0.686334 0.666958 0.685285 0.667133 0.684637 0.658916 0.684391 0.658916 0.683614 0.655944
1 0.712370 0.734615 0.715997 0.734965 0.719754 0.730944 0.723899 0.729545 0.724547 0.729021 0.725324 0.730594 0.726231 0.731469 0.726490 0.735490 0.725842 0.737587 0.725583 0.741958 0.724288 0.743357 0.724028 0.748252 0.720790 0.747727 0.716256 0.741434 0.712370 0.738811
1 0.768588 0.795629 0.741645 0.815385 0.740479 0.817483 0.736852 0.819406 0.738795 0.822727 0.740609 0.822902 0.764573 0.844056 0.764702 0.846853 0.769236 0.845979 0.770402 0.841259 0.770920 0.841084 0.772604 0.841084 0.773510 0.834441 0.773251 0.834266 0.771049 0.830420 0.770531 0.825175 0.769365 0.827273 0.770142 0.820455 0.771179 0.820280 0.770790 0.798077
1 0.795402 0.747378 0.795402 0.744580 0.804598 0.745455 0.811075 0.752448 0.811075 0.754895 0.806930 0.759091 0.806801 0.761364 0.806023 0.763462 0.805505 0.765559 0.803951 0.766434 0.803303 0.770280 0.798381 0.770455 0.797733 0.769231 0.793459 0.774126 0.791775 0.773427 0.791775 0.770979 0.787500 0.770455 0.786464 0.767308 0.783096 0.767308 0.781153 0.764336 0.778303 0.763986 0.778692 0.759965 0.781282 0.760140 0.783096 0.759091 0.784650 0.758392 0.785946 0.756119 0.789054 0.754545 0.789443 0.753322 0.791645 0.754196
1 0.798899 0.799825 0.797085 0.803322 0.796697 0.835839 0.794365 0.837937 0.795272 0.839161 0.795402 0.840385 0.800842 0.840385 0.815997 0.828497 0.818588 0.829021 0.818847 0.830245 0.820661 0.830420 0.822345 0.828497 0.821956 0.820979 0.823899 0.818007 0.830894 0.818007 0.831801 0.819755 0.834003 0.821154 0.834262 0.822028 0.835946 0.819056 0.837241 0.816783 0.839832 0.813112 0.841645 0.813636 0.842422 0.809965 0.842811 0.809266 0.843588 0.802797 0.840609 0.799650 0.840609 0.793706 0.842811 0.792308 0.842163 0.790035 0.841256 0.789685 0.839961 0.788112 0.835298 0.787587 0.832837 0.785490 0.830764 0.784965 0.829210 0.783042 0.829210 0.785839 0.826878 0.786713 0.826619 0.791783 0.822733 0.794406 0.822474 0.794755 0.820531 0.796154 0.820272 0.803497 0.818329 0.805594 0.819754 0.806119 0.820013 0.810839 0.816904 0.814510 0.815609 0.815035
1 0.848510 0.814860 0.857707 0.783392 0.857319 0.779895 0.860427 0.779371 0.861852 0.781469 0.862370 0.783916 0.870790 0.797203 0.870661 0.797902 0.878303 0.808392 0.878303 0.811538 0.879987 0.814336 0.878174 0.816259 0.875194 0.816259 0.873899 0.817832 0.859262 0.817832 0.859132 0.819406 0.846567 0.820629 0.846567 0.818706 0.844624 0.816958
0 0.622772 0.046993 0.619650 0.065192 0.631166 0.060315
0 0.641528 0.063636 0.641528 0.082745 0.654521 0.075857 0.654352 0.070297
1 0.840868 0.718007 0.841127 0.727622 0.843847 0.730245 0.843588 0.741084 0.842422 0.741958 0.843459 0.743706 0.842681 0.746154 0.843199 0.748252 0.843718 0.748601 0.843459 0.755420 0.842422 0.755594 0.841904 0.764510 0.839313 0.768706 0.840479 0.768881 0.840868 0.770105 0.843588 0.770280 0.845920 0.768881 0.866904 0.751399 0.868977 0.751399 0.870013 0.748951 0.874028 0.746678 0.875324 0.746503 0.876101 0.742308 0.849028 0.718706 0.848122 0.718706 0.847345 0.716608 0.843199 0.715734
1 0.830894 0.693881 0.832060 0.692133 0.834003 0.692657 0.834391 0.697727 0.835816 0.698077 0.835687 0.709091 0.834650 0.709615 0.833744 0.710839 0.831412 0.710839 0.831153 0.709091 0.826749 0.709266 0.826231 0.707867 0.825842 0.708741 0.824547 0.709965 0.824028 0.714510 0.822474 0.716958 0.816256 0.716608 0.815997 0.715035 0.814054 0.714860 0.813148 0.713462 0.812759 0.713112 0.812241 0.711538 0.810168 0.711014 0.807189 0.706993 0.807189 0.703846 0.808614 0.706294 0.816386 0.700350 0.816516 0.698951 0.822215 0.699126 0.822215 0.697378 0.825842 0.697203 0.826101 0.696154 0.827655 0.695629 0.828303 0.694056
1 0.844883 0.651923 0.847992 0.651399 0.847992 0.652797 0.849806 0.653147 0.849806 0.658217 0.853821 0.663462 0.852396 0.665734 0.849158 0.665909 0.848251 0.668007 0.844883 0.667657 0.844365 0.668881 0.835946 0.669755 0.835557 0.668706 0.838925 0.665385 0.838536 0.661538 0.840868 0.658042 0.840738 0.653846 0.843977 0.650350
1 0.864573 0.674650 0.870531 0.674301 0.870272 0.686713 0.867422 0.686888 0.861334 0.679720 0.861593 0.675874 0.863277 0.676748
1 0.876749 0.657343 0.876490 0.650175 0.881801 0.643706 0.882319 0.642133 0.884650 0.640385 0.884909 0.634091 0.886723 0.632343 0.890350 0.632517 0.890609 0.636014 0.891904 0.638636 0.891775 0.641783 0.900194 0.662063 0.900324 0.666259 0.901749 0.667657 0.904728 0.663986 0.907578 0.664161 0.907837 0.671154 0.909262 0.672203 0.909132 0.674301 0.904210 0.674301 0.903562 0.672552 0.900583 0.672378 0.897604 0.667483 0.885687 0.667308 0.884780 0.666259 0.884132 0.666608 0.873510 0.665909 0.872863 0.664685 0.870531 0.663811 0.870531 0.662413 0.873381 0.661713 0.874158 0.660839 0.876360 0.661189
1 0.897824 0.889476 0.918342 0.863024 0.918342 0.859493 0.921878 0.859913 0.925130 0.865524 0.924974 0.869703 0.926516 0.875944 0.926516 0.876766 0.927746 0.879266 0.926969 0.882815 0.928977 0.884266 0.928821 0.887815 0.930518 0.898217 0.930829 0.901958 0.931762 0.903427 0.924508 0.903427 0.923886 0.902587 0.920181 0.901556 0.919573 0.900087 0.914637 0.899878 0.914171 0.898427 0.908925 0.898427 0.908459 0.896556 0.902759 0.896976 0.902759 0.894476 0.899054 0.894476 0.897824 0.891346 0.895816 0.891766 0.895972 0.890105
1 0.936528 0.893706 0.938705 0.895087 0.939935 0.898007 0.948109 0.898217 0.951813 0.903636 0.952733 0.903217 0.953977 0.898007 0.955674 0.896556 0.967707 0.896346 0.967396 0.891556 0.951503 0.849913 0.949806 0.850752 0.929598 0.887185 0.929443 0.892605
1 0.928057 0.938811 0.922034 0.947570 0.918951 0.948392 0.928666 0.956731 0.931295 0.957552 0.931451 0.954441 0.932526 0.953811 0.932370 0.945892 0.931140 0.945490 0.930829 0.940909
1 0.913951 0.643899 0.910065 0.637430 0.908251 0.638129 0.907992 0.637080 0.907474 0.635682 0.907085 0.631136 0.909676 0.628339 0.916671 0.627465 0.917837 0.629738 0.918096 0.635507 0.920557 0.636206 0.924313 0.643549 0.924573 0.647745 0.926516 0.651766 0.927034 0.655962 0.928459 0.658584 0.927034 0.661206 0.921205 0.662780 0.921075 0.661031 0.917837 0.660507 0.916801 0.658934 0.911101 0.658584 0.910324 0.657710 0.907992 0.656661 0.910324 0.653864 0.911619 0.653864 0.911878 0.649493 0.914598 0.648969
1 0.890505 0.619948 0.894780 0.620822 0.894650 0.616276 0.892060 0.613479 0.892189 0.609108 0.894909 0.604563 0.895039 0.602115 0.887267 0.601941 0.886749 0.602990 0.885583 0.601416 0.884935 0.602640 0.873407 0.603339 0.872889 0.607010 0.874443 0.607535 0.874054 0.611206 0.878588 0.615927 0.878459 0.618724 0.879495 0.618724 0.879106 0.621871 0.884676 0.627640 0.885583 0.627640
1 0.939469 0.585857 0.936231 0.585682 0.934935 0.586906 0.932992 0.587780 0.932474 0.589003 0.929365 0.589003 0.929106 0.590577 0.923925 0.590577 0.923795 0.589878 0.921982 0.588304 0.925997 0.583234 0.925868 0.579913 0.929236 0.576416 0.928718 0.573619 0.925350 0.572920 0.924054 0.568899 0.923666 0.571696 0.922241 0.568024 0.917578 0.567675 0.914080 0.562780 0.912526 0.562955 0.910194 0.564878 0.910712 0.567500 0.908640 0.567675 0.907863 0.566101 0.905142 0.566101 0.905013 0.564353 0.903070 0.564528 0.902940 0.557535 0.904365 0.555787 0.910065 0.556311 0.911231 0.559458 0.916412 0.559633 0.958122 0.534808 0.958640 0.533409 0.963433 0.533059 0.964598 0.531486 0.964858 0.555437 0.964080 0.555962 0.963433 0.562080 0.962526 0.562605 0.962655 0.570297 0.961490 0.569948 0.960842 0.582885 0.960583 0.582010 0.959547 0.593549 0.958640 0.594073 0.958381 0.603339 0.957215 0.604738 0.954624 0.600717 0.953070 0.600542 0.952422 0.599843 0.951775 0.599318 0.949961 0.599493 0.949702 0.597220 0.945946 0.597395 0.945816 0.594248 0.936490 0.593549 0.936749 0.591626 0.939339 0.588654
1 0.982474 0.610157 0.985842 0.618549 0.987267 0.619773 0.987008 0.625192 0.985324 0.627115 0.983640 0.627465 0.983122 0.626066 0.977811 0.625017 0.977552 0.623969 0.974702 0.623969 0.974573 0.620822 0.977293 0.620997 0.976904 0.617675 0.979236 0.615402 0.979624 0.612605
1 0.832474 0.512080 0.839080 0.517500 0.839080 0.520647 0.841023 0.520647 0.845946 0.527815 0.847889 0.527640 0.851127 0.533409 0.852940 0.532710 0.859158 0.542325 0.860842 0.542325 0.862785 0.545472 0.864080 0.544948 0.866671 0.546521 0.866801 0.549493 0.864858 0.550367 0.865635 0.551591 0.866801 0.553514 0.870039 0.553514 0.870687 0.555787 0.873407 0.555962 0.875868 0.552465 0.877681 0.552115 0.879236 0.549843 0.879236 0.547745 0.880920 0.544948 0.882863 0.544948 0.896593 0.526941 0.895946 0.524493 0.891671 0.523619 0.889858 0.520122 0.885712 0.520997 0.884806 0.518899 0.881179 0.518724 0.880790 0.516976 0.880013 0.516101 0.879624 0.504563 0.880790 0.503339 0.880661 0.500717 0.881567 0.499668 0.882604 0.498094 0.888433 0.497920 0.888174 0.491276 0.885194 0.490752 0.884417 0.493199 0.883769 0.492850 0.883640 0.491801 0.882474 0.490927 0.882345 0.487955 0.881049 0.487605 0.880661 0.484633 0.877552 0.484283 0.877163 0.486556 0.875220 0.485857 0.874573 0.487955 0.871464 0.487080 0.870687 0.489178 0.869391 0.490227 0.866541 0.490577 0.864858 0.493199 0.854106 0.492850 0.853199 0.491801 0.848666 0.491276 0.847630 0.489353 0.842448 0.488829 0.841412 0.491101 0.839339 0.491276 0.839598 0.497395 0.840764 0.497570 0.839728 0.499493 0.839858 0.502815 0.838044 0.504038 0.839598 0.505962 0.836490 0.509283
1 0.884806 0.413304 0.881826 0.411906 0.880531 0.410682 0.880272 0.408409 0.873536 0.408234 0.872759 0.407185 0.866930 0.406836 0.866282 0.405962 0.859547 0.404738 0.858769 0.402465 0.857085 0.401416 0.882604 0.366101 0.882345 0.364878 0.884676 0.362955 0.885583 0.361906 0.886749 0.362605 0.887267 0.360332 0.888821 0.359808 0.890376 0.362080 0.890764 0.366276 0.892448 0.367850 0.892837 0.370472 0.893484 0.370472 0.893614 0.376591 0.895557 0.377990 0.893484 0.379913 0.894909 0.381661 0.894909 0.386206 0.895816 0.386031 0.896205 0.389353 0.898536 0.389178 0.898925 0.392675 0.901127 0.392850 0.905272 0.399493 0.905272 0.400717 0.911490 0.409108 0.912267 0.409108 0.914339 0.411556 0.914339 0.413129 0.915117 0.415052 0.915246 0.416626 0.914469 0.418899 0.912526 0.418899 0.911619 0.420997 0.907863 0.421171 0.906697 0.422920 0.902681 0.422745 0.902422 0.424318 0.899443 0.424493 0.899184 0.425892 0.897241 0.426591 0.896464 0.427640 0.894391 0.427990 0.893873 0.430087 0.890894 0.429913 0.889598 0.431311 0.882863 0.431486 0.882215 0.429738 0.881179 0.428689 0.885065 0.428164 0.884676 0.424318 0.882474 0.425017 0.882474 0.420297 0.884158 0.420122 0.883510 0.414528
1 0.949352 0.353462 0.945181 0.353462 0.944275 0.351871 0.943368 0.350647 0.943368 0.347832 0.947008 0.347657 0.947137 0.346259 0.948964 0.346783 0.949741 0.344843 0.951036 0.344493 0.950907 0.339406 0.952215 0.338706 0.952474 0.335892 0.950389 0.334668 0.950648 0.325524 0.952863 0.324825 0.954041 0.327465 0.954948 0.324650 0.958990 0.330787 0.960026 0.329913 0.961982 0.332378 0.962889 0.332203 0.964326 0.334301 0.965622 0.333951 0.967837 0.337290 0.976166 0.336941 0.977345 0.335892 0.978899 0.335892 0.979417 0.345385 0.998951 0.363129 0.995557 0.369091 0.993744 0.369091 0.989054 0.376294 0.981503 0.376294 0.980855 0.377535 0.978381 0.377710 0.976554 0.380699 0.975000 0.380874 0.972785 0.384913 0.969391 0.384738 0.969391 0.386311 0.970570 0.387552 0.969922 0.389650 0.965622 0.389650 0.963666 0.391591 0.963795 0.394388 0.952461 0.395979 0.951813 0.395979 0.951813 0.395629 0.949534 0.394703 0.949663 0.392955 0.947837 0.390839 0.948484 0.385612 0.950181 0.384563 0.949145 0.372500 0.951347 0.372150 0.950687 0.368304 0.948225 0.364458 0.948355 0.362517 0.950427 0.360787
1 0.856153 0.263689 0.856930 0.261748 0.858225 0.263164 0.860298 0.263689 0.863795 0.268566 0.865609 0.269441 0.873510 0.279580 0.874806 0.279580 0.875972 0.283601 0.877785 0.283427 0.882060 0.289545 0.883873 0.289388 0.886852 0.294091 0.886852 0.300402 0.883744 0.300909 0.882837 0.301958 0.878433 0.302657 0.878044 0.303899 0.875712 0.303899 0.875065 0.306154 0.871438 0.305804 0.870402 0.307028 0.867422 0.307745 0.866904 0.309493 0.862759 0.309650 0.862500 0.310892 0.861075 0.311573 0.858873 0.313864 0.857189 0.312273 0.856282 0.313514 0.852396 0.314895 0.852137 0.317010 0.848640 0.316486 0.845790 0.311766 0.847474 0.311399 0.847085 0.305804 0.849806 0.304406 0.848640 0.302832 0.847085 0.302150 0.846697 0.299528 0.845920 0.296538 0.843329 0.296381 0.843329 0.294965 0.841904 0.294633 0.841904 0.292343 0.839054 0.290594 0.839443 0.288322 0.836723 0.286224 0.844754 0.280804 0.843070 0.279231 0.843199 0.276958 0.845013 0.276434 0.844495 0.273811 0.843718 0.272238 0.843329 0.267535 0.842034 0.266469 0.842163 0.263164 0.840738 0.261748 0.841256 0.255822 0.839443 0.255455 0.839443 0.251084 0.843847 0.246556 0.846697 0.246206 0.846826 0.248986 0.847345 0.249703 0.850712 0.257570 0.851231 0.258077 0.850583 0.260699 0.852396 0.262622 0.852008 0.264196
1 0.640117 0.155472 0.637526 0.155822 0.636360 0.160017 0.634676 0.160717 0.634806 0.169808 0.636231 0.170332 0.636749 0.176801 0.634935 0.177150 0.635972 0.178374 0.636101 0.180647 0.635453 0.181871 0.634806 0.186241 0.636231 0.187115 0.634676 0.188689 0.634547 0.192360 0.635842 0.193234 0.634806 0.194808 0.634806 0.197430 0.637267 0.197255 0.637396 0.199178 0.639598 0.199528 0.641541 0.195682 0.644132 0.195507 0.646334 0.192535 0.648407 0.192010 0.652552 0.187290 0.654365 0.186766 0.666023 0.177850 0.658122 0.169458 0.656697 0.169108 0.652422 0.166836 0.648277 0.160717 0.645427 0.161766 0.644391 0.162115 0.644780 0.159318 0.642707 0.157745 0.642189 0.158094
1 0.682733 0.159843 0.682474 0.150402 0.676775 0.149703 0.675220 0.154073 0.672630 0.153549 0.672370 0.155997 0.676904 0.163339 0.677293 0.160542 0.678199 0.160367 0.679365 0.162465 0.680920 0.162465
1 0.697759 0.134668 0.695039 0.134843 0.694391 0.136416 0.691541 0.137115 0.691801 0.138514 0.694650 0.143584 0.706956 0.143584 0.708769 0.140087 0.712785 0.139213 0.719909 0.135017 0.720039 0.132570 0.717319 0.128899 0.717189 0.126101 0.715505 0.125927 0.714987 0.123654 0.712396 0.122955 0.710453 0.121031 0.708769 0.120682 0.706438 0.117010 0.703588 0.117360 0.702811 0.119633 0.700868 0.118759 0.701386 0.124703 0.699313 0.125577 0.700479 0.130472 0.698536 0.130997
0 0.694715 0.329703 0.697409 0.323724 0.734974 0.308654 0.736516 0.314371 0.725725 0.388479 0.720142 0.387955 0.719171 0.384580 0.682383 0.336731
0 0.612267 0.754738 0.599223 0.773829 0.620259 0.779860 0.616179 0.765035 0.616723 0.755997
1 0.706308 0.150052 0.717707 0.150052 0.717189 0.147255 0.720557 0.146906 0.720427 0.145157 0.723795 0.144808 0.724573 0.143584 0.726127 0.143234 0.728199 0.140437 0.730920 0.139913 0.731049 0.138339 0.732345 0.138514 0.733251 0.140262 0.734028 0.140787 0.734158 0.151101 0.737526 0.155297 0.739469 0.155122 0.739858 0.157220 0.743096 0.157220 0.744003 0.158969 0.745946 0.158794 0.746205 0.160542 0.747630 0.161066 0.747241 0.164563 0.746205 0.165087 0.746075 0.167360 0.744650 0.167710 0.744132 0.171031 0.737785 0.178024 0.737526 0.181521 0.736490 0.182395 0.735712 0.183794 0.733510 0.183444 0.727422 0.193934 0.727422 0.196031 0.722630 0.203899 0.717707 0.202500 0.717319 0.201451 0.716412 0.200227 0.716801 0.194633 0.715376 0.193059 0.715376 0.190962 0.713951 0.190612 0.714080 0.186066 0.712267 0.184318 0.712137 0.181696 0.710972 0.181171 0.710583 0.172780 0.709935 0.170507 0.709935 0.166311 0.706308 0.165437 0.705790 0.164213 0.703199 0.163864 0.701904 0.161766 0.701904 0.159493 0.700868 0.157570 0.704495 0.155297 0.705402 0.151626
1 0.691567 0.080035 0.683018 0.069545 0.678484 0.068671 0.677060 0.066923 0.673562 0.065874 0.669417 0.060629 0.701282 0.021993 0.705946 0.020769 0.708925 0.025839 0.709573 0.026189 0.708018 0.027762 0.708018 0.029860 0.708925 0.030909 0.709702 0.034056 0.730298 0.053112 0.729132 0.058182 0.727448 0.057308 0.726801 0.059580 0.723433 0.058357 0.720972 0.064126 0.717863 0.064126 0.717474 0.067273 0.715272 0.070245 0.714236 0.069545 0.707111 0.079336 0.707370 0.083357 0.705687 0.083357 0.703355 0.087552 0.701023 0.087552 0.696101 0.094545 0.693769 0.093846 0.693510 0.088427 0.691179 0.088951
1 0.617824 0.036731 0.631295 0.022395 0.633109 0.022920 0.633368 0.018899 0.631425 0.018899 0.631554 0.015752 0.628964 0.014703 0.628964 0.014178 0.625078 0.013479 0.624041 0.012780 0.619508 0.012255 0.618472 0.011031 0.616788 0.007885 0.613808 0.008234 0.613031 0.005437 0.608886 0.007185 0.607591 0.009633 0.609016 0.011031 0.609016 0.012080 0.607461 0.013479 0.608238 0.017150 0.608886 0.023969 0.611088 0.025192 0.610181 0.034108 0.611865 0.034983 0.611865 0.038829 0.613679 0.039528 0.613938 0.041801 0.615492 0.039528 0.617694 0.039703
1 0.385000 0.120192 0.385000 0.124738 0.381891 0.129283 0.386684 0.135927 0.390699 0.135577 0.391995 0.130857 0.396010 0.128934 0.395751 0.121241 0.397435 0.120192 0.397953 0.114423 0.398860 0.113374 0.398860 0.102010 0.400026 0.099738 0.400026 0.091696 0.401062 0.089773 0.400544 0.086276 0.369715 0.102885 0.369456 0.105157 0.371269 0.106556 0.374249 0.111101 0.376969 0.111101 0.382927 0.120192
1 0.499249 0.076311 0.504171 0.069843 0.507668 0.070017 0.507539 0.075437 0.509352 0.077535 0.509093 0.092570 0.510648 0.094318 0.508446 0.095542 0.510907 0.097465 0.511554 0.096066 0.511684 0.104633 0.510389 0.104808 0.510259 0.107430 0.509482 0.109003 0.506503 0.109528 0.505855 0.107955 0.504689 0.108129 0.504041 0.106031 0.500544 0.106556 0.498731 0.103059 0.496269 0.102885 0.496010 0.104983 0.494326 0.101836 0.485907 0.102360 0.485389 0.100262 0.484482 0.099388 0.485907 0.098514 0.485777 0.095717 0.483057 0.091346 0.485907 0.090997 0.489793 0.083829 0.491606 0.084528 0.495363 0.078934 0.497565 0.078934
1 0.431231 0.074371 0.430972 0.074720 0.430194 0.076119 0.430453 0.078566 0.429158 0.078741 0.429288 0.082762 0.426956 0.084510 0.427604 0.086259 0.429158 0.086958 0.429288 0.088881 0.437707 0.088881 0.437707 0.086958 0.439262 0.086958 0.441593 0.084510 0.440427 0.083462 0.440298 0.080839 0.439003 0.079091 0.438484 0.076818 0.436282 0.072797
1 0.265518 0.006399 0.257746 0.006399 0.256451 0.009371 0.257746 0.010245 0.257876 0.015839 0.258653 0.017587 0.259171 0.020385 0.260207 0.021434 0.260855 0.022483 0.263316 0.022133 0.264352 0.019860 0.265648 0.019161 0.267720 0.016888 0.267979 0.014615 0.269145 0.013392 0.268756 0.010944 0.267591 0.008671 0.266166 0.008322
1 0.141593 0.070787 0.143018 0.068689 0.142370 0.066766 0.144573 0.065542 0.146645 0.062920 0.146127 0.060122 0.143277 0.057500 0.142500 0.056801 0.139003 0.055927 0.137319 0.054003 0.133821 0.054703 0.133044 0.059248 0.137707 0.064143 0.133562 0.069388 0.135117 0.071836 0.138096 0.077080 0.138614 0.080227 0.142111 0.080227 0.142370 0.078654 0.143407 0.077780 0.143536 0.073934
1 0.023342 0.065035 0.026062 0.064510 0.026451 0.063287 0.028135 0.063287 0.028394 0.065192 0.035000 0.064318 0.036554 0.066608 0.037202 0.072552 0.033575 0.077273 0.033834 0.079895 0.029689 0.082517 0.029301 0.083916 0.027098 0.079178 0.026321 0.072028 0.024637 0.073059
0 0.068148 0.081958 0.069275 0.115874 0.089326 0.102727 0.089326 0.097378 0.070544 0.081189
0 0.054456 0.129406 0.032150 0.156259 0.056995 0.169231 0.061658 0.169406
0 0.201179 0.199126 0.200272 0.227448 0.218666 0.216084 0.218666 0.213636
0 0.274495 0.139336 0.282137 0.148427 0.286023 0.148427 0.286930 0.132867 0.284598 0.130245
0 0.335972 0.270804 0.369832 0.305385 0.373238 0.245892
0 0.533795 0.528199 0.525505 0.536941 0.537940 0.543759
0 0.688329 0.402150 0.702319 0.400577 0.697785 0.418759
0 0.932565 0.396766 0.985855 0.395594 0.958692 0.461014
0 0.844288 0.615962 0.852707 0.602325 0.857383 0.616486
0 0.771891 0.658094 0.786788 0.657220 0.780440 0.674878
0 0.772668 0.675927 0.757902 0.705647 0.783679 0.707570
0 0.712163 0.625402 0.694171 0.631871 0.706982 0.648654
0 0.901256 0.778094 0.946982 0.798374 0.910583 0.841731
0 0.883549 0.723427 0.933122 0.723374 0.908251 0.779668
0 0.709443 0.957622 0.674819 0.974843 0.696140 1.000000 0.704832 1.000000
0 0.717150 0.959720 0.713782 0.975787 0.728925 0.971818
0 0.725984 0.956503 0.727098 0.970122 0.728497 0.972220 0.729067 0.980140 0.737992 1.000000 0.757228 1.000000 0.774469 0.959528
0 0.513653 0.930769 0.497526 0.996399 0.548381 0.982885
0 0.461127 0.912570 0.465298 0.980070 0.507124 0.941259
0 0.425427 0.902815 0.416943 0.931696 0.439728 0.928322
0 0.194339 0.782185 0.156606 0.828794 0.204534 0.849528
0 0.130142 0.944598 0.091658 0.963479 0.121464 1.000000 0.125181 1.000000
0 0.163303 0.923864 0.136982 0.946416 0.164974 0.964510
0 0.233938 0.694598 0.238990 0.737080 0.262565 0.709283
0 0.031127 0.585052 0.052370 0.591661 0.038484 0.615927
1 0.213549 0.570909 0.198718 0.586888 0.216826 0.599021
0 0.319780 0.182622 0.374275 0.164003 0.358549 0.238864
1 0.254275 0.513986 0.266295 0.512325 0.268756 0.509545 0.269275 0.509353 0.264482 0.499930 0.263705 0.496066 0.260466 0.491346 0.260466 0.484353 0.265907 0.470017 0.265000 0.467220 0.258653 0.466871 0.258135 0.468794 0.245829 0.467745 0.236762 0.449913 0.236891 0.446241 0.240000 0.440822 0.228990 0.436626 0.228731 0.443112 0.230026 0.445192 0.230674 0.449231 0.231710 0.452360 0.232487 0.458479 0.228472 0.466171 0.219404 0.472290 0.215389 0.472290 0.214870 0.474738 0.232098 0.510577 0.231062 0.512675 0.231451 0.515664 0.232358 0.517220 0.235725 0.516871 0.240130 0.527535 0.235466 0.530857 0.235984 0.533479 0.239870 0.538899 0.241166 0.537850 0.243756 0.529108 0.246218 0.527185 0.247254 0.519668 0.249326 0.516871 0.249715 0.514073
1 0.269819 0.356294 0.263640 0.358549 0.262604 0.360122 0.260142 0.360647 0.266360 0.369738 0.265453 0.371136 0.268951 0.375507 0.271541 0.375157 0.273225 0.372710 0.272966 0.370962 0.276852 0.369738 0.277241 0.365367 0.275687 0.364143 0.275816 0.356976
1 0.300790 0.249878 0.292902 0.303129 0.295829 0.306783 0.336192 0.287605 0.335972 0.284878 0.307332 0.248357
1 0.406995 0.299178 0.381969 0.353951 0.427966 0.353042
1 0.339806 0.336311 0.386023 0.353951 0.350402 0.401731
1 0.405207 0.508164 0.414171 0.495262 0.416956 0.495262 0.418951 0.497133 0.419547 0.517850 0.414171 0.516224 0.411179 0.516503 0.410583 0.523759 0.409391 0.524843 0.408795 0.540962 0.406995 0.542045 0.394054 0.527797 0.393057 0.525909 0.392060 0.525909 0.388873 0.528601 0.388070 0.530490 0.380699 0.540699 0.374119 0.539633 0.367552 0.546084 0.366554 0.540962 0.365363 0.539895 0.364961 0.521608 0.364560 0.519720 0.364961 0.515962 0.365751 0.515420 0.363964 0.513811 0.364365 0.495804 0.366554 0.497413 0.371736 0.499825 0.373329 0.499563 0.377707 0.507622 0.379702 0.505210 0.394650 0.516766 0.401425 0.517045 0.403407 0.514895 0.406399 0.513549
1 0.468964 0.422920 0.465570 0.425350 0.468161 0.427500 0.468355 0.432063 0.464573 0.435297 0.505622 0.480192 0.506813 0.472937 0.508005 0.471329 0.508407 0.465140 0.511788 0.410559 0.507409 0.410559 0.499041 0.416469 0.489676 0.415944 0.487487 0.414318 0.486684 0.408129 0.484093 0.408671 0.483109 0.407325 0.481308 0.407605 0.479909 0.410017 0.479119 0.407605 0.477526 0.408129 0.475531 0.411906 0.472150 0.411626 0.472150 0.414318 0.467966 0.419703
1 0.516373 0.329615 0.506412 0.366189 0.510000 0.370490 0.513588 0.370227 0.519158 0.363234 0.533510 0.362150 0.533109 0.360822 0.538484 0.359196 0.538886 0.357325 0.520363 0.325594
1 0.515972 0.223689 0.545855 0.229056 0.550648 0.234441 0.526541 0.275035 0.523549 0.273969 0.521956 0.267780 0.518174 0.263741 0.518769 0.253531 0.510194 0.231206 0.510997 0.223689
1 0.392655 0.179038 0.368148 0.215874 0.367746 0.222063 0.372332 0.224493 0.381891 0.225839 0.382487 0.227990 0.387474 0.227168 0.391062 0.243584 0.395039 0.250577 0.398433 0.245734 0.400026 0.243846 0.402021 0.241696 0.402409 0.238199 0.404806 0.234965 0.418161 0.241434 0.423731 0.240612 0.422345 0.237937 0.421943 0.229598 0.420544 0.226906 0.420946 0.218566 0.429715 0.206469 0.429313 0.204580 0.430311 0.203514 0.428718 0.198951 0.425130 0.199755 0.424534 0.197867 0.415363 0.197325 0.414573 0.195717 0.411179 0.195717 0.408588 0.192762 0.408199 0.185227 0.404806 0.179580 0.401813 0.180122 0.402409 0.184161 0.400220 0.184161 0.399624 0.185490 0.398627 0.185490
1 0.708614 0.555070 0.746528 0.532010 0.739378 0.585350
1 0.585946 0.704196 0.583744 0.707168 0.586839 0.712238 0.586839 0.714510 0.588407 0.715210 0.588536 0.718357 0.591127 0.723252 0.593718 0.723776 0.596956 0.719406 0.600065 0.709441 0.601360 0.707168 0.599145 0.704371
1 0.022707 0.232010 0.016490 0.243706 0.017811 0.249808 0.028174 0.249301 0.029119 0.247517 0.030246 0.246748 0.025350 0.235315
1 0.562319 0.537465 0.554158 0.560769 0.566282 0.561084 0.568161 0.561084 0.572358 0.560140 0.572358 0.551958
1 0.660829 0.588427 0.660427 0.608077 0.659365 0.609143 0.659637 0.611294 0.660427 0.611818 0.661218 0.613427 0.665324 0.612185 0.667047 0.611469 0.669288 0.611469 0.674715 0.621294 0.691516 0.582010 0.671541 0.581836 0.671140 0.583252 0.662811 0.583794 0.662021 0.585402 0.659767 0.585944
1 0.786580 0.092080 0.786580 0.097028 0.783860 0.100140 0.783718 0.108392 0.792280 0.108566 0.793096 0.106923 0.796762 0.105997 0.796762 0.101608 0.795402 0.100315 0.795402 0.098671 0.790648 0.091888
1 0.941166 0.046643 0.951969 0.041573 0.962539 0.042832 0.960661 0.049808 0.960661 0.050140 0.960661 0.054248 0.959249 0.054248 0.959961 0.056469 0.958070 0.059650 0.957604 0.066311 0.956438 0.065664 0.956904 0.069790 0.949145 0.069790 0.942332 0.062500 0.942811 0.052675 0.943744 0.051084
0 0.954197 0.105122 0.960816 0.103899 0.961567 0.103304 0.984016 0.102885 0.985220 0.101259 1.000000 0.100647 1.000000 0.116381 0.985972 0.163042 0.982047 0.167920 0.979495 0.165682 0.975583 0.155524 0.972267 0.151049 0.971658 0.147605 0.969560 0.142325
0 0.948549 0.182098 0.969080 0.175612 0.965725 0.196241 0.968640 0.201748 0.967630 0.205087 0.961218 0.203916 0.959028 0.201748 0.957863 0.199790 0.957435 0.195857 0.954961 0.195664 0.954080 0.190157 0.950298 0.189965
