0 0.835168 0.313147 0.835816 0.318566 0.842681 0.309650 0.846438 0.306329 0.846826 0.304406 0.850194 0.303024 0.849806 0.301276 0.847992 0.301434 0.846049 0.298462 0.842811 0.297780 0.840220 0.294441 0.838795 0.296189 0.837630 0.293916 0.831412 0.293566 0.832837 0.295315 0.831930 0.297780 0.832837 0.298462 0.832837 0.304406 0.834521 0.305647 0.834780 0.312115
0 0.254637 0.382413 0.259171 0.388007 0.259171 0.390280 0.262280 0.395175 0.266036 0.388706 0.265907 0.386958 0.267202 0.386608 0.267591 0.383112 0.268368 0.382762 0.269016 0.379965 0.270570 0.378916 0.270570 0.374371 0.268886 0.373671 0.254896 0.372273 0.252953 0.374196 0.252953 0.376818 0.253860 0.377168
0 0.363821 0.391731 0.364080 0.407290 0.365635 0.411836 0.366023 0.414808 0.370427 0.424773 0.371205 0.426696 0.377681 0.419178 0.377681 0.417430 0.383381 0.409738 0.385453 0.409388 0.386101 0.405892 0.388692 0.403969 0.388303 0.398724 0.385453 0.398724 0.384935 0.396626 0.380013 0.396801 0.379495 0.394528 0.375220 0.395227 0.373925 0.392955 0.369909 0.393479 0.369132 0.391556
0 0.936451 0.691836 0.936192 0.679948 0.933472 0.679948 0.932824 0.681346 0.931269 0.681696 0.930363 0.682920 0.928549 0.683619 0.926088 0.686066 0.927902 0.686066 0.928679 0.689913 0.931917 0.689913 0.932565 0.692185
0 0.735712 0.600175 0.735855 0.602098 0.737008 0.603671 0.737008 0.605070 0.739210 0.607168 0.739858 0.611538 0.740764 0.612762 0.744132 0.620280 0.751904 0.607517 0.753601 0.606469 0.753601 0.604371 0.754637 0.603147 0.754637 0.601049 0.755790 0.600175 0.756049 0.595455 0.736762 0.595804 0.734288 0.598252
0 0.672759 0.668007 0.688187 0.667832 0.689870 0.669755 0.690130 0.672203 0.688044 0.673951 0.687539 0.676923 0.685453 0.679545 0.685194 0.681818 0.683251 0.684615 0.682604 0.688112 0.678977 0.688636 0.678977 0.684441 0.676917 0.682867 0.675997 0.679545 0.674974 0.676923 0.674585 0.674476 0.673795 0.674476
0 0.641023 0.651399 0.640376 0.652972 0.639858 0.655070 0.638964 0.656119 0.638964 0.659441 0.638057 0.660664 0.637409 0.666608 0.636619 0.666608 0.636114 0.669231 0.634935 0.670280 0.634935 0.676224 0.639469 0.675874 0.639469 0.674825 0.646593 0.674476 0.647124 0.673077 0.653601 0.673077 0.653601 0.669231 0.652422 0.667483 0.652306 0.665035 0.645440 0.655944 0.645946 0.654371 0.643497 0.649650
0 0.615246 0.671678 0.615389 0.674650 0.611360 0.679720 0.611360 0.681469 0.607733 0.686189 0.607876 0.687937 0.606969 0.689336 0.606697 0.690734 0.608264 0.693706 0.609676 0.693531 0.624961 0.695629 0.625479 0.694930 0.626904 0.693881 0.626658 0.691259 0.625220 0.690734 0.625363 0.686538 0.624184 0.685839 0.624067 0.683042 0.623161 0.681469 0.622630 0.676923 0.621334 0.676573 0.621477 0.674476 0.618355 0.669231 0.617189 0.669406
0 0.556593 0.168794 0.556334 0.174213 0.557370 0.175087 0.557889 0.183129 0.559054 0.184178 0.559573 0.193094 0.554650 0.193794 0.553744 0.192745 0.550505 0.192920 0.549469 0.190997 0.544547 0.190822 0.544417 0.189948 0.541567 0.189423 0.541308 0.187850 0.539236 0.187500 0.538977 0.185577 0.540142 0.184003 0.540272 0.182605 0.544417 0.175437 0.546231 0.175087 0.550635 0.168269 0.552319 0.168619 0.553484 0.166696 0.555946 0.166346
0 0.569028 0.211276 0.583148 0.229458 0.585091 0.223339 0.587422 0.222290 0.587681 0.213724 0.589106 0.213374 0.589365 0.208304 0.591049 0.208129 0.590531 0.202010 0.586127 0.200962 0.585609 0.202885 0.581334 0.202535 0.580427 0.205157 0.577578 0.204808 0.576671 0.206381 0.573692 0.206556 0.572526 0.207955 0.570712 0.208129
0 0.878135 0.960542 0.887591 0.973654 0.890829 0.973654 0.890570 0.969108 0.891865 0.968934 0.892124 0.963339 0.893420 0.962990 0.893549 0.949703 0.887850 0.949878 0.887591 0.950752 0.882539 0.950752 0.881891 0.952325 0.879301 0.952675 0.875674 0.957570 0.878264 0.957395
0 0.641308 0.236976 0.641438 0.243619 0.642215 0.244143 0.642863 0.256381 0.643899 0.256556 0.644158 0.263374 0.645194 0.264073 0.645453 0.268969 0.646878 0.269318 0.648692 0.265997 0.650246 0.266346 0.656982 0.256731 0.658407 0.257080 0.660609 0.255332 0.660220 0.252710 0.664365 0.247290 0.664365 0.245192 0.662422 0.244843 0.661516 0.243969 0.658407 0.243094 0.655427 0.239598 0.649469 0.239773 0.648562 0.238024 0.644028 0.238549 0.643381 0.236101
0 0.648795 0.115787 0.643744 0.124178 0.642319 0.124003 0.640635 0.126276 0.638951 0.126101 0.632992 0.132570 0.628847 0.138164 0.626904 0.138339 0.626645 0.136766 0.625868 0.136241 0.625868 0.126276 0.625091 0.125927 0.624443 0.119808 0.623277 0.119458 0.622759 0.111591 0.624313 0.108444 0.627811 0.108094 0.628070 0.109843 0.629883 0.110542 0.630661 0.111941 0.635065 0.111941 0.635842 0.113689 0.638692 0.114038 0.640415 0.115210
0 0.663951 0.140087 0.665894 0.142360 0.667060 0.142360 0.668355 0.144283 0.669650 0.144633 0.670816 0.146206 0.674313 0.146731 0.675220 0.149003 0.677163 0.148829 0.677552 0.149703 0.681567 0.150227 0.680790 0.119458 0.677940 0.119283 0.677422 0.120857 0.676256 0.120857 0.672370 0.126626 0.670946 0.125752 0.665764 0.133269 0.664210 0.132920 0.660712 0.137640 0.660842 0.139738
0 0.674054 0.055822 0.677293 0.059843 0.677293 0.062465 0.684547 0.071731 0.686231 0.071556 0.686619 0.069108 0.687526 0.068409 0.687526 0.063339 0.689080 0.061941 0.688692 0.059493 0.689728 0.058969 0.689598 0.055647 0.691023 0.055997 0.691153 0.050577 0.692837 0.050927 0.692837 0.044458 0.685972 0.043934 0.685972 0.045332 0.676775 0.046031 0.676127 0.047780 0.673407 0.047955 0.671593 0.050227 0.672111 0.052150 0.673407 0.052150
0 0.757474 0.032045 0.757604 0.033969 0.752422 0.040437 0.752681 0.042360 0.749961 0.045507 0.750091 0.048304 0.747370 0.051626 0.747370 0.053024 0.745039 0.057570 0.747241 0.057045 0.748277 0.059143 0.770427 0.061241 0.770427 0.056346 0.769391 0.055997 0.769132 0.051451 0.768355 0.051101 0.768096 0.047255 0.767060 0.047255 0.767060 0.042535 0.766153 0.042010 0.765505 0.039738 0.764598 0.038514 0.764339 0.034493 0.763303 0.033269 0.762785 0.030122 0.760972 0.029248 0.760583 0.030822
0 0.975518 0.290087 0.975518 0.292885 0.978368 0.295157 0.979275 0.297255 0.982785 0.297255 0.983031 0.294283 0.984080 0.293584 0.984080 0.276626 0.980311 0.276101 0.978109 0.279423 0.975777 0.279598 0.975259 0.281696 0.971891 0.281871 0.970207 0.283794 0.970479 0.286591 0.972021 0.289738
0 0.939249 0.351451 0.947021 0.351276 0.946632 0.355297 0.945466 0.356171 0.945466 0.358444 0.944573 0.359668 0.944430 0.362990 0.943394 0.363339 0.942487 0.368759 0.940285 0.369108 0.939249 0.367185 0.937565 0.367185 0.935363 0.365087 0.935233 0.362465 0.932915 0.360367 0.932772 0.355647 0.934456 0.353549 0.938860 0.353374
0 0.901295 0.349703 0.900907 0.362115 0.900130 0.360367 0.895350 0.360017 0.894819 0.358619 0.890026 0.358969 0.889767 0.356171 0.884987 0.356171 0.884845 0.355122 0.880959 0.354948 0.880453 0.353549 0.878756 0.353199 0.878368 0.350052 0.890933 0.333444 0.891580 0.330472 0.892487 0.332220 0.897293 0.327150 0.897021 0.335017 0.898446 0.335717 0.898057 0.342535 0.900130 0.342710 0.899883 0.349178
0 0.890402 0.538794 0.897655 0.547885 0.878614 0.561346 0.878225 0.535297 0.879262 0.534773 0.879780 0.531976 0.880557 0.533374 0.883666 0.532500 0.886386 0.536696 0.888718 0.535997 0.888588 0.538619
0 0.838977 0.510297 0.846749 0.519738 0.846490 0.521661 0.848044 0.522710 0.848303 0.526906 0.846490 0.527780 0.845972 0.529353 0.837422 0.529528 0.836516 0.531801 0.826671 0.531976 0.826671 0.530052 0.828225 0.528129 0.827578 0.522885 0.829391 0.522535 0.829132 0.520787 0.830687 0.519563 0.830168 0.515017 0.831075 0.514493 0.831205 0.509598 0.832630 0.509248 0.832889 0.506451 0.834702 0.504703 0.836127 0.504353 0.839236 0.507325
0 0.794961 0.466696 0.793536 0.489773 0.791852 0.489423 0.791593 0.488374 0.789391 0.487850 0.788873 0.486626 0.787060 0.486451 0.782267 0.479108 0.780453 0.479108 0.780065 0.477185 0.778251 0.477185 0.775790 0.472815 0.787707 0.463724 0.790427 0.463724 0.790946 0.462500 0.796256 0.461801
0 0.692759 0.450087 0.699754 0.460927 0.700531 0.458829 0.701697 0.457955 0.701826 0.455682 0.702863 0.454633 0.702992 0.452185 0.704417 0.451311 0.704676 0.448864 0.705583 0.447640 0.705453 0.444318 0.706749 0.444493 0.706619 0.439423 0.707655 0.438724 0.708433 0.436451 0.709728 0.434178 0.709469 0.432080 0.694702 0.432255 0.694573 0.432955 0.689391 0.433829 0.687448 0.435752 0.688225 0.437325 0.688225 0.439073 0.689780 0.440647 0.689909 0.444143 0.691464 0.446066 0.693277 0.447640
0 0.670220 0.529825 0.667150 0.534161 0.667811 0.536154 0.677733 0.538147 0.678679 0.539598 0.680687 0.540315 0.681088 0.541399 0.682837 0.541766 0.684041 0.543217 0.690207 0.543217 0.690207 0.528007 0.689404 0.528007 0.689275 0.520227 0.688199 0.519318 0.687655 0.514266 0.686852 0.515892 0.684845 0.515699 0.681490 0.520594 0.679611 0.520594 0.677332 0.524038 0.675997 0.524038 0.672630 0.528741
0 0.656684 0.556416 0.656684 0.570892 0.658161 0.571801 0.658290 0.585734 0.659637 0.586469 0.661244 0.582850 0.663251 0.582115 0.665531 0.578497 0.667552 0.579038 0.669016 0.576329 0.671697 0.574878 0.673446 0.572168 0.675052 0.571259 0.677733 0.567465 0.675324 0.566556 0.675194 0.565839 0.673316 0.564388 0.671826 0.562220 0.668873 0.562762 0.667811 0.560402 0.664197 0.559860 0.662850 0.558409 0.661386 0.558234 0.660712 0.555524
0 0.461386 0.648654 0.461386 0.666171 0.464003 0.666171 0.464585 0.664003 0.466192 0.664213 0.466917 0.663024 0.468964 0.662430 0.472902 0.659091 0.473044 0.656731 0.472176 0.656136 0.470855 0.653584 0.469547 0.654755 0.468523 0.652605 0.468238 0.652395 0.467798 0.650822 0.465751 0.650629 0.465168 0.649248
0 0.250155 0.616503 0.250155 0.617727 0.251321 0.618601 0.251580 0.621224 0.253523 0.623147 0.253912 0.625769 0.255466 0.628392 0.258057 0.629615 0.258705 0.631014 0.259223 0.628042 0.259611 0.627168 0.259741 0.624545 0.260648 0.622972 0.261036 0.621399 0.261943 0.619476 0.262332 0.615105 0.263756 0.614406 0.263756 0.613182 0.265699 0.610734 0.265311 0.609161 0.266995 0.606713 0.266865 0.605839 0.249249 0.604965 0.248990 0.606713 0.246399 0.607238 0.246399 0.609336 0.247306 0.610385 0.247565 0.612657
0 0.925699 0.752325 0.925052 0.753724 0.924534 0.753899 0.924145 0.756346 0.922332 0.757570 0.922332 0.762115 0.921166 0.762815 0.921166 0.769283 0.919870 0.769458 0.920130 0.775927 0.921425 0.776276 0.922202 0.774178 0.926218 0.774003 0.927124 0.772780 0.929067 0.772780 0.929715 0.774003 0.937617 0.770857 0.937617 0.768584
0 0.462228 0.525070 0.471386 0.550822 0.461762 0.551451 0.460687 0.550612 0.455259 0.550822 0.454624 0.549143 0.451075 0.549563 0.450285 0.548094 0.448420 0.547465 0.448264 0.544126 0.455868 0.532605 0.455868 0.530087 0.460687 0.524860
0 0.565855 0.480682 0.565544 0.485087 0.564611 0.485927 0.564456 0.488007 0.563212 0.489476 0.563212 0.494301 0.562124 0.495962 0.561658 0.503706 0.560881 0.503916 0.560570 0.506853 0.559806 0.508112 0.559339 0.511259 0.558562 0.512500 0.547876 0.499108 0.548472 0.498269 0.544132 0.491993 0.542578 0.488636 0.546775 0.488007 0.548316 0.486958 0.551580 0.485927 0.552513 0.484878 0.558096 0.484458 0.559974 0.482570 0.563679 0.482360
0 0.517759 0.456189 0.525829 0.455769 0.526153 0.458077 0.528614 0.458077 0.530790 0.455979 0.530790 0.453671 0.530168 0.452832 0.529547 0.451171 0.528161 0.449703 0.528161 0.445087 0.527228 0.445087 0.527073 0.440280 0.525984 0.440070 0.525518 0.436503 0.523666 0.434423 0.518692 0.440699 0.518381 0.442378 0.514663 0.448444 0.514663 0.450122 0.512953 0.452220 0.512953 0.454510 0.518238 0.453462
0 0.503342 0.360507 0.509845 0.370140 0.511244 0.370140 0.517759 0.380822 0.502409 0.386259 0.501632 0.388147 0.497280 0.388147 0.494961 0.390455 0.494339 0.378514 0.496049 0.378304 0.496049 0.371399 0.497280 0.370979 0.497591 0.363444 0.498368 0.363654 0.498523 0.358636 0.500544 0.358636 0.500855 0.360297
0 0.525674 0.346486 0.530337 0.351503 0.530013 0.353392 0.534054 0.359878 0.536373 0.360507 0.536684 0.356329 0.538083 0.355070 0.538394 0.351923 0.539482 0.350874 0.539793 0.347325 0.540881 0.347745 0.540881 0.343339 0.541956 0.341049 0.542111 0.339371 0.544132 0.338531 0.543977 0.329738 0.539482 0.330577 0.539171 0.331626 0.530946 0.331416 0.530168 0.333706 0.522435 0.334126 0.522098 0.339371 0.526153 0.344178
0 0.369106 0.544073 0.369495 0.576766 0.371438 0.576416 0.384780 0.565752 0.386593 0.566101 0.390997 0.560682 0.388148 0.556661 0.387111 0.557360 0.385816 0.555087 0.384391 0.554913
0 0.763018 0.295839 0.762500 0.312115 0.764184 0.312797 0.764573 0.317692 0.763148 0.319266 0.763536 0.321888 0.766127 0.321014 0.766645 0.320140 0.777396 0.310892 0.778692 0.311241 0.782448 0.306871 0.779469 0.303182 0.777267 0.303374 0.774935 0.300210 0.765997 0.293759 0.764832 0.293759
0 0.782060 0.225909 0.782319 0.245140 0.783484 0.245140 0.793199 0.237465 0.795013 0.237815 0.794754 0.233969 0.787759 0.228007 0.787241 0.226101
0 0.600894 0.251836 0.601023 0.256731 0.600117 0.257080 0.599987 0.272990 0.601282 0.272990 0.603225 0.269668 0.606464 0.269493 0.608795 0.266346 0.611904 0.265997 0.612422 0.260752 0.608925 0.257605 0.608407 0.257605 0.605816 0.254108 0.603096 0.253409
0 0.131218 0.000000 0.131412 0.002692 0.129987 0.003392 0.129858 0.009161 0.128938 0.010210 0.128433 0.014755 0.127396 0.016503 0.127137 0.018951 0.132176 0.019126 0.133472 0.017902 0.136464 0.017552 0.136852 0.016503 0.140868 0.015979 0.140997 0.011958 0.138653 0.009685 0.138536 0.006014 0.136852 0.005315 0.136464 0.003042 0.135557 0.001469 0.132915 0.000000
0 0.074845 0.753287 0.069404 0.753462 0.068756 0.758706 0.069922 0.759755 0.070052 0.763776 0.072124 0.767797 0.072513 0.771818 0.073549 0.774266 0.075363 0.780909 0.077176 0.782657 0.078601 0.781958 0.079896 0.780385 0.079896 0.778462 0.084819 0.772343 0.085466 0.770245 0.089223 0.765524 0.089223 0.763252 0.090777 0.762028 0.090777 0.756608 0.084560 0.757133 0.084041 0.755210 0.075751 0.755385
0 0.116736 0.054371 0.116995 0.059073 0.115440 0.059266 0.115699 0.066608 0.114534 0.066783 0.114404 0.070979 0.112073 0.073934 0.111425 0.080420 0.110130 0.081801 0.110259 0.087587 0.115699 0.087587 0.116218 0.086538 0.120363 0.085664 0.120881 0.084266 0.127746 0.083741 0.128135 0.082343 0.131503 0.081993 0.132668 0.080420 0.134352 0.080420 0.134223 0.078147 0.130984 0.072727 0.130855 0.071311 0.123601 0.061189 0.122824 0.058566 0.121010 0.058042 0.119974 0.054021
0 0.058212 0.150455 0.058601 0.167762 0.059378 0.168112 0.059508 0.173881 0.062098 0.173881 0.062876 0.173007 0.064430 0.172832 0.065466 0.171958 0.067539 0.171608 0.068057 0.168811 0.070259 0.167587 0.073368 0.163392 0.075181 0.161993 0.077383 0.159196 0.077383 0.157797 0.079974 0.156573 0.079845 0.154825 0.078549 0.154476 0.077513 0.152378 0.075311 0.152552 0.074534 0.150629 0.073627 0.150629 0.072332 0.149056 0.069352 0.148706 0.068705 0.147483 0.066632 0.147308 0.065596 0.145385 0.063912 0.145385 0.063135 0.143462 0.057435 0.143112 0.057824 0.145909 0.058731 0.146958 0.057435 0.148182
0 0.106788 0.207972 0.116114 0.208147 0.116373 0.210769 0.115855 0.211993 0.115337 0.215839 0.114430 0.216364 0.113912 0.221434 0.113135 0.221783 0.112617 0.224930 0.111580 0.224930 0.111451 0.230000 0.110933 0.230524 0.110155 0.233497 0.106788 0.237343 0.106269 0.235594 0.099922 0.226154 0.099793 0.224755 0.095907 0.218986 0.095907 0.217587 0.094741 0.216538 0.094482 0.213916 0.093446 0.211993 0.096813 0.211993 0.097332 0.210594 0.106788 0.210070
0 0.088938 0.196976 0.088808 0.206941 0.089974 0.206591 0.090104 0.214633 0.091399 0.214633 0.091528 0.225472 0.086865 0.225647 0.086606 0.223724 0.081684 0.223549 0.081166 0.222675 0.079870 0.222500 0.078964 0.220052 0.076891 0.219878 0.075725 0.218129 0.074301 0.220577 0.072228 0.216206 0.070415 0.216381 0.068860 0.214108 0.068472 0.209038 0.069896 0.207465 0.071451 0.206941 0.072487 0.205892 0.075855 0.205192 0.076891 0.203269 0.078316 0.202920 0.083497 0.195927 0.084922 0.195752 0.085829 0.194703 0.087254 0.194003
0 0.036218 0.086941 0.043472 0.086941 0.043731 0.086066 0.045026 0.085192 0.045155 0.079598 0.043860 0.079073 0.043731 0.074178 0.043212 0.074178 0.042306 0.070682 0.041399 0.069983 0.041269 0.065962 0.039715 0.063339 0.038549 0.063164 0.035052 0.067010 0.035052 0.068234 0.032461 0.071381 0.032461 0.073654 0.030000 0.077500 0.030000 0.079248 0.028316 0.080997 0.028316 0.083269 0.030000 0.085717 0.031295 0.082745 0.032332 0.084843 0.035699 0.085542
0 0.153005 0.134126 0.153135 0.136923 0.160518 0.154755 0.160518 0.157378 0.162992 0.160874 0.163251 0.164021 0.164404 0.162972 0.166088 0.162622 0.166736 0.160000 0.168821 0.155979 0.168821 0.154580 0.170376 0.153881 0.170376 0.150734 0.173212 0.148287 0.172824 0.145839 0.174909 0.144790 0.174650 0.142168 0.177358 0.141119 0.177241 0.138671 0.178795 0.137448 0.178005 0.134476 0.176710 0.134476 0.175946 0.132378 0.154016 0.133042
0 0.218808 0.056678 0.218808 0.058601 0.219715 0.059126 0.220104 0.061049 0.221282 0.062098 0.221930 0.064720 0.223225 0.064371 0.224896 0.062448 0.224896 0.060350 0.227370 0.057378 0.227617 0.054755 0.228782 0.053706 0.229054 0.051084 0.231645 0.048811 0.231762 0.045839 0.232668 0.044615 0.232668 0.043042 0.233847 0.041993 0.233705 0.037098 0.228264 0.037098 0.227617 0.035699 0.212863 0.035175 0.211036 0.037098 0.211295 0.039545 0.212215 0.039545 0.212332 0.041993 0.213238 0.042692 0.213627 0.046014 0.214417 0.046538 0.214806 0.049161 0.215959 0.049510 0.216101 0.052657 0.217513 0.054056
0 0.486334 0.091626 0.486075 0.093549 0.482448 0.098094 0.482189 0.100542 0.477137 0.106836 0.477137 0.109108 0.475712 0.110857 0.475583 0.115052 0.479974 0.114703 0.481023 0.117150 0.488925 0.116276 0.489832 0.118549 0.495142 0.118724 0.495272 0.118374 0.496813 0.116801 0.497215 0.113304 0.496697 0.111906 0.495661 0.109633 0.494870 0.107535 0.494870 0.106661 0.493977 0.105087 0.493575 0.102640 0.492422 0.101241 0.492034 0.097395 0.491127 0.096521 0.490984 0.094248 0.489832 0.091276
0 0.437228 0.227990 0.439573 0.227465 0.440091 0.225192 0.442163 0.227640 0.443057 0.226066 0.447863 0.225542 0.448510 0.224318 0.450712 0.223969 0.450829 0.225892 0.452124 0.225892 0.451749 0.232710 0.451231 0.233234 0.451101 0.237255 0.449806 0.237430 0.449534 0.241626 0.448510 0.242675 0.448122 0.245472 0.446826 0.247395 0.444624 0.248269 0.437500 0.238654 0.438018 0.237255 0.435427 0.233759 0.435427 0.231836 0.433744 0.229213
0 0.428303 0.147920 0.431801 0.169073 0.433484 0.170297 0.433484 0.177465 0.427137 0.177815 0.425972 0.176766 0.422979 0.176416 0.422474 0.175367 0.419624 0.175192 0.418199 0.172920 0.412370 0.172920 0.411464 0.168724 0.425712 0.148619
0 0.319793 0.272325 0.322902 0.275997 0.324456 0.275822 0.324715 0.278969 0.326788 0.278969 0.331839 0.286486 0.332358 0.287010 0.332876 0.291731 0.330674 0.291556 0.329767 0.293479 0.327694 0.293304 0.327824 0.294703 0.326269 0.295402 0.325233 0.296626 0.322513 0.296451 0.320570 0.297675 0.319275 0.298024 0.318368 0.300297 0.317202 0.300472 0.315777 0.301871 0.309560 0.302220 0.309430 0.300472 0.311244 0.299423 0.311244 0.290507 0.311891 0.290507 0.312150 0.284038 0.313057 0.283864 0.313187 0.271976 0.314741 0.270052 0.317073 0.269003 0.318238 0.272150
0 0.175687 0.222290 0.188122 0.236976 0.189417 0.237150 0.190972 0.239598 0.192396 0.239598 0.192396 0.234878 0.194210 0.233479 0.194080 0.225787 0.195376 0.225262 0.194728 0.211626 0.196671 0.211101 0.196671 0.206731 0.195635 0.206031 0.194987 0.204983 0.193951 0.204808 0.193433 0.205682 0.189806 0.205332 0.189547 0.208654 0.185920 0.208479 0.185661 0.209703 0.181645 0.210052 0.181256 0.211626 0.179313 0.211626 0.178795 0.213199 0.175816 0.213549 0.173873 0.215122 0.173614 0.219143
0 0.079210 0.365297 0.092163 0.364248 0.093459 0.367045 0.096697 0.366521 0.096567 0.360927 0.094495 0.358479 0.094236 0.353934 0.093459 0.353234 0.093329 0.349213 0.090868 0.346066 0.090609 0.342220 0.089443 0.341346 0.089054 0.338724 0.087111 0.335752 0.085816 0.335577 0.085946 0.338899 0.082837 0.341871 0.083355 0.343444 0.078433 0.349738 0.078433 0.351661 0.077008 0.352710 0.076619 0.355682 0.074288 0.358654 0.073899 0.363199 0.079080 0.363024
0 0.117811 0.401661 0.118199 0.404633 0.116775 0.406031 0.116645 0.407255 0.114313 0.407605 0.105376 0.420892 0.106412 0.420892 0.108744 0.424213 0.110298 0.424563 0.111205 0.425962 0.115479 0.426311 0.116386 0.428059 0.119365 0.428059 0.120272 0.429808 0.123510 0.429633 0.124158 0.431906 0.127785 0.431906 0.128174 0.421941 0.127137 0.421941 0.126749 0.414248 0.125194 0.414073 0.125712 0.403934 0.124288 0.403759 0.123899 0.399038 0.122863 0.399038 0.120272 0.402010
0 0.046049 0.477885 0.059391 0.476661 0.059391 0.479808 0.058744 0.480332 0.058614 0.483654 0.057578 0.483829 0.056801 0.487500 0.052008 0.497815 0.051878 0.502885 0.048769 0.506731 0.047992 0.504108 0.045272 0.503059 0.044754 0.500262 0.042552 0.499563 0.040738 0.496416 0.040350 0.492395 0.038925 0.490822 0.038925 0.487850 0.036464 0.483654 0.036464 0.481381 0.035168 0.480157 0.035427 0.478234 0.038148 0.473864 0.038666 0.476136 0.045013 0.475612
0 0.125751 0.789301 0.125751 0.798566 0.126140 0.798566 0.126917 0.805035 0.129896 0.805385 0.131839 0.803112 0.134948 0.801888 0.140389 0.793846 0.143368 0.793846 0.143368 0.790175 0.145052 0.789650 0.145181 0.788252 0.144145 0.787203 0.143368 0.785629 0.141295 0.785280 0.140777 0.784406 0.137668 0.783182 0.136891 0.781434 0.134171 0.781259 0.131321 0.778287 0.128601 0.777762 0.127176 0.776189 0.126269 0.776713 0.125363 0.778112 0.124456 0.778462 0.124845 0.787727
0 0.115259 0.814825 0.115000 0.826189 0.115259 0.826364 0.116943 0.828287 0.118238 0.828112 0.120181 0.824790 0.121606 0.825140 0.125104 0.820944 0.125363 0.818671 0.124067 0.817448 0.123549 0.816049 0.122254 0.816049 0.121736 0.814825 0.119922 0.814650 0.118886 0.812727 0.117202 0.812727
0 0.181192 0.844720 0.181710 0.849266 0.180544 0.849615 0.179637 0.856783 0.180803 0.857657 0.180803 0.861853 0.182487 0.863427 0.182487 0.869371 0.183653 0.870070 0.183912 0.874441 0.184819 0.875140 0.184819 0.877587 0.186762 0.880385 0.189870 0.880734 0.190130 0.878636 0.202694 0.862378 0.203212 0.859231 0.201269 0.855385 0.197254 0.855559 0.196477 0.853112 0.191943 0.853462 0.191166 0.851888 0.187798 0.851713 0.185207 0.848042 0.184430 0.844371
0 0.199845 0.873741 0.198420 0.876014 0.198290 0.878112 0.196088 0.881434 0.195570 0.883357 0.193238 0.886503 0.193109 0.889476 0.192202 0.890000 0.191943 0.892797 0.189482 0.895594 0.189223 0.897692 0.187668 0.898916 0.187280 0.903462 0.192461 0.903112 0.193497 0.905210 0.210855 0.905385 0.211114 0.899790 0.210078 0.899441 0.209689 0.896294 0.207617 0.893671 0.202176 0.878287
0 0.134430 0.934930 0.134948 0.943846 0.133653 0.944021 0.133653 0.959755 0.132746 0.960105 0.132098 0.963077 0.133523 0.964476 0.134560 0.964476 0.136114 0.964476 0.150233 0.954161 0.153990 0.954336 0.154249 0.949091 0.152176 0.949091 0.149456 0.945594 0.148161 0.945594 0.143627 0.939126 0.141943 0.939126 0.139482 0.935455 0.137798 0.935105 0.136503 0.933706
0 0.245078 0.969965 0.258420 0.988322 0.259974 0.987972 0.259974 0.985175 0.261140 0.984476 0.261528 0.977657 0.262306 0.977483 0.262694 0.971364 0.264508 0.969615 0.264508 0.963671 0.265026 0.963671 0.265285 0.954755 0.260492 0.954930 0.259197 0.955455 0.256477 0.956154 0.255570 0.957552 0.251166 0.957552 0.249870 0.960000 0.246244 0.960000 0.244041 0.961748 0.243135 0.961049 0.238860 0.960874 0.238601 0.963322 0.240933 0.967867
0 0.349534 0.839056 0.351088 0.839580 0.359119 0.846049 0.359637 0.848497 0.362746 0.852867 0.361192 0.853042 0.358342 0.856538 0.356788 0.856713 0.355492 0.857762 0.352383 0.857762 0.351347 0.860385 0.349016 0.860559 0.347073 0.862657 0.347073 0.843776 0.348238 0.843427 0.348238 0.840629
0 0.368666 0.860192 0.367630 0.890437 0.368407 0.890437 0.368925 0.894983 0.371904 0.894983 0.374624 0.891486 0.375920 0.892010 0.379417 0.886416 0.381101 0.886591 0.383044 0.883269 0.385505 0.882220 0.389909 0.876626 0.388873 0.876801 0.388614 0.874353 0.386153 0.874528 0.384339 0.871381 0.382396 0.870682 0.378769 0.865437
0 0.637798 0.940175 0.647642 0.953112 0.647772 0.955559 0.648938 0.955559 0.650492 0.957657 0.652306 0.957832 0.652435 0.956958 0.653601 0.956259 0.653472 0.952238 0.655155 0.951014 0.655026 0.946469 0.656062 0.945245 0.656321 0.938601 0.657876 0.938951 0.658005 0.932483 0.658782 0.930559 0.652176 0.929685 0.652047 0.932133 0.645699 0.931608 0.645311 0.933706 0.640777 0.933182 0.639741 0.935105 0.637539 0.935105
0 0.967668 0.705122 0.967668 0.707745 0.965596 0.708619 0.965596 0.710542 0.962228 0.714213 0.964041 0.714388 0.965078 0.716836 0.970130 0.716486 0.970130 0.718059 0.973238 0.718234 0.974793 0.720157 0.975440 0.718934 0.976218 0.718059 0.976477 0.715787 0.975699 0.715612 0.974922 0.708619 0.973497 0.707395 0.973886 0.703199 0.973109 0.702500 0.971684 0.700402 0.971166 0.702675 0.969352 0.702150
0 0.915427 0.596836 0.916075 0.623234 0.910635 0.617290 0.908692 0.617115 0.906490 0.613969 0.904417 0.613094 0.902345 0.609598 0.900272 0.609423 0.898847 0.606101 0.899754 0.605227 0.908951 0.597885 0.910894 0.598234 0.913614 0.594738
0 0.800661 0.718689 0.800661 0.727080 0.799624 0.727605 0.799365 0.730052 0.798199 0.730752 0.797940 0.739143 0.797034 0.739668 0.796904 0.745787 0.798070 0.746311 0.798977 0.744563 0.803640 0.744388 0.804158 0.743514 0.806619 0.743339 0.807137 0.741766 0.812319 0.741066 0.813225 0.739668 0.816982 0.738794 0.817111 0.736346 0.816205 0.736171 0.816075 0.734073 0.812578 0.729878 0.811412 0.728829 0.810894 0.726031 0.808951 0.725857 0.807785 0.723934 0.807137 0.720787 0.805842 0.720612 0.802215 0.716941
0 0.955920 0.477273 0.955920 0.480594 0.955142 0.481119 0.955142 0.491958 0.953977 0.494056 0.953847 0.496154 0.955026 0.497378 0.955790 0.496154 0.958510 0.495804 0.959301 0.494755 0.962539 0.494406 0.963446 0.493182 0.965389 0.493007 0.967332 0.491084 0.967332 0.488636 0.961749 0.480594 0.960712 0.480944 0.958005 0.477797
0 0.901775 0.425524 0.903212 0.426573 0.903329 0.434091 0.903977 0.434790 0.903977 0.439336 0.905920 0.441783 0.907215 0.441259 0.912785 0.437063 0.912785 0.434615 0.916412 0.429545 0.916282 0.426399 0.913044 0.426748 0.913044 0.424825
0 0.827293 0.459615 0.827552 0.477098 0.824585 0.476923 0.823795 0.475524 0.822111 0.475524 0.821347 0.474126 0.819016 0.473601 0.818368 0.472203 0.816813 0.472028 0.816023 0.470105 0.812927 0.469930 0.812396 0.469056 0.811101 0.468357 0.817073 0.458392 0.818614 0.458217 0.819663 0.456119 0.821995 0.455769 0.824443 0.453147 0.824585 0.454196 0.825738 0.454545 0.825881 0.459266
0 0.820168 0.567657 0.828731 0.572727 0.829883 0.574825 0.833510 0.575175 0.833653 0.556294 0.832733 0.555944 0.832358 0.547378 0.831567 0.549126 0.829767 0.549301 0.828329 0.552273 0.825997 0.552622 0.821995 0.557867 0.820816 0.557692 0.816166 0.563986
