0 0.100959 0.047080 0.101606 0.053199 0.107306 0.064913 0.107306 0.066836 0.113523 0.075052 0.121554 0.064213 0.121425 0.056696 0.122850 0.055822 0.122979 0.053374 0.124534 0.052675 0.124534 0.047780 0.122461 0.047080 0.121295 0.045507 0.119741 0.045507 0.119223 0.047080 0.114301 0.047080 0.113653 0.044458 0.112228 0.046906 0.104715 0.047605
0 0.258562 0.550997 0.263795 0.556661 0.256995 0.567727 0.240920 0.567500 0.238834 0.566084 0.241101 0.565140 0.241101 0.562080 0.241101 0.560909 0.247915 0.544878 0.247915 0.542290 0.251749 0.542045 0.256464 0.546993 0.255946 0.551241
0 0.384676 0.676871 0.389728 0.678969 0.389987 0.681416 0.392578 0.681591 0.392966 0.682990 0.397241 0.683339 0.397370 0.660262 0.397111 0.659738 0.396205 0.657115 0.394262 0.657290 0.393614 0.659038 0.391671 0.659388 0.390246 0.662185 0.387396 0.662710 0.386878 0.664983 0.385842 0.665157 0.383251 0.667255 0.381826 0.667605 0.379624 0.670227 0.382863 0.676521
0 0.362396 0.634213 0.356697 0.642255 0.355272 0.642080 0.353070 0.644878 0.351127 0.644878 0.349832 0.646451 0.349702 0.644878 0.349184 0.644528 0.349184 0.644528 0.348795 0.638759 0.347241 0.637185 0.347500 0.619353 0.350997 0.619003 0.351386 0.620752 0.354883 0.619878 0.354624 0.622675 0.357863 0.622325 0.358381 0.624073 0.360453 0.624248 0.361619 0.625297 0.363821 0.625297 0.363951 0.626696 0.365894 0.627570 0.366541 0.630367 0.364858 0.630017 0.365117 0.634388
0 0.397370 0.562885 0.415635 0.568479 0.415635 0.571626 0.413951 0.573899 0.413562 0.578794 0.410583 0.578619 0.410453 0.580892 0.406567 0.586836 0.405531 0.586836 0.404106 0.589108 0.400350 0.588759 0.400350 0.586661 0.398666 0.585962 0.399054 0.579843 0.398795 0.579318 0.398018 0.577570 0.398018 0.576521 0.396982 0.574773 0.396723 0.569703 0.395298 0.569528 0.395557 0.564633
0 0.423277 0.548724 0.423536 0.551871 0.425350 0.551696 0.427552 0.555892 0.429236 0.555542 0.429754 0.556941 0.431438 0.557640 0.432215 0.557115 0.433251 0.556066 0.433381 0.547850 0.434806 0.546976 0.435065 0.542255 0.436619 0.542255 0.436101 0.526521 0.432474 0.526346 0.432345 0.527045 0.428199 0.527570 0.427552 0.529318 0.425868 0.529668 0.425091 0.531066 0.421852 0.531591 0.421075 0.532815 0.419391 0.532990 0.418744 0.534213 0.414987 0.535262 0.413433 0.538409 0.414469 0.540157 0.417319 0.546976
0 0.492578 0.561836 0.492448 0.581941 0.495298 0.582465 0.495557 0.581066 0.498407 0.580892 0.499961 0.578794 0.502163 0.578619 0.502293 0.577220 0.504365 0.577045 0.504754 0.575822 0.507733 0.574948 0.509417 0.573374 0.511749 0.573199 0.511360 0.569178 0.509547 0.568479 0.500997 0.556066 0.499313 0.556066 0.498536 0.554493 0.495687 0.554318 0.494132 0.556066 0.494132 0.560787
0 0.574702 0.629493 0.571852 0.632815 0.571075 0.634913 0.569909 0.635787 0.570168 0.641206 0.569262 0.642080 0.569262 0.645052 0.567060 0.646101 0.568096 0.647150 0.568614 0.648549 0.579883 0.648724 0.580142 0.647325 0.584676 0.646451 0.584547 0.644178 0.583769 0.643129 0.583251 0.640682 0.580790 0.638059 0.580661 0.636136 0.577422 0.632640 0.577422 0.629143
0 0.471179 0.770350 0.468718 0.768252 0.468860 0.765455 0.464832 0.759510 0.461593 0.758986 0.461088 0.761259 0.459793 0.762832 0.460168 0.765455 0.458744 0.766678 0.459003 0.768776 0.456023 0.771573 0.456023 0.778042 0.472992 0.778042 0.472992 0.775594 0.471567 0.773846
0 0.547228 0.751643 0.542163 0.758986 0.541516 0.762133 0.539313 0.764930 0.539184 0.767727 0.537889 0.768427 0.537759 0.770874 0.540350 0.770524 0.541645 0.772448 0.547474 0.772273 0.548899 0.773671 0.555376 0.773846 0.555117 0.768601 0.554352 0.768252 0.554210 0.763531 0.553821 0.761958 0.553303 0.758462 0.552008 0.757063 0.552008 0.754091 0.550194 0.751294
0 0.558238 0.777517 0.560181 0.780315 0.563420 0.779615 0.571049 0.791329 0.568601 0.794825 0.566386 0.794825 0.563925 0.796923 0.562772 0.796923 0.561593 0.799371 0.559132 0.798671 0.559003 0.800070 0.556541 0.800944 0.554598 0.799021 0.554469 0.790455 0.555894 0.790105 0.555894 0.780664
0 0.601425 0.958741 0.619560 0.957867 0.620337 0.960664 0.619171 0.962762 0.619689 0.967832 0.615674 0.971853 0.615544 0.974476 0.614508 0.974650 0.614249 0.978322 0.609715 0.984091 0.608938 0.984266 0.606218 0.982517 0.606477 0.979196 0.604145 0.977098 0.604016 0.973776 0.601036 0.969930 0.601036 0.966259 0.599741 0.965210 0.599741 0.961014
0 0.713990 0.944755 0.713731 0.964161 0.714378 0.964860 0.715155 0.966958 0.717617 0.966958 0.718264 0.965909 0.719819 0.965385 0.722798 0.961538 0.724223 0.961713 0.730570 0.954196 0.729016 0.951224 0.727591 0.951573 0.726943 0.950350 0.725259 0.950000 0.723834 0.948077 0.722280 0.947727 0.721244 0.945979 0.719041 0.945979 0.718523 0.944406
0 0.774482 0.882867 0.782124 0.893706 0.782513 0.890909 0.783420 0.890035 0.783679 0.887238 0.784845 0.886888 0.784845 0.881469 0.787565 0.879021 0.786917 0.873776 0.775389 0.874126 0.773705 0.875699 0.771891 0.876224 0.772539 0.878322 0.773316 0.880594 0.774611 0.880944
0 0.835751 0.902273 0.837435 0.902273 0.840155 0.905769 0.840155 0.907343 0.844041 0.911538 0.844689 0.915385 0.847150 0.918357 0.847409 0.922203 0.841451 0.923077 0.840674 0.925175 0.835622 0.924825 0.834715 0.923252 0.833938 0.925524 0.827720 0.925699 0.827332 0.922902 0.828756 0.922203 0.828756 0.916958 0.830440 0.916958 0.830052 0.913112 0.831606 0.913287 0.831606 0.909965 0.832642 0.909615 0.832642 0.906469
0 0.944365 0.840052 0.943718 0.846696 0.944883 0.848094 0.945142 0.852115 0.946697 0.856661 0.946697 0.862430 0.945531 0.865402 0.943329 0.865402 0.942940 0.864178 0.941775 0.863829 0.940479 0.861906 0.937630 0.861906 0.936723 0.860332 0.933873 0.859808 0.932707 0.858584 0.931153 0.857885 0.930117 0.856661 0.928044 0.856836 0.928044 0.854213 0.928044 0.854213 0.928044 0.854213 0.929469 0.849318 0.933484 0.848444 0.937630 0.840752 0.939961 0.839528 0.940868 0.837780 0.942293 0.836906
0 0.899547 0.805962 0.899547 0.812955 0.897992 0.813129 0.897992 0.819423 0.896956 0.820122 0.896567 0.828164 0.899806 0.828339 0.900453 0.827815 0.903692 0.826591 0.903821 0.825192 0.906930 0.824493 0.907319 0.823619 0.911334 0.822920 0.911205 0.819598 0.913277 0.818899 0.909132 0.813479 0.906671 0.812255 0.906412 0.809633 0.904598 0.808934 0.904210 0.806136 0.902655 0.806136 0.901101 0.804563
0 0.852396 0.814353 0.851101 0.815052 0.850972 0.818024 0.850065 0.817850 0.850065 0.823444 0.846049 0.827115 0.844495 0.825192 0.842681 0.825367 0.842293 0.823269 0.840091 0.819598 0.840091 0.817325 0.838407 0.816276 0.838277 0.813129 0.839961 0.811906 0.844106 0.811556 0.845142 0.809633 0.852396 0.808759
0 0.848420 0.750524 0.840130 0.761888 0.839093 0.761888 0.837798 0.763811 0.835078 0.763986 0.834560 0.763287 0.833523 0.763112 0.832746 0.747028 0.831451 0.745280 0.833264 0.744755 0.834301 0.742832 0.835207 0.743881 0.840518 0.743007 0.840518 0.744755 0.843756 0.744231 0.845052 0.747378 0.847902 0.748077
0 0.841943 0.709441 0.842073 0.712587 0.838057 0.717133 0.838187 0.720979 0.835596 0.723776 0.835337 0.728671 0.838964 0.728671 0.839352 0.730769 0.842720 0.730420 0.843109 0.729196 0.844793 0.728671 0.846347 0.730245 0.847254 0.729545 0.850881 0.728671 0.850881 0.726399 0.849974 0.726224 0.849715 0.722727 0.848161 0.721154 0.847772 0.716958
0 0.961114 0.658916 0.961114 0.672378 0.960078 0.672902 0.959948 0.679720 0.960596 0.680070 0.961503 0.682168 0.964741 0.681643 0.965130 0.679545 0.968627 0.679895 0.972124 0.676049 0.973549 0.676224 0.973679 0.674825 0.974974 0.674825 0.976788 0.672552 0.978731 0.672552 0.975881 0.667483 0.974974 0.668531 0.968238 0.659266 0.966943 0.659266 0.965907 0.657343 0.964611 0.657343 0.962798 0.655420 0.962539 0.658392
0 0.822332 0.469773 0.823109 0.476941 0.823627 0.477465 0.824404 0.479563 0.826347 0.475717 0.828549 0.475717 0.828549 0.472745 0.831399 0.471346 0.831399 0.468899 0.836580 0.463304 0.836321 0.458759 0.837876 0.456661 0.834637 0.456661 0.833990 0.454738 0.830622 0.454388 0.830104 0.453514 0.819352 0.452990 0.818834 0.458059 0.820259 0.459458 0.820389 0.466101
0 0.742370 0.423427 0.742370 0.427972 0.741334 0.428147 0.741205 0.433392 0.740168 0.433916 0.740168 0.437937 0.741334 0.439336 0.739909 0.440909 0.740039 0.445822 0.742241 0.445647 0.742759 0.447220 0.744054 0.445822 0.745350 0.445472 0.745868 0.444231 0.747811 0.443881 0.748588 0.442133 0.752474 0.441783 0.753653 0.440559 0.755855 0.438811 0.756503 0.436189 0.750013 0.426923 0.748459 0.426748 0.745868 0.422552
0 0.866516 0.350035 0.868031 0.373864 0.862992 0.374091 0.861813 0.372273 0.858951 0.372955 0.858277 0.370699 0.854909 0.370699 0.854573 0.370245 0.853057 0.369563 0.852215 0.366836 0.849870 0.366608 0.848187 0.364336 0.852552 0.360927 0.851710 0.357972 0.858446 0.349126 0.860130 0.349808 0.860466 0.348444 0.864326 0.347535
0 0.765894 0.113182 0.766347 0.116556 0.767966 0.116556 0.768264 0.123934 0.768847 0.124545 0.769443 0.126538 0.771801 0.125542 0.773433 0.124143 0.774767 0.124143 0.777124 0.121346 0.778744 0.121748 0.779197 0.117762 0.780518 0.117955 0.781852 0.113776 0.782733 0.112780 0.780816 0.110385 0.779339 0.110979 0.778459 0.108182 0.774611 0.107990 0.774171 0.106591 0.766930 0.106591 0.766930 0.108794 0.769883 0.111171
0 0.806813 0.075682 0.806813 0.078881 0.807707 0.080070 0.808290 0.084056 0.809028 0.084860 0.809482 0.089441 0.811101 0.092238 0.815233 0.092045 0.819676 0.086661 0.819521 0.084668 0.820855 0.083269 0.820415 0.076486 0.819378 0.076486 0.818484 0.075297 0.816865 0.074091 0.815972 0.073304 0.813912 0.073497 0.813472 0.075892
0 0.680803 0.005699 0.681399 0.018077 0.680959 0.018269 0.679624 0.020664 0.677409 0.020857 0.674456 0.016871 0.673122 0.017063 0.668394 0.011084 0.669585 0.009301 0.671062 0.009301 0.673122 0.006311 0.675337 0.005909 0.676373 0.003706 0.680220 0.002115
0 0.627332 0.075490 0.633679 0.075297 0.634858 0.076678 0.640324 0.076888 0.641218 0.078881 0.644469 0.079073 0.645052 0.080472 0.646684 0.080682 0.648459 0.082465 0.644611 0.086661 0.645505 0.090245 0.642098 0.093636 0.641658 0.097220 0.639443 0.097220 0.634858 0.103007 0.633536 0.102010 0.632500 0.099615 0.631464 0.098427 0.631023 0.094633 0.629845 0.092045 0.629689 0.086661 0.628951 0.086049
0 0.611969 0.091049 0.607383 0.104598 0.606503 0.105402 0.606503 0.109790 0.613744 0.109983 0.614028 0.108392 0.619495 0.108392 0.621567 0.106189 0.620829 0.105000 0.620389 0.102605 0.618018 0.099423 0.618018 0.097622 0.614326 0.093234
0 0.613744 0.143881 0.613744 0.148462 0.615065 0.148864 0.614922 0.151049 0.617733 0.154441 0.618018 0.157045 0.619495 0.157640 0.619495 0.160420 0.618756 0.160227 0.617733 0.162622 0.599560 0.162815 0.598523 0.161031 0.596153 0.161416 0.595570 0.158042 0.598381 0.155437 0.598381 0.152448 0.599858 0.152448 0.599404 0.149860 0.602655 0.147273 0.602073 0.145070 0.605466 0.140892 0.604728 0.139091 0.606801 0.136101 0.609301 0.136101 0.609598 0.137098 0.610635 0.137290 0.611075 0.141486
0 0.566166 0.148671 0.561153 0.154248 0.560997 0.157238 0.558044 0.159423 0.558187 0.162622 0.556567 0.163619 0.556710 0.165804 0.559223 0.165612 0.559676 0.167605 0.573407 0.167797 0.573407 0.164021 0.572526 0.163024 0.572370 0.160227 0.571334 0.160035 0.571049 0.155647 0.569715 0.156643 0.569573 0.152850
0 0.533368 0.225629 0.535000 0.225420 0.536036 0.226818 0.537358 0.228217 0.537655 0.229615 0.529974 0.239178 0.529676 0.237780 0.527461 0.234003 0.527319 0.230210 0.526140 0.230017 0.526282 0.225822 0.527461 0.223234 0.531606 0.223427
0 0.614184 0.335874 0.618472 0.336084 0.619793 0.338269 0.620091 0.341661 0.616839 0.347238 0.614624 0.347238 0.613588 0.349038 0.610635 0.349441 0.610039 0.346853 0.608860 0.346451 0.608277 0.340070 0.607539 0.339668 0.607383 0.333689 0.612552 0.333689
0 0.555829 0.433776 0.574301 0.432185 0.576218 0.429983 0.576360 0.426399 0.569715 0.418234 0.569858 0.415227 0.564987 0.407850 0.561736 0.407850 0.560415 0.409650 0.560117 0.414038 0.558782 0.414843 0.558342 0.417028 0.557163 0.417430 0.557604 0.425594 0.555829 0.424598
0 0.500868 0.456311 0.501166 0.484615 0.503096 0.484423 0.503977 0.482832 0.506490 0.482028 0.507966 0.480035 0.510622 0.479633 0.512694 0.477238 0.514313 0.476451 0.515648 0.476049 0.517124 0.476049 0.522293 0.469266 0.520518 0.468462 0.514313 0.460699 0.513575 0.461696 0.512254 0.459301 0.511062 0.459895 0.508705 0.456311 0.506788 0.456311 0.505894 0.455105 0.502798 0.454720
0 0.562940 0.299580 0.567047 0.304703 0.567047 0.307797 0.569793 0.307587 0.569637 0.311084 0.572992 0.315385 0.573290 0.317045 0.574819 0.319301 0.575725 0.320944 0.573744 0.322990 0.572526 0.326084 0.565065 0.325664 0.564767 0.326486 0.555324 0.326696 0.554417 0.319301 0.555635 0.319510 0.555181 0.316626 0.557008 0.314983 0.557008 0.310052 0.558523 0.309633 0.558368 0.306346 0.559443 0.305944 0.559443 0.304091 0.560505 0.303269 0.561114 0.300192
0 0.481801 0.280664 0.482111 0.289913 0.481503 0.291154 0.483329 0.292797 0.483329 0.299983 0.481956 0.304091 0.477992 0.304703 0.476166 0.300804 0.475259 0.300804 0.473886 0.298339 0.471606 0.297727 0.469624 0.297517 0.466269 0.291766 0.469922 0.287867 0.478756 0.279650
0 0.395790 0.351766 0.403705 0.345804 0.406295 0.346416 0.408575 0.343129 0.413912 0.342727 0.414054 0.341486 0.416645 0.341276 0.416645 0.359161 0.415130 0.359773 0.416036 0.371486 0.413148 0.371066 0.411930 0.368409 0.410259 0.368409 0.406904 0.364913 0.404922 0.363671 0.404313 0.361818 0.401736 0.361416
0 0.250415 0.465839 0.249896 0.467762 0.248601 0.468462 0.255207 0.478427 0.256762 0.478427 0.258705 0.482273 0.261943 0.482622 0.262202 0.481923 0.263497 0.480699 0.264016 0.475804 0.265311 0.475455 0.265699 0.466538 0.266347 0.464965 0.267124 0.462692 0.264922 0.459545 0.262202 0.459371 0.262202 0.461119 0.258057 0.461119 0.257927 0.463042 0.254560 0.462867 0.254560 0.464441
0 0.437915 0.205734 0.443744 0.214650 0.444003 0.217972 0.448018 0.218322 0.449702 0.216748 0.449702 0.213776 0.451127 0.212902 0.453199 0.210979 0.453199 0.208881 0.455790 0.205734 0.455790 0.203112 0.458899 0.200140 0.458640 0.195944 0.454495 0.196294 0.453977 0.195070 0.446464 0.194021 0.445946 0.192448 0.437396 0.192448
0 0.408769 0.229161 0.404365 0.234056 0.404236 0.237727 0.403070 0.239476 0.403070 0.241399 0.401645 0.242797 0.401645 0.249266 0.403070 0.251364 0.413174 0.251364 0.413692 0.249965 0.414987 0.251713 0.416023 0.250490 0.418484 0.249790 0.418614 0.243322 0.415894 0.240874 0.415764 0.237902 0.411749 0.233531 0.412008 0.231783
0 0.404236 0.232308 0.398795 0.224790 0.398148 0.225315 0.396205 0.222517 0.395298 0.222168 0.392319 0.219196 0.390764 0.219895 0.389987 0.220944 0.389987 0.223566 0.388821 0.223916 0.388692 0.230035 0.387655 0.230385 0.387526 0.239650 0.394391 0.239476 0.395427 0.237727 0.400350 0.237028 0.401386 0.235804 0.403588 0.235455
0 0.376114 0.216906 0.376373 0.219178 0.377798 0.219703 0.378187 0.221976 0.378575 0.222675 0.379611 0.226171 0.380907 0.227395 0.379741 0.229843 0.367953 0.230542 0.367824 0.224248 0.368601 0.223899 0.368860 0.221626 0.373653 0.214983
0 0.257189 0.389843 0.268329 0.391066 0.269106 0.395087 0.274158 0.401206 0.274676 0.404878 0.271308 0.403654 0.267034 0.412395 0.263277 0.412395 0.261852 0.416416 0.259780 0.416241 0.258614 0.417815 0.258355 0.413094 0.256153 0.412745
0 0.341788 0.131241 0.341917 0.134563 0.343601 0.135962 0.343472 0.146276 0.342565 0.146451 0.341917 0.152570 0.340622 0.155192 0.342435 0.157115 0.343342 0.158864 0.346710 0.158514 0.346710 0.157465 0.350207 0.157115 0.352798 0.153269 0.353834 0.153094 0.354482 0.152220 0.356425 0.151696 0.357202 0.150647 0.358756 0.150647 0.362254 0.146626 0.362383 0.143829 0.361477 0.143129 0.360829 0.141906 0.359663 0.142080 0.358627 0.140157 0.356684 0.140682 0.353575 0.135962 0.352021 0.135262 0.350855 0.132815 0.348264 0.132640 0.348005 0.131066
0 0.417707 0.014126 0.412008 0.020769 0.416930 0.022168 0.417966 0.023566 0.424184 0.024441 0.424443 0.026189 0.428199 0.026538 0.429236 0.028462 0.429495 0.026538 0.430661 0.026014 0.431438 0.018322 0.430402 0.018147 0.429883 0.010629 0.429236 0.010804 0.428847 0.007308 0.425868 0.006958 0.424573 0.008357 0.422759 0.008706 0.419650 0.013427
0 0.655959 0.638636 0.647345 0.646783 0.647604 0.653427 0.649016 0.655524 0.655117 0.655000 0.655894 0.656748 0.656412 0.655524 0.658614 0.655175 0.659521 0.658147 0.661075 0.657972 0.660946 0.656049 0.663264 0.655175 0.663018 0.650280 0.661969 0.651503 0.661969 0.645385 0.661075 0.645385 0.660946 0.641888 0.659521 0.641888 0.658161 0.635839
0 0.827358 0.223234 0.831373 0.227780 0.840052 0.228479 0.840699 0.230577 0.844197 0.230752 0.844585 0.227955 0.846399 0.225857 0.846010 0.223759 0.844585 0.223234 0.844585 0.217115 0.843938 0.216766 0.843420 0.211521 0.842772 0.211521 0.842124 0.206801 0.841477 0.206626 0.840829 0.203654 0.836943 0.202955 0.837332 0.205227 0.833705 0.209073 0.830855 0.212570 0.828523 0.213094 0.826321 0.215367 0.826321 0.218339 0.824119 0.218514 0.824249 0.221486
0 0.809896 0.240857 0.807953 0.244528 0.801865 0.244878 0.801736 0.234913 0.804845 0.230367 0.805233 0.231766 0.807565 0.232115 0.807824 0.233864 0.809896 0.234038 0.811580 0.235612 0.812487 0.241381
0 0.825959 0.183689 0.822720 0.188759 0.820777 0.188934 0.820648 0.191381 0.818964 0.191906 0.818705 0.196801 0.820907 0.197675 0.821425 0.200472 0.822591 0.199248 0.829067 0.198899 0.831140 0.196801 0.831528 0.191906 0.830104 0.191556 0.830104 0.189108
0 0.123886 0.142605 0.124275 0.153619 0.119482 0.157290 0.117927 0.156416 0.113653 0.149248 0.113005 0.144003 0.111062 0.143479 0.105233 0.131941 0.106788 0.129843 0.108601 0.128969 0.108731 0.128269 0.114689 0.128269 0.116632 0.126346 0.121425 0.125997 0.121684 0.124948 0.126218 0.123899 0.127642 0.125647 0.128031 0.134563 0.127513 0.135787 0.127124 0.137535 0.125570 0.137535 0.125570 0.140682
0 0.084508 0.172325 0.084378 0.173374 0.082435 0.174248 0.082435 0.177395 0.080751 0.179668 0.080233 0.181416 0.079585 0.182290 0.079067 0.186311 0.076736 0.186661 0.076347 0.192080 0.078161 0.193654 0.101477 0.193654 0.101477 0.191031 0.100440 0.190332 0.099922 0.186486 0.098886 0.186311 0.098238 0.178969 0.099145 0.178094 0.099922 0.173724 0.098238 0.171451 0.096554 0.171451 0.095259 0.172850 0.092021 0.169003 0.091632 0.165332 0.090207 0.165332 0.089041 0.164108 0.084378 0.164458 0.082565 0.166556 0.084637 0.167430 0.086969 0.170402
0 0.248381 0.330227 0.248899 0.332150 0.251490 0.332325 0.252267 0.333724 0.253951 0.333724 0.254987 0.336696 0.263795 0.335822 0.264702 0.343339 0.263407 0.347010 0.260039 0.347185 0.256023 0.353479 0.254080 0.353829 0.250972 0.358024 0.246567 0.358024 0.245920 0.355752 0.244883 0.355052 0.245272 0.330577
0 0.484197 0.665035 0.479016 0.677448 0.479275 0.680245 0.476295 0.681993 0.476554 0.684091 0.475130 0.684965 0.473057 0.687063 0.472668 0.685140 0.468394 0.678846 0.468653 0.677273 0.464896 0.672378 0.464896 0.670105 0.463083 0.669231 0.463731 0.665909 0.467746 0.666434 0.467746 0.664336 0.473187 0.664510 0.473187 0.662238 0.478627 0.662238
0 0.394547 0.459668 0.394676 0.479948 0.381334 0.463164 0.380946 0.460542 0.379262 0.460192 0.377060 0.455997 0.377060 0.454423 0.378096 0.451801 0.383018 0.451626 0.383536 0.450227 0.392863 0.449178 0.393769 0.448304 0.395972 0.447780 0.396101 0.450402 0.397655 0.450577 0.396360 0.452500 0.396619 0.459318
0 0.048912 0.529773 0.048912 0.533951 0.048005 0.534668 0.048005 0.539388 0.045544 0.542692 0.045544 0.546031 0.044249 0.546906 0.044249 0.550752 0.040363 0.550752 0.033886 0.541818 0.033497 0.538671 0.032332 0.538671 0.032332 0.533794 0.030518 0.532203 0.035959 0.531678 0.036088 0.530297
0 0.067280 0.005472 0.072461 0.004948 0.075311 0.009143 0.071166 0.014213 0.071295 0.017360 0.069352 0.017010 0.067927 0.019283 0.063782 0.019283 0.063394 0.016136 0.062487 0.016136 0.062098 0.010892 0.060803 0.009843 0.062358 0.008969 0.062358 0.003549 0.067668 0.003549
0 0.044482 0.109318 0.051865 0.108444 0.053549 0.110717 0.056010 0.107745 0.058342 0.108794 0.059378 0.111066 0.061451 0.111241 0.061969 0.112990 0.065855 0.113339 0.066114 0.118584 0.062098 0.122430 0.062228 0.126451 0.060544 0.125752 0.059378 0.128549 0.057176 0.131696 0.057565 0.134668 0.053420 0.134668 0.052383 0.136766 0.049145 0.131871 0.049404 0.128899 0.047850 0.128374 0.047850 0.121556 0.046813 0.120857 0.046554 0.117360 0.045518 0.114388
0 0.054715 0.208969 0.063912 0.222955 0.067280 0.223479 0.067150 0.218934 0.068446 0.217360 0.068316 0.215262 0.069870 0.214913 0.070000 0.210367 0.072332 0.207045 0.072202 0.199003 0.071166 0.201451 0.070259 0.199178 0.064171 0.199353 0.063782 0.201276 0.057694 0.201101 0.057176 0.202500 0.054845 0.203024 0.053161 0.205297 0.054456 0.205997
0 0.160311 0.255629 0.160699 0.259126 0.159145 0.259126 0.154741 0.264196 0.154482 0.267867 0.153575 0.268409 0.153575 0.269283 0.154223 0.270490 0.155777 0.270490 0.156943 0.272430 0.159404 0.272430 0.160570 0.273986 0.161606 0.274528 0.163290 0.275559 0.164067 0.273986 0.166010 0.275559 0.170933 0.275559 0.170674 0.268409 0.169896 0.268566 0.169508 0.261941 0.168601 0.262815 0.167953 0.253199 0.163420 0.253549 0.163290 0.254948
0 0.139456 0.307745 0.144508 0.314895 0.145026 0.318234 0.145803 0.319633 0.145933 0.322413 0.147487 0.324353 0.147876 0.326434 0.146710 0.327308 0.146710 0.328531 0.130777 0.329248 0.130518 0.324685 0.132461 0.322762 0.130777 0.322413 0.130777 0.319983 0.131813 0.319983 0.131813 0.317692 0.134534 0.314196 0.134534 0.311766 0.136995 0.307552
0 0.020933 0.705122 0.020933 0.710874 0.021580 0.712273 0.022098 0.715245 0.023005 0.717168 0.023912 0.719266 0.025337 0.722955 0.025466 0.723287 0.025855 0.726101 0.028834 0.730280 0.037772 0.719983 0.037383 0.717867 0.041010 0.712465 0.041140 0.710524 0.042435 0.710175 0.042435 0.707378 0.040881 0.705280 0.035181 0.705122 0.034404 0.703007 0.027927 0.702850 0.026891 0.700559 0.018731 0.701434 0.019119 0.704598
0 0.038549 0.725227 0.039197 0.729598 0.038031 0.730647 0.037383 0.737115 0.036736 0.738164 0.036347 0.744808 0.034922 0.744983 0.034922 0.748654 0.033627 0.749703 0.034404 0.754073 0.035959 0.753024 0.036218 0.755472 0.037383 0.755822 0.038161 0.754073 0.042047 0.753374 0.042306 0.752500 0.046062 0.751626 0.046451 0.750052 0.052021 0.749878 0.052021 0.747605 0.055130 0.748304 0.055130 0.745857 0.054352 0.744983 0.054611 0.742535 0.047228 0.733094 0.045544 0.733094 0.044896 0.727150 0.042176 0.727500 0.041269 0.725402
0 0.072358 0.814738 0.075725 0.814213 0.075725 0.816311 0.079870 0.816311 0.081813 0.818934 0.081813 0.820507 0.078316 0.824353 0.078187 0.827850 0.075466 0.828549 0.075337 0.831521 0.072876 0.834143 0.070285 0.833794 0.070285 0.830997 0.068990 0.830472 0.068472 0.826101 0.067694 0.825927 0.067694 0.822430 0.066528 0.821556 0.066399 0.813514 0.071969 0.812465
0 0.114197 0.890612 0.129611 0.903024 0.130259 0.905472 0.130907 0.905822 0.130389 0.897955 0.132461 0.896556 0.131943 0.889388 0.133497 0.889388 0.133238 0.877675 0.131554 0.877325 0.131166 0.879423 0.127927 0.879423 0.127280 0.880822 0.124301 0.880822 0.123264 0.882395 0.120544 0.883619 0.119119 0.884843 0.116399 0.884843 0.114456 0.886416
0 0.136088 0.860717 0.136088 0.866136 0.137124 0.866836 0.137254 0.868934 0.138161 0.870507 0.138938 0.875577 0.139715 0.875577 0.140363 0.878549 0.141140 0.879073 0.141528 0.882570 0.142435 0.884668 0.145155 0.884668 0.147876 0.881346 0.148005 0.878899 0.152539 0.869458 0.153575 0.869108 0.153575 0.866486 0.155259 0.865087 0.154223 0.864563 0.153964 0.862465 0.143731 0.862465 0.143342 0.859843
0 0.144767 0.915962 0.135959 0.916486 0.136218 0.924003 0.137124 0.924178 0.137383 0.928899 0.137772 0.929598 0.139067 0.933619 0.140104 0.933094 0.139715 0.938339 0.140622 0.937990 0.141140 0.942010 0.142694 0.942360 0.142694 0.945507 0.143731 0.946031 0.148912 0.939563 0.148782 0.937815 0.156554 0.928024 0.156554 0.924878 0.157591 0.925227 0.157591 0.920332 0.154741 0.920157 0.154482 0.918059 0.145285 0.918059
0 0.117565 0.944633 0.118990 0.948829 0.120026 0.950052 0.120155 0.957220 0.121451 0.959318 0.121710 0.963164 0.116140 0.962990 0.114974 0.961766 0.110181 0.961591 0.109922 0.960192 0.107979 0.959843 0.106036 0.957395 0.108109 0.956346 0.108756 0.953199 0.113161 0.947605 0.115104 0.947780 0.115363 0.944458
0 0.331231 0.983059 0.331231 0.992675 0.330324 0.993024 0.330583 0.996696 0.328122 0.997220 0.327474 0.994948 0.325790 0.995297 0.325142 0.994073 0.322940 0.993549 0.322422 0.991626 0.319573 0.991276 0.319054 0.989878 0.317111 0.989878 0.314391 0.986731 0.312448 0.986381 0.311671 0.982185 0.313355 0.979563 0.315427 0.979213 0.317500 0.976416 0.318925 0.976416 0.322422 0.970647 0.324495 0.970122 0.325661 0.968899 0.330065 0.968724 0.330065 0.982360
0 0.361360 0.577395 0.361490 0.579843 0.355920 0.587535 0.351386 0.587710 0.351127 0.582115 0.349702 0.580892 0.349313 0.577920 0.348407 0.576521 0.348277 0.570402 0.347500 0.570227 0.347111 0.564633 0.346334 0.563234 0.345816 0.559738 0.353329 0.559038 0.353459 0.560787 0.359028 0.560787 0.358899 0.562710 0.370039 0.564283 0.367966 0.570577 0.363174 0.577045
0 0.248718 0.832710 0.248847 0.836206 0.245350 0.838654 0.245091 0.841101 0.240946 0.845997 0.240816 0.850892 0.239262 0.854563 0.240168 0.854563 0.241075 0.856836 0.258562 0.856136 0.258692 0.855087 0.260505 0.854738 0.259598 0.853864 0.259469 0.851416 0.257137 0.847920 0.256619 0.844948 0.255583 0.844598 0.255453 0.839878 0.254417 0.839178 0.254028 0.836731 0.251049 0.832010
0 0.276956 0.848619 0.277085 0.851766 0.278381 0.852640 0.278640 0.859458 0.279547 0.859983 0.279935 0.863304 0.280712 0.863654 0.281360 0.866451 0.282396 0.866451 0.282526 0.868549 0.285117 0.872920 0.285505 0.876416 0.286930 0.876416 0.288096 0.874318 0.289780 0.874143 0.289780 0.871346 0.294832 0.865927 0.294702 0.862605 0.300402 0.855787 0.300531 0.851591 0.297552 0.852465 0.296256 0.850192 0.289132 0.850017 0.288355 0.848444 0.281360 0.848619 0.280453 0.845122 0.278510 0.845647
0 0.300272 0.815402 0.300272 0.821171 0.299883 0.821346 0.299495 0.823794 0.298459 0.825192 0.298329 0.828864 0.297163 0.829213 0.296775 0.832710 0.297422 0.833759 0.298329 0.835507 0.310246 0.835507 0.310894 0.833759 0.321904 0.833759 0.322163 0.832885 0.323718 0.831661 0.323070 0.830612 0.322422 0.829038 0.319832 0.827990 0.318536 0.826766 0.318795 0.824668 0.313744 0.817675 0.313225 0.815927 0.312707 0.815402 0.311930 0.811906 0.310376 0.810857 0.308951 0.809633 0.308044 0.805962 0.306619 0.806136 0.302604 0.810507 0.302474 0.814003
0 0.362448 0.776941 0.376438 0.776241 0.378640 0.778339 0.377474 0.779213 0.377085 0.782885 0.376308 0.783234 0.375920 0.786731 0.374883 0.787080 0.374106 0.789703 0.369961 0.795647 0.369443 0.794073 0.367241 0.794073 0.366982 0.791276 0.366075 0.791276 0.365816 0.787430 0.362707 0.785157
0 0.361801 0.846346 0.372422 0.850367 0.377992 0.851591 0.379158 0.852990 0.381101 0.853164 0.382655 0.854913 0.383174 0.858584 0.381101 0.858759 0.381101 0.861381 0.370350 0.876241 0.368795 0.876241 0.365557 0.872045 0.365816 0.868024 0.364650 0.867675 0.364262 0.864178 0.362707 0.863304 0.362448 0.851766 0.361412 0.851416
0 0.383303 0.825367 0.383433 0.829388 0.384858 0.830437 0.385117 0.834808 0.388484 0.839878 0.388614 0.841976 0.390946 0.843024 0.393795 0.840402 0.393666 0.838654 0.394702 0.837430 0.394832 0.834458 0.397293 0.830437 0.397293 0.829038 0.398977 0.827290 0.396386 0.827115 0.395738 0.825542 0.394573 0.827465 0.393666 0.825367
0 0.212785 0.727045 0.213303 0.740857 0.211619 0.742080 0.213303 0.744878 0.213951 0.747500 0.215764 0.748724 0.216282 0.745752 0.217448 0.746976 0.219650 0.742255 0.220687 0.742605 0.223148 0.740157 0.226127 0.739283 0.228847 0.734738 0.227940 0.730717 0.226127 0.731591 0.225609 0.728794 0.223666 0.728969 0.223148 0.726696 0.221334 0.727395 0.218744 0.724073 0.215505 0.724248 0.214598 0.723199
