1 0.029974 0.704545 0.015078 0.727273 0.039560 0.738287 0.043964 0.738986 0.041762 0.723951 0.040725 0.710315 0.040207 0.697727 0.037746 0.694406 0.039430 0.691608 0.042798 0.683916 0.042021 0.679371 0.038653 0.678497 0.034119 0.677972 0.032953 0.676573 0.023368 0.677273 0.022073 0.678322 0.021943 0.696329 0.020648 0.697378 0.020907 0.700874 0.019741 0.702098 0.020648 0.703846
1 0.037228 0.861189 0.052124 0.861538 0.051995 0.857867 0.042021 0.835490 0.039689 0.835140 0.033212 0.849301 0.031140 0.850000 0.028420 0.849126 0.026218 0.845979 0.022850 0.845804 0.021813 0.844231 0.015596 0.844930 0.015596 0.854371 0.016891 0.856119 0.017021 0.863112 0.018705 0.864510 0.018705 0.870455 0.019870 0.871853 0.019611 0.877797 0.022720 0.877098 0.030492 0.866608
1 0.000000 0.901556 0.002124 0.901224 0.012617 0.897028 0.014171 0.898252 0.014948 0.901049 0.014948 0.910839 0.014171 0.911364 0.014430 0.917308 0.012487 0.919930 0.010544 0.918182 0.008601 0.916434 0.007435 0.915385 0.004456 0.915909 0.002513 0.919406 0.000000 0.920227
1 0.051347 0.887238 0.050052 0.886364 0.048497 0.884790 0.046813 0.887413 0.046554 0.894755 0.045259 0.896154 0.044741 0.902448 0.044093 0.902797 0.044093 0.914860 0.047720 0.913112 0.049793 0.911888 0.063653 0.904545 0.066891 0.901923 0.068575 0.898776 0.071295 0.899301 0.075959 0.890734 0.071684 0.886189 0.072461 0.881993 0.070777 0.879545 0.068834 0.878497 0.066762 0.876399 0.066762 0.874476 0.065725 0.871678 0.064301 0.872552 0.060285 0.866958 0.058601 0.866783 0.058083 0.865210 0.055751 0.868007 0.056140 0.870629 0.054715 0.870280 0.054585 0.872552 0.051995 0.876224 0.052124 0.884091
1 0.111451 0.907867 0.110544 0.910664 0.107176 0.910664 0.106399 0.913811 0.104456 0.914860 0.102902 0.914510 0.102383 0.916084 0.100181 0.915909 0.099275 0.917832 0.096295 0.919056 0.104326 0.930420 0.106140 0.929720 0.111321 0.937238 0.111580 0.944056 0.110155 0.944930 0.110674 0.947203 0.126477 0.947902 0.127772 0.945629 0.128808 0.947727 0.129974 0.947727 0.131010 0.946154 0.137098 0.945629 0.137228 0.944406 0.138912 0.943531 0.137746 0.941434 0.137487 0.939336 0.134637 0.936888 0.134637 0.933741 0.132565 0.932517 0.131917 0.930245 0.131917 0.928497 0.130881 0.928497 0.131140 0.925000 0.135803 0.918357 0.135803 0.915385 0.133472 0.911713 0.133212 0.905594 0.131658 0.903322 0.126218 0.903671 0.126347 0.905769 0.121425 0.905420 0.121295 0.907517 0.119870 0.907168 0.119093 0.905070 0.114430 0.905769 0.113653 0.903671 0.111969 0.904196 0.111969 0.904720 0.110674 0.906643
0 0.270246 0.942010 0.265842 0.980647 0.294598 0.968934
1 0.359171 0.961364 0.367280 1.000000 0.373782 1.000000 0.382215 0.987605 0.388096 0.987395 0.390207 0.984948 0.389301 0.981503 0.388238 0.978444 0.390052 0.977430 0.390207 0.974790 0.391256 0.972762 0.393070 0.971329 0.389598 0.966661 0.385687 0.966853 0.382824 0.963811 0.381762 0.960350 0.378601 0.960769 0.376943 0.963199 0.369573 0.963811 0.368666 0.961171 0.365052 0.960559 0.361878 0.956696 0.358122 0.955874 0.357513 0.959948
1 0.619003 0.849143 0.615117 0.857010 0.631826 0.856311 0.632345 0.858934 0.628329 0.859983 0.626775 0.861556 0.622630 0.861556 0.616412 0.856836 0.612008 0.855437 0.608640 0.854913 0.606826 0.851766 0.605142 0.851591 0.603070 0.849493 0.600868 0.849843 0.600997 0.866276 0.602422 0.867150 0.603070 0.876241 0.607604 0.881836 0.607733 0.885332 0.615376 0.883584 0.617319 0.885507 0.624573 0.886031 0.626516 0.888304 0.632085 0.888304 0.632345 0.883759 0.634028 0.876066 0.633769 0.870647 0.635842 0.868199 0.638044 0.864353 0.638044 0.862605 0.637267 0.860857 0.637137 0.855962 0.639469 0.855612 0.641023 0.855437 0.641930 0.857010 0.645168 0.856486 0.644391 0.850192 0.637655 0.850017 0.636101 0.847920 0.635712 0.845297 0.639339 0.840577 0.639728 0.837080 0.642966 0.834108 0.640894 0.833059 0.637008 0.830962 0.634417 0.830262 0.627811 0.830437 0.626256 0.828689 0.615894 0.828689 0.614598 0.830787 0.616541 0.834633 0.617060 0.838304 0.619262 0.841276
1 0.396943 0.391661 0.397539 0.438339 0.405894 0.432098 0.410207 0.430490 0.412604 0.435734 0.413199 0.443374 0.413640 0.444388 0.415130 0.454441 0.420207 0.459073 0.423187 0.454038 0.430194 0.446993 0.432124 0.446399 0.436010 0.440350 0.419456 0.425664 0.420052 0.421241 0.422591 0.418427 0.423187 0.418427 0.426308 0.414003 0.412306 0.402133
0 0.335790 0.488252 0.360402 0.473951 0.362915 0.478077 0.357707 0.508846
0 0.132150 0.550822 0.145233 0.584213 0.117124 0.582990
0 0.263666 0.704196 0.244624 0.728497 0.268977 0.740385
0 0.527215 0.681503 0.543808 0.683566 0.533601 0.702517
0 0.560920 0.568811 0.547137 0.599476 0.573433 0.601888
0 0.531645 0.547535 0.547060 0.572185 0.555997 0.543864
0 0.493174 0.525332 0.481386 0.558199 0.508199 0.554703
0 0.620635 0.561171 0.607681 0.592290 0.635013 0.592640
1 0.107254 0.605892 0.107396 0.591696 0.095117 0.597343 0.085415 0.597710 0.084067 0.599336 0.076373 0.603164 0.081231 0.607360 0.079883 0.609895 0.089313 0.620997 0.089456 0.623724 0.094987 0.630105 0.095661 0.635559 0.099301 0.638479 0.099573 0.641923 0.101723 0.643199 0.105635 0.643566 0.107396 0.638479 0.117098 0.616276 0.116697 0.610262 0.112383 0.608811 0.109547 0.608444
0 0.071269 0.000000 0.065518 0.036853 0.064313 0.041696 0.040402 0.011311 0.063627 0.000000
0 0.033834 0.104913 0.037021 0.149021 0.064521 0.122395
0 0.106775 0.161661 0.105777 0.193409 0.085842 0.170804 0.087034 0.166241
0 0.189275 0.234283 0.213588 0.233217 0.213394 0.237238 0.202824 0.262255
0 0.223355 0.291853 0.212189 0.328427 0.215181 0.331661 0.242487 0.323584
0 0.259028 0.321434 0.255842 0.360979 0.281541 0.345105
0 0.339339 0.339196 0.343135 0.364196 0.356477 0.345909
0 0.347915 0.279738 0.373420 0.280559 0.362060 0.313636
0 0.404715 0.223252 0.432617 0.238584 0.409495 0.263881
0 0.440583 0.125892 0.439585 0.153601 0.456723 0.139615
0 0.358472 0.077483 0.337746 0.106521 0.369236 0.115944
0 0.300078 0.048689 0.281347 0.059458 0.298692 0.077483
0 0.217772 0.103024 0.197047 0.110822 0.211192 0.130997
0 0.186088 0.221643 0.162370 0.233217 0.182098 0.254738
0 0.117902 0.418671 0.100674 0.462378 0.136295 0.461154
0 0.106244 0.530664 0.088627 0.561783 0.077746 0.525594 0.097953 0.528566
0 0.027487 0.551469 0.025933 0.595524 0.055078 0.576993
0 0.099728 0.772552 0.101269 0.815892 0.126930 0.788934
0 0.106956 0.828951 0.103731 0.828112 0.084210 0.840559 0.090052 0.850105 0.092966 0.851136 0.094508 0.853829 0.096347 0.852797 0.098808 0.859213 0.101425 0.860052 0.102345 0.861503 0.103420 0.861294 0.103420 0.855070 0.104650 0.854458 0.104961 0.844493 0.106490 0.844091 0.106036 0.832063
0 0.089598 0.868549 0.089288 0.889283 0.103731 0.881399 0.103264 0.876224 0.092047 0.866678
0 0.146891 0.969528 0.129845 0.992133 0.145777 1.000000 0.152642 1.000000
0 0.193899 0.900070 0.169780 0.910017 0.168407 0.912500 0.188225 0.938217
0 0.226775 0.865017 0.203731 0.883269 0.226930 0.902343
0 0.243523 0.816713 0.248744 0.854458 0.270415 0.829371 0.269948 0.825420
0 0.254262 0.559685 0.257370 0.592203 0.276153 0.570175
0 0.279521 0.593252 0.306723 0.579965 0.301023 0.620000
0 0.295712 0.535210 0.292215 0.580315 0.320712 0.561259
0 0.345972 0.517902 0.329780 0.552692 0.359313 0.553566
0 0.351023 0.596224 0.340013 0.632063 0.367474 0.626469
0 0.330816 0.650420 0.337422 0.685210 0.355039 0.659860
0 0.364624 0.650070 0.365142 0.689231 0.370712 0.690280 0.393381 0.670175
0 0.412940 0.670175 0.395324 0.707413 0.395324 0.709510 0.429132 0.711259
0 0.391567 0.712483 0.399728 0.755490 0.423044 0.726643
0 0.477060 0.903916 0.491179 0.904266 0.485220 0.921923
0 0.410350 0.874895 0.392992 0.910035 0.423821 0.912483
0 0.384702 0.896049 0.364236 0.922273 0.391049 0.933112
0 0.455816 0.943427 0.452578 0.982937 0.481075 0.965105
0 0.429262 0.935210 0.415661 0.956364 0.435738 0.962133
0 0.556593 0.964580 0.543355 1.000000 0.557448 1.000000 0.573174 0.994650
0 0.569676 0.835035 0.557759 0.868252 0.584961 0.863182
0 0.718122 0.950769 0.740013 0.947622 0.729909 0.976119
0 0.750246 0.899720 0.770453 0.900594 0.760479 0.922972
0 0.792604 0.922797 0.786516 0.958636 0.812681 0.948322
0 0.874469 0.946049 0.874728 0.985559 0.899339 0.966853
0 0.938588 0.929441 0.927578 0.945000 0.944806 0.953916
0 0.789650 0.849808 0.780130 0.881364 0.802681 0.878916 0.803381 0.869843
0 0.892176 0.813129 0.894275 0.830909 0.907306 0.819930
0 0.654106 0.808094 0.657085 0.830997 0.670298 0.814038
0 0.431684 0.652570 0.459702 0.653304 0.444793 0.687727
0 0.380687 0.528234 0.398821 0.526311 0.391826 0.547622
0 0.383925 0.468374 0.386438 0.505699 0.408886 0.482920
0 0.327176 0.419895 0.324119 0.458689 0.348187 0.446556 0.351244 0.442203 0.345855 0.432500
0 0.314598 0.482185 0.304547 0.516119 0.306697 0.517343 0.333459 0.511031
0 0.937396 0.455962 0.935453 0.456486 0.910583 0.479913 0.910194 0.484808 0.927034 0.496696 0.932345 0.500542 0.938174 0.501416 0.939339 0.502815 0.941930 0.499143 0.938692 0.478164
0 0.960194 0.443549 0.980790 0.446346 0.967060 0.472920 0.962396 0.466101 0.961101 0.458759 0.957085 0.453514 0.958510 0.450892 0.956956 0.447220 0.959288 0.447220
0 1.000000 0.475262 0.983899 0.471871 0.994132 0.507360 0.999832 0.500542 1.000000 0.499685
0 0.932034 0.414458 0.902060 0.426626 0.924197 0.454913
0 0.858847 0.143741 0.860142 0.150734 0.865712 0.165594 0.869598 0.168042 0.879171 0.152308 0.880609 0.151084 0.880609 0.146888 0.877098 0.143916 0.871541 0.143566 0.871541 0.141818 0.868303 0.143916 0.866619 0.143217 0.862591 0.139021
0 0.815052 0.114545 0.796023 0.145490 0.797319 0.149336 0.825557 0.155629 0.826464 0.152832 0.817785 0.121014
0 0.868951 0.077657 0.851075 0.108427 0.880078 0.111748
0 0.785259 0.027657 0.781373 0.027657 0.759352 0.048462 0.760000 0.050909 0.782163 0.066469 0.786166 0.066643 0.785130 0.043916
0 0.693070 0.079703 0.691516 0.110297 0.670933 0.091241
0 0.643031 0.036241 0.641865 0.033619 0.636036 0.035367 0.636684 0.043759 0.637332 0.044808 0.637461 0.048829 0.638368 0.049528 0.643031 0.057570 0.647694 0.050752 0.647824 0.049003 0.650933 0.044983 0.651710 0.042360 0.652617 0.041311 0.652746 0.036416
0 0.434870 0.000000 0.435000 0.025857 0.433821 0.028304 0.430065 0.027255 0.412448 0.012395 0.412448 0.003479 0.419715 0.000000
1 0.106839 0.046049 0.106321 0.081364 0.084301 0.060385 0.090648 0.052692 0.091295 0.046748 0.095829 0.044825 0.095959 0.044301 0.105285 0.043252
1 0.120440 0.059860 0.104249 0.085559 0.106451 0.087832 0.126528 0.090979 0.127694 0.093252 0.132358 0.092727 0.133782 0.094825 0.133135 0.098147 0.138316 0.104091 0.145829 0.101294 0.152176 0.101469 0.152306 0.100420 0.161632 0.099895 0.163575 0.096748 0.151140 0.070350 0.148161 0.067028 0.145052 0.069650 0.145440 0.074021 0.141943 0.076643 0.142979 0.078741 0.141425 0.082762 0.138187 0.082413 0.138964 0.085734 0.135855 0.085559 0.134560 0.078566 0.133135 0.076119 0.133005 0.072448 0.131710 0.069476 0.133523 0.067552 0.133394 0.063357 0.137409 0.058112 0.137668 0.056189 0.138187 0.055140 0.138446 0.052168 0.137280 0.051294 0.137280 0.046224 0.138446 0.043951 0.140000 0.038531 0.142202 0.037133 0.141166 0.034336 0.138834 0.034685 0.136632 0.030839 0.134171 0.032762 0.131580 0.033636 0.130285 0.035035 0.128601 0.035035 0.128083 0.034860 0.127306 0.035909 0.120959 0.036608 0.120311 0.037483 0.117979 0.038182 0.116295 0.035909 0.113575 0.037133 0.113834 0.039580 0.111373 0.040280 0.112409 0.042902 0.115389 0.045874 0.115518 0.048322 0.117332 0.050070 0.117979 0.051643 0.118368 0.053916 0.121088 0.055664
1 0.194145 0.042552 0.202953 0.042028 0.203990 0.040105 0.208005 0.040280 0.209301 0.038531 0.212798 0.038706 0.212798 0.035559 0.211373 0.035035 0.212798 0.024371 0.212798 0.017902 0.211503 0.016154 0.211244 0.013531 0.217332 0.013881 0.226788 0.013881 0.226788 0.015280 0.231451 0.015629 0.231451 0.018951 0.229896 0.022448 0.229378 0.025420 0.225104 0.030315 0.224197 0.035734 0.212927 0.073846 0.201140 0.057238 0.201399 0.056189 0.194275 0.047098
1 0.257098 0.088007 0.262927 0.078916 0.266425 0.079266 0.277953 0.111259 0.277565 0.115804 0.263446 0.113531 0.262150 0.111434 0.253601 0.111434 0.252824 0.110559 0.251269 0.111958 0.248679 0.110210 0.246477 0.110909 0.230285 0.074196 0.261891 0.074196
1 0.180674 0.114056 0.170181 0.140979 0.171347 0.143252 0.199585 0.144126 0.199715 0.140804 0.197383 0.137308 0.194275 0.130839 0.194275 0.126119 0.184689 0.104266 0.187150 0.099371 0.199585 0.093077 0.200363 0.092028 0.183782 0.070350 0.182098 0.070000 0.181062 0.075594 0.180285 0.074895 0.180155 0.081713 0.178990 0.083112 0.178990 0.087133 0.177565 0.087657 0.177565 0.090979 0.176658 0.092378 0.176658 0.102343 0.178212 0.103566 0.178860 0.107762 0.181062 0.108287
0 0.759819 0.599965 0.759637 0.626399 0.775609 0.613829
0 0.792915 0.560944 0.787966 0.598427 0.814974 0.585332
1 0.050596 0.163322 0.057850 0.153881 0.060311 0.154056 0.073653 0.182727 0.073394 0.186573 0.069896 0.186923 0.068731 0.189021 0.064585 0.188671 0.062254 0.191818 0.060959 0.199161 0.054870 0.198636 0.053705 0.196538 0.052021 0.196364 0.051373 0.197238 0.047358 0.191993 0.049430 0.189895 0.048394 0.189021 0.047876 0.180629 0.047098 0.179406 0.047228 0.176608 0.043990 0.173811 0.043990 0.171888 0.042824 0.171364 0.043212 0.168741 0.045544 0.165420 0.047487 0.166119
1 0.107073 0.170140 0.118731 0.189021 0.117953 0.192692 0.117176 0.194615 0.118990 0.197063 0.119249 0.201958 0.124301 0.202832 0.134404 0.213497 0.136865 0.217343 0.139974 0.215769 0.141140 0.207727 0.142565 0.204755 0.142694 0.202483 0.145155 0.203357 0.143990 0.205629 0.147617 0.205979 0.149689 0.204580 0.152280 0.204580 0.152927 0.198811 0.155259 0.197587 0.155518 0.194091 0.168083 0.176608 0.167176 0.171888 0.144508 0.171014 0.144378 0.170140 0.139974 0.168916 0.139456 0.166993 0.136606 0.167343 0.135052 0.165594 0.134404 0.169091 0.133109 0.164895 0.129611 0.165245 0.128187 0.163322 0.125596 0.162972 0.123264 0.165245 0.121580 0.166469
1 0.115492 0.237290 0.115233 0.232045 0.110570 0.226976 0.108497 0.227500 0.105389 0.233619 0.104611 0.237115 0.103316 0.237465 0.103446 0.239388 0.102409 0.240612 0.103057 0.242885 0.098394 0.246031 0.098912 0.248829 0.096580 0.253374 0.096321 0.257395 0.094767 0.257570 0.095285 0.260542 0.092565 0.262115 0.092047 0.265962 0.107979 0.267010 0.109016 0.268934 0.126244 0.269633 0.125855 0.263514 0.124689 0.262465 0.124301 0.258619 0.125855 0.256521 0.126244 0.252850 0.139067 0.251801 0.124948 0.222080 0.122876 0.222080 0.120803 0.226626 0.121192 0.229248
0 0.031554 0.300402 0.010829 0.333969 0.041917 0.341136
1 0.050712 0.395210 0.046049 0.394860 0.045920 0.396608 0.019365 0.416189 0.041645 0.437867 0.043847 0.465490 0.045790 0.465315 0.065350 0.446783 0.049806 0.433846
1 0.058873 0.472832 0.075842 0.457797 0.078821 0.457797 0.079728 0.460769 0.080505 0.489091 0.079598 0.491364 0.063925 0.480524
1 0.132707 0.552727 0.138407 0.553776 0.140738 0.555699 0.142811 0.556399 0.147992 0.561643 0.149935 0.566888 0.150583 0.587343 0.151749 0.589615 0.150583 0.590839 0.151619 0.592238 0.154728 0.595909 0.162500 0.587343 0.167681 0.585070 0.170531 0.581573 0.174028 0.578951 0.177526 0.571608 0.174676 0.570035 0.171697 0.568986 0.169883 0.563392 0.169365 0.557098 0.168588 0.552028 0.169236 0.548706 0.168199 0.544685 0.167552 0.539091 0.167422 0.537343 0.168847 0.534371 0.180764 0.530874 0.187630 0.527727 0.196697 0.526329 0.198381 0.522832 0.176749 0.495210 0.175583 0.495035 0.174158 0.500629 0.171179 0.500804 0.171049 0.507273 0.169624 0.509545 0.171049 0.510944 0.165868 0.514965 0.166386 0.517937 0.166904 0.517937 0.167293 0.525979 0.166256 0.525804 0.166645 0.528776 0.164573 0.532273 0.163795 0.536294 0.161464 0.535769 0.157060 0.530000 0.152267 0.530874 0.150712 0.533846 0.149158 0.534021 0.149547 0.536993 0.145920 0.537692 0.142163 0.540315 0.130764 0.550280
1 0.222863 0.471608 0.240350 0.472832 0.223899 0.509021 0.214313 0.489266 0.211593 0.487168 0.198381 0.487517 0.208873 0.453077 0.211464 0.452902
1 0.259391 0.495559 0.273510 0.504301 0.275972 0.509895 0.275712 0.524406 0.272085 0.535070 0.287111 0.526678 0.290350 0.526853 0.296438 0.518636 0.301878 0.516014 0.301619 0.511469 0.297604 0.507797 0.294624 0.505699 0.290609 0.504301 0.286075 0.497483 0.285427 0.491538 0.285039 0.488566 0.284391 0.479650 0.283873 0.478776 0.283484 0.472832 0.281153 0.470035 0.279080 0.471608 0.277785 0.471608 0.274806 0.477203 0.275194 0.478601 0.271826 0.478776 0.268199 0.485594 0.266127 0.485420
0 0.243847 0.500629 0.237241 0.542587 0.238795 0.546958 0.271308 0.534021 0.271697 0.530350
1 0.371684 0.554790 0.361839 0.591154 0.380363 0.588182 0.384378 0.591503 0.377642 0.606538 0.386321 0.608636 0.386580 0.610909 0.396036 0.610035 0.396813 0.612133 0.399534 0.611608 0.397720 0.603392 0.396943 0.600070 0.396036 0.596224 0.393575 0.592378 0.393446 0.587657
1 0.414819 0.611958 0.409896 0.652343 0.438523 0.640804 0.442280 0.637483 0.428679 0.621748 0.419482 0.609510
1 0.475440 0.632063 0.475570 0.626119 0.467798 0.605140 0.468446 0.601643 0.484896 0.601119 0.486321 0.603566 0.494741 0.603042 0.494611 0.606189 0.486451 0.626993 0.485674 0.634161 0.490855 0.643077 0.492150 0.650594 0.495130 0.658287 0.494093 0.668427 0.491244 0.667727 0.487228 0.667552 0.486321 0.665280 0.483990 0.665280 0.483472 0.663531 0.479067 0.663706 0.478679 0.662832 0.475959 0.662308 0.474145 0.660210 0.474145 0.653566 0.475829 0.653042 0.474793 0.650420 0.472720 0.650944 0.468964 0.649545 0.468187 0.648671 0.466762 0.648497 0.467280 0.645000 0.470259 0.641503 0.470130 0.639231
1 0.526088 0.647972 0.525570 0.637308 0.528290 0.631189 0.528420 0.620699 0.523497 0.620000 0.519741 0.623147 0.499663 0.632937 0.500959 0.636434 0.517539 0.659336 0.518187 0.674895 0.519482 0.679091 0.521166 0.680839 0.536321 0.664755 0.539560 0.664406 0.542409 0.668252 0.546684 0.669126 0.547591 0.660559 0.548756 0.659685 0.548497 0.655664 0.544093 0.654091 0.542668 0.656014 0.535415 0.656189 0.530492 0.651294 0.527124 0.651818
1 0.549145 0.671923 0.552642 0.695874 0.554197 0.698846 0.560285 0.698846 0.561451 0.695000 0.567798 0.690280 0.573238 0.690629 0.573109 0.685734 0.567539 0.681014 0.563523 0.676818 0.560803 0.675070 0.556788 0.670874
1 0.605104 0.708462 0.584767 0.738182 0.585285 0.740629 0.581140 0.743776 0.582694 0.758462 0.585674 0.761783 0.589171 0.760734 0.589560 0.762657 0.600570 0.761259 0.600959 0.758112 0.602254 0.757238 0.602124 0.751818 0.601088 0.751119 0.601736 0.750594 0.608342 0.750769 0.609249 0.751818 0.616114 0.751993 0.616632 0.749371 0.615596 0.748497 0.615725 0.740629 0.635155 0.729965 0.623756 0.715804 0.619223 0.708811 0.613653 0.708287 0.611451 0.710559 0.612746 0.712483 0.611062 0.714406 0.611839 0.717203 0.609378 0.717902 0.608990 0.716154 0.606917 0.713531
1 0.198264 0.198654 0.187966 0.197203 0.185972 0.201364 0.189171 0.209650 0.191451 0.218497 0.189171 0.224266 0.220039 0.222273 0.219909 0.219038 0.204404 0.186573
1 0.247306 0.221731 0.242759 0.224808 0.244093 0.228409 0.236749 0.237063 0.237280 0.237972 0.232202 0.243741 0.233536 0.246451 0.230997 0.251486 0.230997 0.253654 0.249974 0.256906 0.254780 0.262850 0.250505 0.270787 0.251036 0.278549 0.266813 0.290262 0.270557 0.288829 0.272293 0.281608 0.273627 0.276556 0.274028 0.269895 0.275233 0.265385 0.275635 0.261591 0.274832 0.256731 0.268277 0.257448 0.266813 0.258531 0.260402 0.258339 0.255855 0.250052 0.249702 0.225524
1 0.308368 0.268094 0.308238 0.263217 0.310233 0.261049 0.312772 0.255105 0.319858 0.265192 0.326541 0.266101 0.326010 0.272780 0.325609 0.275297 0.324676 0.308129 0.324132 0.311014 0.319598 0.310822 0.320402 0.308671 0.315453 0.301818 0.313446 0.302710 0.310505 0.296573 0.307837 0.295857 0.299948 0.288829 0.297811 0.287203 0.303692 0.283059 0.306503 0.279091 0.306101 0.273497
1 0.304624 0.240140 0.304896 0.218304 0.307694 0.216329 0.308368 0.213619 0.311036 0.208566 0.310233 0.202448 0.302085 0.191976 0.301023 0.188724 0.296075 0.195227 0.293264 0.193234 0.290725 0.190175 0.288459 0.194318 0.263199 0.208024 0.262940 0.212360 0.274288 0.225350 0.283782 0.224983 0.289534 0.232203
1 0.399961 0.106171 0.388951 0.120857 0.389210 0.124003 0.381826 0.131171 0.383381 0.133969 0.386360 0.134843 0.390376 0.136416 0.395557 0.149353 0.395557 0.152500 0.397500 0.154073 0.397500 0.156871 0.400350 0.156346 0.404883 0.152325 0.404106 0.148829 0.416153 0.133969 0.416153 0.130297 0.409028 0.124178 0.409288 0.117535 0.408381 0.115612 0.408251 0.114038 0.407085 0.113339 0.406567 0.106696 0.403459 0.103024 0.400479 0.103374
1 0.893627 0.227850 0.890738 0.228042 0.883666 0.234650 0.880777 0.247902 0.877746 0.252587 0.876593 0.255315 0.880492 0.257255 0.894637 0.256678 0.896075 0.258619 0.902435 0.258619 0.903731 0.257063 0.911528 0.253759 0.927539 0.240105 0.922642 0.232902 0.925959 0.231923 0.926101 0.229196 0.925091 0.226276 0.923355 0.226871 0.921775 0.227832 0.916580 0.221993 0.917008 0.217710 0.914560 0.217710 0.912539 0.215367 0.911231 0.215367 0.910220 0.217517 0.907915 0.218287 0.904598 0.223164 0.906619 0.224143 0.905751 0.225699 0.905609 0.236014 0.904158 0.236608 0.904883 0.237587 0.903148 0.239143 0.905168 0.240699 0.905751 0.244003 0.903873 0.244790 0.901127 0.249073 0.899832 0.243619 0.897383 0.240892 0.897383 0.237780 0.896218 0.235052 0.895207 0.233497 0.893769 0.232517
1 0.826801 0.307133 0.805868 0.328759 0.801969 0.332850 0.802837 0.336538 0.806153 0.337517 0.807889 0.341224 0.812358 0.344336 0.818718 0.344930 0.823769 0.349598 0.827811 0.349406 0.828821 0.351538 0.831995 0.350577 0.833575 0.349406 0.832707 0.334406 0.832137 0.332255 0.831412 0.321731 0.830402 0.320175 0.830402 0.307517
1 0.827513 0.415647 0.825207 0.415629 0.820298 0.420892 0.806736 0.412325 0.803562 0.412902 0.803407 0.444668 0.804715 0.445839 0.805000 0.451486 0.824780 0.434336 0.828523 0.432780 0.829832 0.435315 0.836749 0.435315 0.837759 0.432972 0.842383 0.430052 0.844547 0.429668 0.844262 0.421294 0.843251 0.420315 0.837915 0.408234 0.836749 0.408427 0.835453 0.407850 0.830687 0.407850 0.827513 0.411346
1 0.852202 0.361678 0.852487 0.359336 0.849313 0.352325 0.854223 0.344336 0.856671 0.349790 0.858407 0.346678 0.867215 0.346486 0.868368 0.345315 0.873135 0.344930 0.873277 0.341801 0.875440 0.338881 0.871969 0.335577 0.871684 0.332063 0.874288 0.326801 0.884961 0.327395 0.884961 0.330122 0.900259 0.343164 0.879339 0.364021 0.877889 0.364406 0.878614 0.373759 0.866347 0.394790 0.865337 0.396538 0.859275 0.403759 0.856528 0.397517 0.856101 0.395175 0.856386 0.388951 0.855376 0.388951 0.852772 0.388759 0.852345 0.379983 0.849456 0.376294 0.849028 0.373357 0.847863 0.371801 0.847720 0.368304 0.846282 0.364598
1 0.714184 0.201748 0.712889 0.203671 0.711723 0.205594 0.704858 0.206801 0.701878 0.211538 0.704469 0.217133 0.704598 0.225699 0.702655 0.229720 0.702655 0.236521 0.707837 0.237238 0.710946 0.238986 0.713925 0.245629 0.717422 0.246503 0.720272 0.242483 0.720402 0.236521 0.725194 0.236888 0.727655 0.238112 0.729080 0.234441 0.728174 0.230245 0.725453 0.222535 0.723899 0.219038 0.718847 0.210490 0.718199 0.206993
0 0.629339 0.157168 0.628562 0.186014 0.648122 0.172203
0 0.678044 0.157168 0.664702 0.199301 0.693199 0.197727 0.692681 0.192308
0 0.762630 0.138112 0.775972 0.136713 0.772863 0.154720 0.769883 0.154021 0.763795 0.146154
0 0.480557 0.394545 0.477435 0.432850 0.504054 0.417465
0 0.508808 0.463287 0.530674 0.463094 0.532435 0.468776 0.519262 0.493881 0.509896 0.470612
0 0.470777 0.353689 0.485039 0.348549 0.493459 0.348916 0.486943 0.377500 0.485181 0.377692 0.473769 0.361748
0 0.468614 0.324913 0.467111 0.332238 0.465622 0.335909 0.463588 0.343427 0.458692 0.351661 0.455026 0.358269 0.452863 0.357902 0.441852 0.332430 0.441852 0.328566 0.440363 0.323811 0.454624 0.322885 0.455298 0.325087
1 0.151528 0.651976 0.145699 0.651801 0.144404 0.653899 0.142202 0.654773 0.141554 0.655472 0.141036 0.653549 0.120959 0.666486 0.116036 0.667185 0.114352 0.657045 0.108135 0.656871 0.103990 0.661066 0.093627 0.662815 0.090130 0.668759 0.092073 0.672430 0.094922 0.676451 0.097902 0.676276 0.107617 0.684843 0.111762 0.685542 0.114482 0.684843 0.114223 0.675577 0.117850 0.674003 0.118497 0.673479 0.117979 0.671206 0.119534 0.669458 0.124974 0.675927 0.127176 0.677150 0.144793 0.697605 0.147383 0.694458 0.146865 0.691311 0.146477 0.682920 0.147254 0.680122 0.148679 0.680647 0.149326 0.666311 0.150751 0.665262
1 0.121010 0.711818 0.097681 0.692343 0.094585 0.697255 0.095259 0.707815 0.093355 0.709091 0.093912 0.710909 0.087034 0.717815 0.089313 0.722010 0.091075 0.724738 0.095933 0.727290 0.105376 0.735839 0.106308 0.736014 0.106451 0.738934 0.102409 0.743846 0.101995 0.750210 0.105376 0.750769 0.106580 0.752955 0.113601 0.752587 0.121412 0.760962 0.123964 0.760962 0.126541 0.758776 0.126140 0.753864 0.127332 0.751486 0.127487 0.749668 0.133005 0.750035 0.137189 0.754773 0.140026 0.754213 0.138679 0.749668 0.135842 0.747308 0.135168 0.742203 0.128834 0.722920 0.125725 0.722010 0.119793 0.729108 0.118174 0.729108 0.116826 0.732203 0.114521 0.732570 0.112241 0.735664 0.110764 0.735839 0.109145 0.732203 0.110363 0.728916 0.109417 0.728566 0.109948 0.725822 0.116153 0.718916 0.117772 0.718007
1 0.168057 0.304388 0.165881 0.308619 0.163497 0.315140 0.161541 0.314808 0.160337 0.319056 0.158912 0.323287 0.162992 0.324598 0.164948 0.328444 0.170648 0.327552 0.174391 0.329476 0.176205 0.329126 0.178277 0.327045 0.178925 0.310769
1 0.174650 0.393287 0.164806 0.383497 0.162604 0.383322 0.162215 0.392063 0.160661 0.395035 0.160402 0.398357 0.156127 0.398706 0.155479 0.400280 0.160013 0.403601 0.161697 0.406399 0.165453 0.403951 0.167785 0.403601 0.170635 0.401503 0.172578 0.401678 0.174003 0.403252 0.176464 0.403252 0.177500 0.401678 0.180868 0.401678 0.182163 0.404301 0.182293 0.406049 0.186567 0.411294 0.186956 0.414965 0.189158 0.417413 0.192785 0.427902 0.194598 0.431399 0.197189 0.431399 0.199132 0.429476 0.199262 0.425105 0.198096 0.423706 0.201205 0.417937 0.210920 0.417762 0.211697 0.416364 0.218821 0.415839 0.218821 0.410769 0.213510 0.402727 0.213510 0.394161 0.211826 0.391713 0.209365 0.391713 0.203407 0.384720 0.202370 0.384895 0.201723 0.387168 0.197837 0.393986
1 0.325544 0.321206 0.305596 0.350927 0.320881 0.359318 0.333834 0.359318 0.333834 0.349703
1 0.480117 0.262343 0.480816 0.248497 0.479754 0.246346 0.478692 0.243479 0.473031 0.245385 0.470026 0.249930 0.447539 0.242290 0.445415 0.245629 0.453031 0.267133 0.462940 0.267605 0.464003 0.270000 0.465065 0.271434 0.465415 0.279073 0.466127 0.280262 0.466308 0.290542 0.469845 0.297465 0.472500 0.294371 0.476036 0.291976 0.478342 0.286486 0.479585 0.285769 0.487720 0.276678 0.491269 0.274773 0.491969 0.270000 0.488964 0.267850 0.484715 0.266643
1 0.478873 0.318252 0.504715 0.311084 0.504534 0.326381 0.503303 0.327098 0.502591 0.342622 0.497630 0.340245 0.495868 0.338566 0.493394 0.338566 0.491801 0.340717 0.490026 0.340717 0.487720 0.342622 0.485596 0.341906 0.485246 0.339038 0.481179 0.334021 0.482409 0.331154 0.481710 0.324476
1 0.449663 0.379178 0.451606 0.369615 0.436736 0.369388 0.434262 0.366748 0.427358 0.367465 0.426826 0.369615 0.423990 0.370332 0.423821 0.372255 0.433018 0.400927 0.439573 0.401871 0.443472 0.391364 0.447358 0.391608 0.457979 0.413339 0.460816 0.413339 0.470194 0.389930 0.469663 0.381573 0.456567 0.381801 0.455855 0.383234 0.451256 0.382762
1 0.530389 0.362937 0.530389 0.356713 0.529145 0.355769 0.528083 0.354808 0.523484 0.355769 0.509845 0.364843 0.507189 0.371766 0.520997 0.384196 0.524715 0.384913 0.526140 0.382517 0.527202 0.382517 0.532513 0.376311 0.532150 0.371766 0.533212 0.371538 0.532681 0.369860 0.532681 0.366031
1 0.548083 0.437710 0.548083 0.424336 0.546490 0.420507 0.544016 0.420997 0.540117 0.424336 0.536762 0.427675 0.534106 0.428881 0.532332 0.429353 0.531269 0.432937 0.526839 0.439143 0.531801 0.441783 0.532863 0.445367 0.534806 0.445367 0.536762 0.447273 0.538174 0.447517 0.538523 0.448462 0.549326 0.449423 0.548264 0.455385 0.563666 0.458252 0.576231 0.459685 0.576943 0.456101 0.571982 0.447990 0.571451 0.426958 0.570570 0.425052 0.564728 0.424808 0.561192 0.429598 0.561723 0.431976 0.555518 0.437483 0.555881 0.440350 0.553756 0.440350 0.553225 0.444406 0.550389 0.444406 0.549326 0.441538
0 0.675363 0.356713 0.671464 0.388024 0.693420 0.375839
0 0.738731 0.372255 0.724404 0.393986 0.745104 0.401643
0 0.709534 0.406416 0.705453 0.438199 0.727047 0.427920
0 0.715013 0.349790 0.739443 0.335699 0.733951 0.369615
0 0.894288 0.661311 0.879262 0.683899 0.900570 0.691101
1 0.645984 0.274301 0.670583 0.260909 0.671464 0.268077 0.671826 0.270227 0.672176 0.273094 0.674482 0.273811 0.675181 0.310140 0.673238 0.310612 0.659249 0.334021 0.658368 0.333549 0.653407 0.315629 0.650751 0.312045 0.647927 0.301538 0.657306 0.298427 0.650220 0.292220 0.653938 0.287430 0.651282 0.284091 0.650751 0.280752 0.647746 0.279073
1 0.603847 0.257098 0.601904 0.254458 0.605790 0.247063 0.603847 0.246101 0.599598 0.244196 0.596412 0.243706 0.588446 0.242762 0.584547 0.247063 0.583135 0.247063 0.578174 0.256608 0.576762 0.258531 0.580829 0.260437 0.585078 0.266643 0.586852 0.265927 0.589158 0.268566 0.591101 0.269038 0.592876 0.273094 0.593756 0.275490 0.592876 0.279545 0.589158 0.279545 0.586503 0.277640 0.584378 0.275490 0.581541 0.272622 0.581192 0.278112 0.580130 0.278829 0.578705 0.283129 0.578355 0.285524 0.577642 0.307500 0.595881 0.295087 0.602604 0.296031 0.605259 0.298671 0.609339 0.298182 0.610751 0.292220 0.614819 0.290542 0.616062 0.285524 0.615712 0.284336 0.618187 0.279318 0.612694 0.275490 0.613225 0.267360 0.613588 0.264738 0.613756 0.259965 0.615881 0.257098
1 0.574961 0.209685 0.567396 0.236521 0.581503 0.237133 0.581943 0.235717 0.590997 0.236329 0.593083 0.234913 0.597228 0.234318 0.599016 0.230909 0.596930 0.226311 0.596490 0.219703 0.598277 0.219301 0.597824 0.215682 0.596049 0.217483 0.593821 0.211678 0.592332 0.212290 0.589961 0.208671 0.590259 0.203462 0.589067 0.201066 0.589067 0.199056 0.583873 0.198654 0.584016 0.197448 0.604210 0.186241 0.584313 0.163199 0.581049 0.163392 0.577047 0.195647
1 0.571697 0.164003 0.565168 0.157185 0.566503 0.154178 0.562500 0.154178 0.553148 0.144755 0.550181 0.149773 0.549288 0.153374 0.537409 0.154580 0.535479 0.159388 0.536218 0.162395 0.538744 0.162587 0.539197 0.165804 0.542759 0.171014 0.542759 0.178217 0.541567 0.179423 0.544391 0.185227 0.553290 0.185035 0.553446 0.187238 0.556256 0.192640 0.562047 0.192045 0.562047 0.185437 0.562798 0.184441 0.563977 0.176818 0.566062 0.173409 0.566062 0.171818 0.569326 0.170402
0 0.566658 0.113304 0.567254 0.154388 0.592927 0.130542
1 0.695427 0.143269 0.717293 0.144178 0.718394 0.145664 0.718938 0.160157 0.714404 0.165717 0.739702 0.149755 0.741762 0.146608 0.742733 0.145664 0.745751 0.141573 0.745622 0.145297 0.748225 0.148462 0.748782 0.156818 0.751528 0.169808 0.751943 0.177762 0.753731 0.179458 0.753873 0.187972 0.735311 0.186871 0.734482 0.186503 0.730492 0.184633 0.728290 0.182955 0.725402 0.181311 0.722785 0.181311 0.721140 0.179266 0.715233 0.177587 0.712202 0.171818 0.712060 0.167570 0.709171 0.170175 0.706839 0.169406 0.702306 0.164773 0.702163 0.162570 0.699003 0.159406 0.696114 0.148619
1 0.753316 0.063619 0.753459 0.068462 0.752772 0.073462 0.750427 0.074021 0.750155 0.077168 0.747267 0.078304 0.748925 0.078462 0.747137 0.083304 0.747681 0.088689 0.749197 0.090000 0.754689 0.090559 0.755790 0.089073 0.756762 0.090717 0.759780 0.090717 0.760337 0.089248 0.765285 0.089598 0.766801 0.087395 0.769275 0.084406 0.769003 0.081801 0.767759 0.081801 0.768860 0.079213 0.766658 0.076608 0.766658 0.074965 0.758549 0.062500
1 0.914560 0.598444 0.916904 0.602815 0.916503 0.607710 0.929080 0.624143 0.931023 0.623969 0.933744 0.620472 0.934132 0.611031 0.934391 0.608759 0.935039 0.603339 0.935816 0.602115 0.936852 0.599668 0.937759 0.598969 0.937228 0.591101 0.935427 0.589878 0.936075 0.583759 0.935427 0.582710 0.924922 0.590052
0 0.671917 0.750524 0.646010 0.760490 0.665699 0.784790
1 0.909650 0.143497 0.906762 0.147570 0.907487 0.149528 0.903005 0.151084 0.901995 0.152255 0.900259 0.152448 0.901995 0.154983 0.894780 0.160629 0.891321 0.161416 0.889585 0.164336 0.891749 0.165507 0.891749 0.167448 0.888433 0.170175 0.889301 0.173689 0.886839 0.174860 0.885544 0.177378 0.885544 0.178164 0.871826 0.194913 0.870674 0.194913 0.870959 0.200559 0.890453 0.209720 0.894197 0.214406 0.894922 0.213427 0.896658 0.209913 0.896801 0.207587 0.896373 0.206608 0.896373 0.191801 0.895505 0.190437 0.895505 0.183042 0.899249 0.182063 0.899689 0.180315 0.900415 0.182063 0.904016 0.182448 0.907332 0.185175 0.917733 0.184598 0.919896 0.181276 0.919896 0.179336 0.921049 0.177185 0.921049 0.175629 0.918886 0.175437 0.918446 0.170559 0.919456 0.169598 0.918601 0.166469 0.918161 0.164528 0.925091 0.164336 0.924663 0.178741 0.925518 0.179913 0.926101 0.188094 0.926826 0.189073 0.927396 0.192780 0.936632 0.187710 0.939961 0.187325 0.948912 0.177378 0.948044 0.172133 0.949054 0.169598 0.948912 0.166871 0.946749 0.166084 0.945013 0.163549 0.942992 0.164528 0.942409 0.162972 0.940687 0.162972 0.938951 0.159860 0.938225 0.160629 0.936632 0.160052 0.933756 0.159073 0.932591 0.156346 0.932889 0.145822 0.935777 0.140175 0.938510 0.135699 0.918601 0.131608 0.917008 0.128479 0.908497 0.129650 0.905894 0.134528 0.906036 0.137832
1 0.754288 0.093497 0.763355 0.098514 0.768718 0.099808 0.769547 0.101503 0.772707 0.101661 0.775453 0.105402 0.776697 0.105017 0.777655 0.107063 0.778342 0.107605 0.778342 0.110962 0.775596 0.113759 0.775868 0.115962 0.777526 0.117255 0.775181 0.121364 0.773394 0.120420 0.772435 0.118374 0.772293 0.122448 0.766516 0.122657 0.764041 0.126731 0.762124 0.126731 0.759922 0.129510 0.758679 0.129510 0.757306 0.131014 0.756619 0.128024 0.755389 0.126556 0.754832 0.119510 0.753731 0.115402 0.754145 0.113007 0.755790 0.113182 0.754974 0.105210 0.754288 0.104825 0.754288 0.099458 0.755104 0.098899 0.754288 0.097762 0.753731 0.097762
0 0.755013 0.203811 0.753588 0.232657 0.755142 0.235979 0.773407 0.226189 0.775479 0.222692 0.775220 0.220245 0.773536 0.219895 0.763433 0.208706
1 0.429145 0.486364 0.428627 0.467483 0.425000 0.467832 0.420984 0.472028 0.418394 0.469930 0.416580 0.470804 0.415544 0.468531 0.413083 0.471329 0.414508 0.473252 0.411917 0.475175 0.412824 0.480769 0.419430 0.487413 0.412047 0.489860 0.411658 0.493007 0.421503 0.520804 0.419689 0.524126 0.423834 0.530420 0.427202 0.531294 0.427720 0.526573 0.445466 0.494056 0.444430 0.491434 0.438083 0.491084 0.436788 0.487762 0.433549 0.487238 0.432513 0.486713 0.430829 0.486014
1 0.460946 0.537955 0.452655 0.538129 0.450712 0.539703 0.447474 0.541451 0.443329 0.542325 0.441516 0.544073 0.433744 0.543549 0.434521 0.545822 0.429987 0.545822 0.429987 0.548094 0.431282 0.548794 0.431282 0.550892 0.429728 0.561031 0.431282 0.568024 0.434521 0.569073 0.442422 0.569598 0.463925 0.580962 0.468459 0.583059 0.470661 0.578339 0.470402 0.573794 0.472215 0.572920 0.472215 0.569773 0.471308 0.566101 0.468459 0.561206 0.467293 0.558234 0.465609 0.557185 0.467940 0.554213 0.467163 0.552115 0.466386 0.551066 0.466386 0.544773 0.463148 0.541801 0.461334 0.541801
1 0.618731 0.548007 0.623394 0.555350 0.624301 0.555350 0.636347 0.571783 0.639715 0.571259 0.641788 0.565664 0.643860 0.564441 0.646062 0.560769 0.645803 0.558497 0.644637 0.558147 0.644637 0.555350 0.646321 0.555350 0.646321 0.538392 0.636865 0.538392 0.635311 0.539615
1 0.720674 0.506224 0.714974 0.536643 0.712383 0.536469 0.698782 0.515315 0.698264 0.513042 0.696580 0.512517 0.696451 0.510769 0.700984 0.507972 0.703964 0.505175 0.703575 0.504301 0.718212 0.503252 0.724171 0.499580 0.724171 0.495909 0.726244 0.493811 0.730907 0.492063 0.733368 0.490490 0.736606 0.490664 0.737383 0.489790 0.741788 0.489441 0.742435 0.488042 0.746321 0.486469 0.747098 0.495035 0.746451 0.496958 0.746192 0.513741 0.745155 0.514266 0.744249 0.520734 0.742824 0.522308 0.741399 0.521958 0.739197 0.520385 0.735829 0.517937 0.735699 0.515664 0.733756 0.515490 0.732591 0.513741 0.730777 0.513741 0.730259 0.510769 0.727539 0.510245 0.726503 0.507273 0.724819 0.506399
1 0.829715 0.522745 0.821295 0.522395 0.821295 0.517850 0.825065 0.504213 0.828562 0.499843 0.834249 0.507535 0.834132 0.510157 0.836982 0.513129 0.838925 0.514353 0.840609 0.517500 0.842163 0.517325 0.847604 0.523969 0.849145 0.524493 0.849793 0.527990 0.852383 0.530437 0.853031 0.535857 0.856671 0.540052 0.858212 0.540052 0.861451 0.545472 0.868847 0.545472 0.871956 0.550717 0.876749 0.550892 0.879080 0.554738 0.879469 0.566101 0.881153 0.566626 0.880635 0.573269 0.876878 0.576241 0.876101 0.576766 0.875699 0.578689 0.865479 0.578689 0.865479 0.576941 0.864041 0.576766 0.863925 0.569248 0.862746 0.565752 0.861075 0.566626 0.859909 0.568199 0.856541 0.567325 0.856023 0.566276 0.853951 0.566276 0.853951 0.568024 0.850065 0.567850 0.849676 0.569598 0.844495 0.569598 0.843847 0.568374 0.841127 0.568374 0.840609 0.566626 0.838925 0.566801 0.836723 0.565227 0.836593 0.562605 0.832837 0.562605 0.832189 0.561031 0.828692 0.560332 0.828692 0.559458 0.825712 0.559458 0.824935 0.553514 0.826878 0.551766 0.828420 0.550192 0.831801 0.546696 0.833096 0.547220 0.833744 0.545997 0.835168 0.543199 0.834391 0.542150 0.833601 0.543549 0.833096 0.542850 0.831010 0.542150 0.830894 0.541101 0.830894 0.531661 0.831658 0.530787 0.831282 0.525542 0.829339 0.525892
1 0.894482 0.547045 0.892293 0.542675 0.891244 0.539703 0.890997 0.536206 0.887630 0.531486 0.885687 0.536381 0.882176 0.536906 0.881282 0.540052 0.878290 0.540927 0.878174 0.543374 0.876619 0.544773 0.880117 0.550192 0.884767 0.550542 0.885415 0.552640 0.886982 0.552815 0.887241 0.553514 0.895531 0.552815 0.896697 0.552640 0.898899 0.552465 0.899158 0.554038 0.901749 0.553339 0.901749 0.552115 0.904339 0.551591 0.904339 0.547920 0.903433 0.546521 0.902526 0.543374 0.898640 0.540227 0.897073 0.545822
1 0.922604 0.673794 0.916386 0.681486 0.918847 0.683059 0.919624 0.686381 0.922733 0.686731 0.923899 0.689003 0.925842 0.689353 0.926218 0.691101 0.929858 0.693199 0.934521 0.686556 0.936205 0.687605 0.936982 0.685682 0.941762 0.685682 0.943705 0.683584 0.943057 0.677990 0.941904 0.677290 0.941904 0.675717 0.942811 0.671521 0.941516 0.671171 0.939054 0.670297 0.937370 0.668374 0.939171 0.666451 0.937876 0.666101 0.937630 0.662780 0.935687 0.662430 0.933614 0.658759 0.930376 0.664003 0.927785 0.663829 0.924806 0.668024 0.925570 0.669948
1 0.983860 0.691276 0.976878 0.682535 0.976490 0.678164 0.981917 0.674843 0.990984 0.674668 0.991775 0.673094 0.995518 0.672745 0.996308 0.671696 1.000000 0.671416 1.000000 0.692238 0.999547 0.692500 0.999158 0.695122 0.996697 0.695472 0.998640 0.699843 0.995013 0.704913 0.983860 0.704563 0.982837 0.703164 0.979469 0.701591 0.979974 0.699843 0.982189 0.696521 0.981541 0.693199
1 0.850285 0.784318 0.855078 0.777675 0.853523 0.775577 0.850674 0.773654 0.849521 0.772255 0.847189 0.772430 0.844845 0.769458 0.844456 0.764738 0.843044 0.763514 0.841606 0.761941 0.833834 0.771206 0.832150 0.768584 0.826205 0.769983 0.826580 0.774528 0.834624 0.802675 0.844339 0.802500 0.844456 0.800402 0.846282 0.799353 0.845894 0.794458 0.847578 0.793934 0.848601 0.792010 0.851839 0.791836 0.853912 0.788864 0.850933 0.786766
1 0.745104 0.852850 0.744598 0.843059 0.743031 0.843059 0.742267 0.828199 0.741218 0.827675 0.740440 0.821206 0.739417 0.820157 0.739793 0.817535 0.742655 0.817885 0.749896 0.819983 0.750687 0.821556 0.761813 0.821906 0.761813 0.822955 0.765972 0.822955 0.768031 0.825927 0.765324 0.829423 0.766619 0.831696 0.761943 0.835892 0.762461 0.838689 0.756373 0.844808 0.756904 0.847080 0.752876 0.852150 0.752228 0.857045 0.758459 0.877325 0.758705 0.880822 0.753277 0.880997 0.752370 0.879073 0.743031 0.879248 0.742383 0.878024 0.738381 0.877500 0.734611 0.877675 0.734352 0.876101 0.732150 0.875402 0.732150 0.871556 0.734611 0.871031 0.734352 0.867885 0.739676 0.860542 0.739676 0.858444
1 0.712332 0.822780 0.712332 0.821031 0.717124 0.810367 0.717254 0.807045 0.715712 0.805997 0.714275 0.804248 0.696282 0.804248 0.694728 0.806346 0.695881 0.809493 0.696671 0.815262 0.698873 0.816836 0.700816 0.821731 0.701852 0.824003 0.702759 0.828899 0.703795 0.829598 0.703407 0.830997 0.696140 0.838339 0.715311 0.855297 0.716606 0.856171 0.719715 0.855997 0.720635 0.836416 0.722694 0.832395 0.723484 0.835892 0.725285 0.832045 0.724637 0.829423 0.722047 0.829073 0.721282 0.826801 0.719845 0.826451 0.719715 0.821906 0.715829 0.822080 0.715453 0.823129
1 0.659080 0.926346 0.646516 0.926521 0.646516 0.928794 0.647552 0.930717 0.647552 0.937535 0.653381 0.957640 0.656101 0.957290 0.659598 0.953094 0.659598 0.950472 0.661282 0.950472 0.663744 0.948024 0.663096 0.946101 0.674236 0.932290 0.677085 0.931591 0.677474 0.933339 0.683562 0.933689 0.684858 0.935262 0.686671 0.934913 0.686153 0.928269 0.685505 0.927920 0.684858 0.921276 0.683951 0.921101 0.683433 0.912710 0.682655 0.911661 0.682526 0.906766 0.681360 0.906591 0.681231 0.900647 0.683692 0.896626 0.685635 0.897675 0.690427 0.889108 0.691982 0.888934 0.692630 0.886661 0.694313 0.885612 0.693925 0.884738 0.691075 0.882640 0.680453 0.880367 0.676826 0.875997 0.667630 0.882290 0.665557 0.883164 0.664262 0.884213 0.658821 0.885437 0.655712 0.888934 0.655842 0.892430 0.659469 0.896101 0.670091 0.907640 0.668666 0.909388 0.668795 0.911311 0.659987 0.923024
1 0.821373 0.938829 0.847837 0.929108 0.841192 0.964843 0.838834 0.964843 0.834948 0.958094 0.830233 0.958094 0.826218 0.965962 0.824275 0.966136 0.819288 0.952867 0.823718 0.951556 0.825946 0.947448
1 0.837306 0.974371 0.834262 0.984668 0.828718 0.992710 0.828847 0.996818 0.832060 1.000000 0.857513 1.000000 0.857811 0.999248 0.860311 0.995315 0.856567 0.994196 0.855881 0.991766 0.854909 0.989895 0.853653 0.989336 0.853523 0.988024 0.851166 0.987850 0.850466 0.985979 0.847979 0.986154 0.843679 0.978864
1 0.773666 0.975524 0.767966 0.984965 0.765505 0.984266 0.762915 0.979021 0.756697 0.978654 0.755402 0.977448 0.749961 0.976906 0.749702 0.976224 0.747889 0.974476 0.750609 0.972727 0.749702 0.971661 0.755013 0.964668 0.754624 0.962413 0.757085 0.959615 0.759417 0.960140 0.761101 0.962920 0.764858 0.962920 0.765505 0.964510 0.770298 0.964860 0.770687 0.966416 0.773536 0.966608 0.774832 0.968007 0.778459 0.969406 0.778459 0.971154
0 0.679974 0.949161 0.654326 0.978182 0.685415 0.991993
1 0.914119 0.914231 0.924482 0.908986 0.931477 0.903392 0.934197 0.905839 0.935104 0.906888 0.933808 0.911259 0.934067 0.918427 0.935881 0.923671 0.935104 0.930490 0.930699 0.933462 0.928497 0.932413 0.926943 0.930315 0.924482 0.929091 0.922927 0.925594 0.920725 0.925245 0.913472 0.916678
1 0.973575 0.915455 0.982254 0.915979 0.984715 0.917378 0.989508 0.917727 0.990933 0.919301 0.992228 0.920175 0.993523 0.922273 0.997021 0.923322 0.998057 0.924545 1.000000 0.924860 1.000000 0.950297 0.997150 0.955664 0.994948 0.956364 0.992098 0.952168 0.991451 0.949196 0.989119 0.945524 0.988472 0.949895 0.986140 0.950420 0.985622 0.954091 0.980699 0.959685 0.982254 0.961783 0.980181 0.964406 0.978238 0.968252 0.972021 0.967552 0.970855 0.964580 0.964637 0.964930 0.964637 0.959685 0.962047 0.955315 0.961788 0.949371 0.962435 0.946923 0.962435 0.945524 0.968912 0.939056 0.970207 0.938531 0.970078 0.936958 0.968653 0.935909 0.968394 0.931713 0.970337 0.929091 0.970207 0.921399 0.971114 0.921573 0.971632 0.918776 0.973446 0.918776
1 0.885142 0.895017 0.873744 0.895367 0.872966 0.896923 0.873614 0.900612 0.881127 0.919650 0.880997 0.924563 0.882681 0.924213 0.883718 0.926136 0.885790 0.922815 0.886179 0.920717 0.888381 0.918969 0.888381 0.916346 0.892396 0.912150 0.893433 0.907080 0.899521 0.898671 0.903148 0.898339 0.904054 0.896923 0.906256 0.897115 0.906775 0.898671 0.910920 0.898164 0.910920 0.896766 0.913122 0.896049 0.913122 0.898671 0.914935 0.896049 0.916619 0.895892 0.917267 0.891678 0.910661 0.878059 0.910661 0.876136 0.912215 0.874038 0.911438 0.869825 0.908977 0.865297 0.909236 0.860752 0.911049 0.856556 0.911438 0.854633 0.911308 0.852010 0.898225 0.851311 0.898225 0.852535 0.890712 0.853409 0.889417 0.851836 0.888899 0.852885 0.885531 0.853584 0.884883 0.857080 0.884106 0.857955 0.884236 0.860577 0.880609 0.865297 0.882034 0.866521 0.882552 0.866521 0.884236 0.868951 0.887733 0.870699 0.890194 0.871941 0.890065 0.875262 0.888899 0.878409 0.887992 0.879983 0.887863 0.885402 0.886049 0.884528 0.886179 0.889423 0.884883 0.889930
1 0.754339 0.665524 0.730868 0.673182 0.730609 0.676206 0.741153 0.690979 0.741153 0.693112 0.753148 0.708776 0.754469 0.705559 0.759080 0.685455 0.759482 0.683147 0.760674 0.680839 0.763433 0.680472 0.765674 0.683689 0.772137 0.674790 0.774249 0.669633 0.774508 0.665350 0.774508 0.663042 0.764624 0.662867 0.764624 0.663759 0.762772 0.664108 0.762254 0.661976 0.759870 0.662325 0.759352 0.664458
1 0.441269 0.864021 0.439456 0.863846 0.437902 0.861748 0.428446 0.862273 0.429223 0.872238 0.427668 0.874510 0.427280 0.875909 0.425596 0.879755 0.424689 0.883951 0.423135 0.885699 0.428705 0.894615 0.434275 0.895315 0.436865 0.891643 0.442565 0.891294 0.444896 0.894965 0.446451 0.894965 0.446969 0.889895 0.447746 0.889545 0.448135 0.885175 0.449560 0.882727 0.451114 0.882378 0.453187 0.880804 0.453834 0.875210 0.456166 0.873462 0.459016 0.873636 0.460181 0.872063 0.468083 0.871713 0.468731 0.869790 0.451114 0.838497 0.443083 0.861224
1 0.466010 0.795839 0.446710 0.778357 0.446580 0.777308 0.468212 0.760699 0.473653 0.760350 0.474171 0.783601 0.473394 0.783776 0.472746 0.797413 0.474430 0.800385 0.475337 0.797937 0.481813 0.799685 0.481684 0.807552 0.488938 0.815245 0.468083 0.832028 0.465363 0.827832 0.466269 0.804056
0 0.616244 0.663776 0.593705 0.689650 0.620389 0.701888
0 0.663355 0.650734 0.683873 0.643811 0.678018 0.672255
1 0.459663 0.729406 0.454482 0.728182 0.443601 0.735699 0.442694 0.714371 0.442176 0.712622 0.438161 0.711399 0.437772 0.708776 0.439974 0.707028 0.441917 0.706329 0.441140 0.704580 0.439585 0.703007 0.437902 0.702832 0.437902 0.699685 0.439845 0.697762 0.444508 0.697413 0.445544 0.695664 0.465622 0.712622 0.482850 0.716993 0.482850 0.720315 0.481813 0.724161 0.477668 0.731853 0.477668 0.733427 0.473782 0.736923 0.472487 0.740769 0.465751 0.749161
1 0.328756 0.728846 0.336917 0.722902 0.336917 0.722203 0.331088 0.714510 0.330311 0.714510 0.325130 0.707517 0.323964 0.707867 0.317617 0.698601 0.316580 0.699126 0.315544 0.697028 0.313731 0.697727 0.312435 0.699476 0.312176 0.703147 0.311269 0.704196 0.310751 0.721853 0.309326 0.722902 0.309456 0.726224 0.308420 0.728671 0.303368 0.741783 0.302850 0.747203 0.306088 0.749476 0.307902 0.752797 0.311658 0.752622 0.330311 0.764161 0.330181 0.747378 0.328886 0.747902
1 0.189119 0.788112 0.181606 0.777622 0.181347 0.772552 0.179922 0.771329 0.179534 0.765734 0.177461 0.761888 0.170596 0.761713 0.170466 0.765734 0.168264 0.769231 0.164896 0.769056 0.163083 0.772028 0.164637 0.772028 0.165285 0.780769 0.163472 0.782168 0.163731 0.783916 0.159197 0.789161 0.162824 0.789336 0.164378 0.791434 0.166451 0.791434 0.166969 0.800000 0.169430 0.798601 0.170466 0.795979 0.174482 0.796154 0.175777 0.798077 0.176166 0.798252 0.176943 0.800000 0.179275 0.800874 0.179404 0.797552 0.181347 0.797203 0.183549 0.795105 0.186140 0.794930 0.186399 0.789161
1 0.216839 0.732517 0.240674 0.741958 0.240803 0.742832 0.232902 0.756993 0.231088 0.757168 0.231218 0.758741 0.225130 0.766259 0.227332 0.770280 0.232772 0.771853 0.233938 0.773252 0.242358 0.772552 0.242487 0.770105 0.245725 0.766434 0.259067 0.767133 0.259326 0.768881 0.266580 0.769755 0.268394 0.770979 0.270466 0.770979 0.259845 0.789860 0.258808 0.792133 0.252979 0.800000 0.251943 0.798077 0.249352 0.787762 0.247409 0.785839 0.247021 0.783042 0.243394 0.779545 0.240933 0.781818 0.241321 0.787238 0.237306 0.787762 0.236010 0.790385 0.234456 0.791084 0.234326 0.793357 0.231606 0.794755 0.230181 0.797028 0.229922 0.798077 0.228368 0.799476 0.222798 0.775874 0.221114 0.774126 0.221244 0.772028 0.221762 0.769231 0.224870 0.766259 0.222668 0.764685 0.221762 0.764161 0.219948 0.759091 0.216710 0.760490 0.213731 0.764685 0.210622 0.757517 0.209845 0.755420 0.208161 0.753497 0.208420 0.751748 0.207513 0.750350 0.207254 0.744580 0.205829 0.742657 0.206477 0.738462 0.211399 0.740035 0.211788 0.737762 0.216062 0.736888
1 0.191192 0.684615 0.198834 0.712413 0.200389 0.714336 0.200259 0.722203 0.195207 0.721678 0.194041 0.720105 0.184067 0.720455 0.183161 0.719231 0.176554 0.718706 0.175777 0.716958 0.170596 0.715385 0.178238 0.702622 0.177332 0.701224 0.183290 0.695105 0.182124 0.690909 0.185622 0.689510 0.185104 0.687762 0.177591 0.686014 0.177850 0.683741 0.178756 0.682692 0.179275 0.667832 0.177332 0.666783 0.177332 0.664860 0.175648 0.663462 0.177850 0.659790 0.180699 0.659266 0.188472 0.648601 0.194171 0.648252 0.194301 0.651224 0.195337 0.652273 0.194948 0.656294 0.198316 0.661189 0.199741 0.660315 0.201813 0.662587 0.201425 0.664860 0.205570 0.670629 0.205959 0.674650 0.201166 0.676573 0.192358 0.681643
1 0.238860 0.648951 0.248575 0.648951 0.241969 0.686538 0.228627 0.669231 0.227073 0.669231 0.223316 0.664161 0.220337 0.663811 0.219689 0.662413 0.216451 0.661713 0.216192 0.658741 0.218135 0.658217 0.216192 0.656294 0.221373 0.648951 0.221503 0.646853 0.224223 0.644056 0.222021 0.643007 0.227720 0.634965 0.227720 0.632867 0.231736 0.632692 0.235104 0.642832
1 0.311269 0.669231 0.315544 0.671678 0.317487 0.675524 0.319689 0.675524 0.321632 0.674825 0.322668 0.673951 0.322409 0.665559 0.323575 0.663636 0.323705 0.655070 0.324482 0.652972 0.325389 0.647028 0.325777 0.645455 0.325907 0.635839 0.323575 0.637937 0.320596 0.638287 0.318782 0.640210 0.314767 0.643182 0.307772 0.643357 0.306088 0.641259 0.305052 0.639860 0.301554 0.642133 0.299093 0.645629 0.293912 0.645280 0.293653 0.655769 0.291710 0.660140 0.288731 0.663462 0.290544 0.665385 0.295466 0.667832 0.298964 0.666783 0.302979 0.668706 0.305570 0.671329 0.308290 0.671329
1 0.964067 0.036731 0.963627 0.066346 0.985142 0.067325 0.980661 0.037710
