0 0.657681 0.954598 0.657681 0.963514 0.656645 0.963514 0.656386 0.965087 0.654702 0.965612 0.649909 0.957745 0.648744 0.958094 0.638510 0.944633 0.638510 0.943234 0.640065 0.942710 0.641101 0.941311 0.643692 0.940437 0.644080 0.939388 0.649262 0.938864 0.649262 0.937990 0.651723 0.937990 0.653018 0.936241 0.656127 0.935367 0.656386 0.934318 0.661826 0.933619 0.661567 0.939388 0.660402 0.939388 0.660661 0.946556 0.659624 0.947080 0.659365 0.954248
0 0.538899 0.963689 0.538899 0.976801 0.540324 0.977500 0.540324 0.980472 0.539158 0.980997 0.538640 0.989213 0.540324 0.989563 0.540220 1.000000 0.546010 1.000000 0.564806 0.985892 0.568044 0.986241 0.567267 0.982570 0.568433 0.982570 0.566360 0.979598 0.565712 0.979598 0.554832 0.972080 0.553148 0.968934 0.550816 0.968059 0.549132 0.964738 0.546412 0.964913 0.542137 0.961416 0.540453 0.961416
0 0.054573 0.738479 0.054573 0.765752 0.058329 0.765577 0.058718 0.764878 0.060920 0.763829 0.062085 0.762080 0.064547 0.761906 0.064806 0.759983 0.066231 0.759983 0.069598 0.756486 0.070894 0.756486 0.071671 0.754038 0.073096 0.754738 0.075039 0.752990 0.075039 0.750367 0.073873 0.750367 0.070764 0.747395 0.069728 0.747220 0.066749 0.743024 0.065842 0.743024 0.062733 0.740052 0.062085 0.740052 0.060920 0.737780 0.059365 0.738304 0.058070 0.735857 0.056645 0.735857
0 0.124262 0.701416 0.124391 0.718549 0.121153 0.718374 0.120376 0.716801 0.118951 0.716801 0.115972 0.713304 0.114547 0.713654 0.112604 0.710157 0.110661 0.709983 0.108459 0.707535 0.106516 0.706661 0.106127 0.702115 0.108588 0.701941 0.110920 0.698444 0.112085 0.697920 0.114028 0.696171 0.117396 0.694423 0.117655 0.693374 0.121023 0.692325 0.121930 0.691276 0.123225 0.690577 0.123744 0.693024 0.125298 0.692850 0.125168 0.699668
0 0.315674 0.499633 0.312435 0.503497 0.312435 0.506119 0.311399 0.507168 0.311256 0.509790 0.308420 0.512238 0.308161 0.516958 0.310492 0.517115 0.311528 0.518864 0.323705 0.519231 0.323834 0.514685 0.322539 0.514161 0.322409 0.510839 0.321619 0.510122 0.321373 0.507692 0.319948 0.506993 0.319948 0.504003
0 0.427319 0.521084 0.427707 0.525979 0.426541 0.526503 0.426671 0.547308 0.429650 0.547133 0.430039 0.545559 0.432630 0.545035 0.433536 0.544161 0.442215 0.538741 0.444288 0.537867 0.443510 0.535769 0.443122 0.533497 0.441049 0.533671 0.440790 0.532273 0.439624 0.532273 0.432630 0.522657 0.431464 0.523007 0.430427 0.521259
0 0.221192 0.783776 0.221062 0.794790 0.220544 0.794965 0.219378 0.797587 0.218990 0.796364 0.217176 0.796189 0.212772 0.790420 0.212772 0.787622 0.214067 0.787273 0.215104 0.785000 0.218601 0.784301 0.219378 0.783427
0 0.530298 0.503776 0.527189 0.507098 0.527448 0.509371 0.521878 0.517063 0.524080 0.517413 0.524598 0.518811 0.535997 0.519336 0.535997 0.515664 0.535220 0.515140 0.535350 0.511469 0.534313 0.510769 0.533925 0.507622
0 0.508860 0.559668 0.508990 0.573479 0.503161 0.574003 0.502642 0.572080 0.501218 0.571906 0.500181 0.569983 0.497979 0.569458 0.496295 0.566661 0.498368 0.562465 0.500440 0.561941 0.502902 0.558094 0.505881 0.557570 0.507435 0.555822 0.507435 0.558794
0 0.802915 0.147867 0.813795 0.161853 0.815479 0.145944 0.817811 0.144371 0.816775 0.143846 0.815868 0.138077 0.816775 0.138077 0.817293 0.133531 0.815738 0.132657 0.817552 0.130035 0.817163 0.128112 0.816775 0.127937 0.815997 0.119545 0.815220 0.118147 0.814443 0.115699 0.813277 0.116923 0.811593 0.116748 0.810687 0.118671 0.807189 0.118671 0.805117 0.122168 0.802137 0.123217 0.803951 0.124441 0.804469 0.126014 0.799806 0.126189 0.798510 0.128112 0.797215 0.125664 0.796567 0.128636 0.794365 0.129685 0.793847 0.130734 0.790738 0.131259 0.790479 0.133881 0.788536 0.135629 0.788536 0.137203 0.789443 0.137727 0.790091 0.140874 0.793459 0.140699 0.798122 0.147867
0 0.857707 0.482500 0.858873 0.483024 0.862642 0.479528 0.862642 0.476381 0.861593 0.475682 0.861205 0.472710 0.858614 0.472360 0.857060 0.470437 0.853951 0.470437 0.853303 0.468689 0.849417 0.468689 0.849417 0.467115 0.848122 0.467115 0.846451 0.465017 0.839443 0.465192 0.839573 0.475332 0.838536 0.476031 0.840622 0.478304 0.840868 0.482325 0.839184 0.483024 0.841645 0.485647 0.840997 0.487570 0.841917 0.488969 0.842163 0.498409 0.843860 0.498409 0.844365 0.496486 0.846049 0.496661 0.848122 0.492640 0.850065 0.493339
0 0.707293 0.905822 0.707552 0.915787 0.708199 0.917010 0.708588 0.921031 0.710142 0.921206 0.710531 0.919633 0.712474 0.918934 0.712992 0.917185 0.715324 0.917185 0.716878 0.914388 0.719598 0.913864 0.720246 0.911591 0.726852 0.906871 0.721801 0.902325 0.721153 0.901626 0.719858 0.901101 0.718951 0.899878 0.717526 0.899528 0.716490 0.897780 0.714676 0.897605 0.712863 0.894633 0.710272 0.894983 0.709754 0.893409 0.705997 0.893759 0.706127 0.905122
0 0.470984 0.643199 0.483420 0.643199 0.484715 0.645822 0.489508 0.645472 0.489508 0.646871 0.487694 0.649143 0.487306 0.652290 0.486127 0.652990 0.485363 0.656661 0.484067 0.658584 0.483161 0.661381 0.478756 0.667150 0.477979 0.670647 0.476943 0.671171 0.476554 0.674318 0.474611 0.676416 0.473821 0.681311 0.471762 0.681486 0.468912 0.677290 0.469041 0.674668 0.460492 0.651591 0.459573 0.647045 0.458549 0.646521 0.458420 0.644598 0.459573 0.642150 0.470984 0.641276
0 0.967772 0.645210 0.967642 0.651503 0.968549 0.651678 0.968808 0.656399 0.969845 0.657273 0.970622 0.662517 0.971658 0.662517 0.972694 0.660594 0.973990 0.660769 0.982280 0.650455 0.983834 0.650455 0.985000 0.647483 0.985130 0.643636 0.984870 0.643636 0.983187 0.642063 0.977876 0.641538 0.977876 0.639790 0.975026 0.639790 0.974249 0.637517 0.969715 0.637517 0.968679 0.635594 0.967902 0.638217 0.966606 0.638042 0.967124 0.645035
0 0.366010 0.693741 0.366140 0.697238 0.363420 0.697063 0.360311 0.693741 0.360181 0.691993 0.357073 0.687797 0.357202 0.685874 0.361995 0.685350 0.362642 0.684650 0.368990 0.683427 0.368990 0.686573 0.367824 0.687797 0.367694 0.693741 0.367694 0.693741
0 0.945648 0.811294 0.945648 0.817238 0.946295 0.817762 0.946684 0.820734 0.947850 0.821783 0.948497 0.823357 0.950052 0.826503 0.951347 0.827028 0.953031 0.824056 0.954715 0.823706 0.955233 0.820909 0.959378 0.816014 0.959637 0.811119 0.956399 0.810769 0.956010 0.809545 0.950052 0.809196 0.948497 0.807972 0.947850 0.809545 0.943964 0.810070
0 0.906010 0.800804 0.922979 0.800280 0.923109 0.800105 0.928290 0.798357 0.928679 0.797483 0.934119 0.797308 0.933472 0.803427 0.933212 0.803951 0.932565 0.806748 0.931528 0.807448 0.931399 0.810594 0.930233 0.811119 0.929715 0.816189 0.929326 0.816713 0.928549 0.819510 0.927513 0.820035 0.927124 0.824406 0.924922 0.827203 0.924275 0.830000 0.922979 0.832622 0.919611 0.827203 0.919611 0.825455 0.917021 0.822832 0.915984 0.821434 0.916114 0.819510 0.915596 0.818636 0.915207 0.815140 0.912746 0.813916 0.912487 0.812343 0.905881 0.802902
0 0.740712 0.928549 0.739417 0.930472 0.740065 0.933969 0.737215 0.936591 0.737215 0.939038 0.735531 0.942185 0.732422 0.942535 0.731904 0.940787 0.730609 0.940437 0.730609 0.936066 0.728925 0.935192 0.728795 0.932395 0.728148 0.930822 0.729961 0.930472 0.730738 0.928374
0 0.025764 0.211469 0.032383 0.226731 0.034948 0.231626 0.035583 0.233934 0.041127 0.240542 0.040699 0.241696 0.039845 0.246591 0.041775 0.249755 0.013187 0.249476 0.011269 0.248899 0.009560 0.250332 0.008277 0.248899 0.007422 0.243147 0.012111 0.235367 0.012111 0.232780 0.015738 0.228741 0.015531 0.225577 0.019585 0.218951 0.020013 0.215507 0.023640 0.209458
0 0.125078 0.226084 0.125337 0.230804 0.127021 0.231329 0.126632 0.235874 0.120415 0.236399 0.120415 0.234301 0.117953 0.234476 0.116269 0.232028 0.122098 0.224510 0.123653 0.223112
0 0.152241 0.358566 0.150427 0.360140 0.150298 0.362587 0.147837 0.365559 0.147448 0.370455 0.146282 0.371503 0.146412 0.375350 0.159236 0.376049 0.158977 0.370979 0.158070 0.370105 0.158070 0.365909 0.154184 0.361713 0.154054 0.359091
0 0.180350 0.373951 0.179573 0.377448 0.173484 0.370105 0.174391 0.369406 0.174780 0.368007 0.176723 0.367483 0.177241 0.366259 0.181256 0.365385 0.181256 0.372203
0 0.034534 0.385647 0.048394 0.399983 0.049430 0.401731 0.052798 0.401731 0.052927 0.401031 0.054223 0.400332 0.054223 0.385997 0.055259 0.384598 0.055648 0.379353 0.053964 0.378129 0.056036 0.377430 0.055648 0.367465 0.056943 0.367115 0.057202 0.363969 0.056036 0.363269 0.055777 0.354353 0.054223 0.354528 0.052798 0.356801 0.050725 0.355927 0.049171 0.358199 0.025596 0.373234 0.023653 0.376731 0.024301 0.377080 0.026373 0.379878 0.028316 0.380402 0.032591 0.385997
0 0.686490 0.501014 0.700609 0.492972 0.702163 0.493497 0.706956 0.487028 0.703459 0.480559 0.702034 0.481084 0.699313 0.478112 0.697500 0.477762 0.696852 0.476014 0.694909 0.475664 0.689987 0.468671 0.688562 0.469021 0.687915 0.467098 0.685583 0.466748 0.684028 0.464650 0.683899 0.471993 0.682474 0.472168 0.682992 0.490524 0.680790 0.491399 0.681308 0.497867 0.682604 0.497867 0.682604 0.503986 0.685842 0.503636
