0 0.563692 0.073601 0.558769 0.089860 0.558899 0.094056 0.567189 0.094056 0.567319 0.092483 0.571723 0.092308 0.572254 0.091084 0.577940 0.091084 0.575350 0.086538 0.574845 0.084615 0.565130 0.071503
0 0.552293 0.161014 0.575091 0.161364 0.576256 0.162937 0.576788 0.166259 0.564728 0.194231 0.563951 0.194231 0.558122 0.181643 0.556710 0.181643 0.557098 0.177622 0.553718 0.173252 0.552681 0.170105 0.548407 0.165210
0 0.532992 0.213986 0.529754 0.243182 0.529106 0.243881 0.528718 0.250524 0.534288 0.250000 0.549326 0.243182 0.551917 0.240210 0.551386 0.236364 0.541282 0.225175 0.541282 0.225175
0 0.579624 0.265909 0.576140 0.270629 0.574443 0.270804 0.569780 0.278147 0.568873 0.277797 0.562655 0.285664 0.585453 0.300524 0.585324 0.295455 0.586101 0.295455 0.586619 0.285140 0.585324 0.284441 0.585453 0.279021 0.584301 0.277273 0.584028 0.264860
0 0.357992 0.312238 0.350350 0.333217 0.350350 0.336364 0.351256 0.337238 0.353731 0.337238 0.354236 0.335490 0.367837 0.335664 0.367448 0.329196 0.366943 0.328322 0.365505 0.325175 0.362798 0.322028 0.362409 0.318357 0.362008 0.317832 0.361114 0.315385
0 0.387137 0.330769 0.383899 0.335664 0.382345 0.335664 0.380544 0.339336 0.379365 0.339161 0.376010 0.343706 0.374067 0.344930 0.369003 0.351399 0.370181 0.353497 0.390259 0.365210 0.389858 0.366783 0.393744 0.366608 0.393614 0.334266 0.390505 0.330245
0 0.422111 0.345105 0.448666 0.335664 0.449313 0.337413 0.449197 0.341259 0.440777 0.372378 0.440518 0.371329 0.438303 0.370455 0.436101 0.366434 0.435453 0.363811 0.432474 0.360140 0.430155 0.358042 0.430155 0.357517
0 0.502953 0.320280 0.515117 0.320105 0.515117 0.326049 0.510583 0.334266 0.510583 0.336364 0.507604 0.336713 0.506192 0.332867 0.503990 0.329545 0.503199 0.326224 0.503070 0.325175 0.502422 0.323776 0.501516 0.322552
0 0.523679 0.362063 0.523795 0.365909 0.518096 0.389685 0.516671 0.390909 0.517202 0.394231 0.523925 0.394755 0.525622 0.393182 0.529508 0.393531 0.529624 0.392133 0.534806 0.391783 0.534806 0.389860 0.540518 0.390035 0.541930 0.384091 0.533510 0.373776 0.533510 0.372028 0.526917 0.361538
0 0.226749 0.820787 0.232435 0.828129 0.235298 0.828129 0.236593 0.830402 0.238536 0.830402 0.237889 0.812745 0.235427 0.813094
0 0.311075 0.950682 0.324935 0.951556 0.318977 0.970612 0.315350 0.984598 0.313018 0.985297 0.312500 0.983724 0.310168 0.979878 0.310039 0.976906 0.307189 0.977080 0.307707 0.974283 0.301878 0.967640 0.301231 0.964493 0.299676 0.962570 0.299028 0.959073 0.297992 0.958549 0.297992 0.955227 0.302915 0.954703 0.303303 0.953654 0.311075 0.952780
0 0.434430 0.865455 0.427694 0.875070 0.427694 0.877517 0.430415 0.877692 0.431710 0.879266 0.434560 0.879266 0.435855 0.880839 0.438834 0.880664 0.439352 0.875944 0.437021 0.875420 0.439093 0.873497 0.438575 0.872622 0.437280 0.869650 0.436244 0.868252 0.436114 0.865280
0 0.453744 0.810122 0.463601 0.819738 0.465933 0.818514 0.465933 0.799983 0.463860 0.802080 0.460751 0.802255 0.458161 0.805227 0.456606 0.804878 0.455570 0.807325 0.453368 0.807325
0 0.384715 0.805927 0.407642 0.790892 0.412047 0.790717 0.410233 0.824108 0.408938 0.825682 0.408938 0.827955 0.404663 0.827955 0.400777 0.823234 0.398575 0.822885 0.397150 0.819388 0.395453 0.820437 0.393264 0.816766 0.391451 0.816066 0.388212 0.811346 0.386140 0.810472 0.385091 0.809423
0 0.357383 0.782675 0.378886 0.772710 0.379534 0.782325 0.377850 0.783199 0.377720 0.795087 0.377319 0.795787 0.376425 0.801381 0.375259 0.803479 0.372409 0.804003 0.363860 0.794563
0 0.672694 0.023479 0.664404 0.050227 0.664922 0.052150 0.682409 0.050577 0.682798 0.048829 0.687720 0.049528 0.687850 0.043934 0.675026 0.023129
0 0.773472 0.060542 0.771399 0.067710 0.769715 0.068234 0.770233 0.073479 0.764922 0.087990 0.763756 0.088339 0.765181 0.094458 0.768031 0.094633 0.768679 0.092535 0.788368 0.092710 0.790570 0.090262 0.790570 0.085892 0.788886 0.085542 0.789145 0.083619 0.786554 0.080297 0.786166 0.077675 0.780466 0.069633 0.780207 0.067885
0 0.923459 0.067972 0.925920 0.072168 0.925790 0.075490 0.927085 0.076364 0.927863 0.080035 0.930065 0.082308 0.930194 0.085105 0.931231 0.086503 0.931490 0.092098 0.930065 0.093671 0.911023 0.094545 0.910376 0.086503 0.911671 0.085455 0.911541 0.083357 0.914003 0.083531 0.914909 0.076713 0.916075 0.076713 0.914391 0.074441 0.916205 0.072168 0.918018 0.072517 0.918277 0.068671 0.920220 0.066399 0.921386 0.069021
0 0.725259 0.399038 0.742370 0.398147 0.734637 0.420367 0.733161 0.419248 0.728873 0.409248
0 0.683601 0.374808 0.688873 0.409021 0.668459 0.400140 0.666813 0.399703 0.666308 0.395927 0.667137 0.395035 0.667137 0.391469 0.669275 0.391469 0.681127 0.375927
0 0.927345 0.118671 0.927215 0.125664 0.926049 0.126189 0.925790 0.134406 0.924754 0.134930 0.924754 0.139476 0.923718 0.140000 0.923588 0.143322 0.922552 0.143147 0.921645 0.147517 0.918407 0.152587 0.913225 0.146119 0.912966 0.143846 0.911541 0.142797 0.901567 0.129860 0.901438 0.127937 0.904676 0.124091 0.905583 0.123916 0.905712 0.123916 0.907915 0.122517 0.912707 0.122517 0.913355 0.121119 0.918536 0.120420 0.918536 0.118147
0 0.846645 0.258881 0.842370 0.285804 0.840557 0.287552 0.840816 0.289650 0.847422 0.290000 0.860894 0.283182 0.863744 0.282308 0.863873 0.278287 0.854417 0.264825 0.852215 0.265874 0.852085 0.262902
0 0.830972 0.257133 0.823977 0.266573 0.825920 0.273217 0.837707 0.276538 0.837578 0.272517 0.833303 0.258881
0 0.974754 0.639021 0.971516 0.643741 0.970091 0.642343 0.957267 0.660175 0.957785 0.661923 0.956360 0.662448 0.956878 0.664021 0.976826 0.674510 0.979935 0.674336 0.980453 0.662797 0.979158 0.662273 0.979028 0.651958 0.977992 0.651434 0.977992 0.649336 0.977215 0.648811 0.976567 0.639371
0 0.933303 0.637622 0.934598 0.638147 0.935505 0.639196 0.936671 0.639545 0.936282 0.648287 0.937707 0.648811 0.937319 0.664371 0.938484 0.664371 0.938873 0.671888 0.932785 0.670315 0.931490 0.668566 0.922811 0.662622 0.918925 0.662448 0.918666 0.660699 0.916075 0.660175 0.915687 0.658427 0.921645 0.651084 0.923199 0.651259 0.930583 0.639895 0.932526 0.640594
0 0.641127 0.363916 0.628446 0.383479 0.628938 0.385035 0.625479 0.389248 0.626969 0.393252 0.634870 0.393252 0.635194 0.394371 0.640959 0.394371 0.640959 0.396801 0.650674 0.396801 0.651166 0.393916 0.652642 0.390804 0.649521 0.388357 0.646554 0.378811 0.646231 0.372587 0.643756 0.369703
0 0.610013 0.349930 0.634534 0.349476 0.635855 0.352360 0.626140 0.372150 0.625648 0.375699 0.622526 0.381259 0.620712 0.377255 0.610829 0.358374
0 0.633886 0.454580 0.629106 0.487028 0.654132 0.476136 0.643264 0.461906 0.642604 0.462133 0.638484 0.456573
0 0.507565 0.521661 0.508342 0.543864 0.509378 0.541941 0.512487 0.542115 0.524275 0.531976 0.511710 0.520787 0.511321 0.519213 0.509896 0.519563
0 0.389301 0.478654 0.372979 0.499633 0.372850 0.502255 0.370648 0.504003 0.371425 0.505752 0.400570 0.517290 0.391762 0.479353
0 0.350052 0.543514 0.350440 0.548584 0.350570 0.548934 0.350829 0.557325 0.352124 0.559248 0.352124 0.564318 0.353031 0.564668 0.353420 0.572535 0.354456 0.573409 0.354326 0.578479 0.354974 0.580227 0.358083 0.580402 0.363005 0.573234 0.364819 0.572885 0.366891 0.570437 0.379456 0.561521 0.378161 0.560822 0.376347 0.556101 0.355233 0.544038
0 0.430751 0.605577 0.452772 0.622885 0.455751 0.622885 0.456269 0.624108 0.454326 0.627605 0.452772 0.627430 0.445389 0.636171 0.445648 0.639318 0.443705 0.641591 0.441891 0.640717 0.436192 0.647885 0.432694 0.645787 0.431917 0.640192 0.432047 0.627080 0.430104 0.624983 0.430104 0.606976
0 0.460104 0.725017 0.478627 0.740927 0.481995 0.741451 0.481606 0.706136 0.481218 0.705787 0.461788 0.719948
0 0.491192 0.697745 0.491062 0.709283 0.490026 0.709458 0.490155 0.727290 0.488601 0.727465 0.488860 0.731661 0.494171 0.732010 0.502202 0.723444 0.507254 0.723794 0.508679 0.721346 0.509974 0.722220 0.513212 0.716976 0.512565 0.715227 0.511528 0.714003 0.509715 0.712780 0.505829 0.708234 0.504275 0.707885 0.500259 0.702640 0.499611 0.702815 0.496891 0.698969 0.495078 0.698619 0.494819 0.697220
0 0.720492 0.953269 0.720622 0.965332 0.719197 0.965332 0.719715 0.983689 0.718161 0.984388 0.718031 0.987710 0.720881 0.987360 0.741995 0.973199 0.742124 0.970052 0.724896 0.954143 0.723990 0.954318 0.722824 0.952395
0 0.903640 0.870927 0.884469 0.887185 0.887189 0.891731 0.895609 0.897850 0.898718 0.903094 0.902863 0.903444 0.903899 0.904668 0.905583 0.904668 0.906749 0.870752
0 0.937060 0.850297 0.933951 0.853269 0.934339 0.857815 0.931231 0.860612 0.931231 0.862185 0.929806 0.864108 0.930453 0.865857 0.927992 0.868829 0.927863 0.871451 0.924754 0.874423 0.924883 0.877045 0.922034 0.880367 0.923977 0.880717 0.924365 0.882115 0.948070 0.883164 0.948070 0.878969 0.946516 0.877220 0.946775 0.873199 0.944573 0.870577 0.944443 0.868304 0.943018 0.866031 0.941723 0.865682 0.941205 0.858339
0 0.859858 0.836486 0.859598 0.866906 0.879547 0.853094 0.880972 0.853269 0.880972 0.851346 0.877863 0.846101 0.876826 0.846276 0.876438 0.845052 0.873977 0.844878 0.870220 0.839108 0.864909 0.835612
0 0.787319 0.832465 0.787060 0.844878 0.788096 0.844703 0.788355 0.855192 0.790298 0.855192 0.797163 0.848199 0.797940 0.848724 0.803899 0.840507 0.804028 0.837710 0.802992 0.835437 0.800272 0.835787 0.799883 0.833864 0.795738 0.834038 0.795350 0.831941 0.791852 0.831766 0.791723 0.829843 0.786541 0.830192
0 0.690427 0.849423 0.691723 0.851696 0.691593 0.856241 0.692759 0.858164 0.692759 0.861136 0.693795 0.861311 0.694054 0.866556 0.695868 0.867605 0.695220 0.872850 0.696386 0.874248 0.696386 0.876521 0.697811 0.877745 0.698329 0.880542 0.700142 0.882465 0.701438 0.883164 0.706231 0.877045 0.706490 0.874598 0.708044 0.873374 0.708303 0.871626 0.714521 0.863584 0.714521 0.860787 0.717500 0.857465 0.717241 0.854493 0.714132 0.854493 0.714132 0.853269 0.706360 0.852920 0.705712 0.850997 0.698588 0.851171 0.697940 0.849598
0 0.654054 0.725559 0.653795 0.736224 0.654961 0.736573 0.655479 0.747587 0.656256 0.748811 0.656516 0.752308 0.657811 0.753706 0.657552 0.758776 0.659883 0.759126 0.660920 0.757378 0.661956 0.757378 0.669987 0.746364 0.671153 0.746538 0.680220 0.735175 0.679573 0.734126 0.678795 0.731853 0.675816 0.732727 0.675168 0.730455 0.672837 0.730455 0.672319 0.729056 0.668303 0.729231 0.668044 0.727308 0.664676 0.727308 0.664158 0.725035 0.659624 0.725035 0.658977 0.723636 0.658199 0.725210
0 0.783588 0.733077 0.783329 0.753007 0.784495 0.753357 0.785142 0.755280 0.786697 0.755105 0.787604 0.753182 0.788769 0.753007 0.793174 0.748462 0.794339 0.748986 0.796671 0.744790 0.797837 0.744266 0.802370 0.739720 0.796023 0.732028 0.794080 0.732203 0.786956 0.727308 0.784883 0.727483 0.782681 0.728881 0.782293 0.731678
0 0.815194 0.709650 0.813122 0.711923 0.813381 0.714720 0.812733 0.715420 0.812733 0.717867 0.811308 0.719965 0.810531 0.723636 0.819598 0.723986 0.819858 0.721888 0.822189 0.721364 0.822448 0.719266 0.818692 0.714545 0.818562 0.711923 0.816231 0.711748
0 0.292150 0.062517 0.279715 0.092762 0.297850 0.092413 0.298238 0.094336 0.302513 0.093986 0.304456 0.090315 0.295000 0.066014
0 0.052306 0.496381 0.040570 0.512448 0.040402 0.517220 0.060674 0.525035 0.055687 0.496591
0 0.013303 0.724266 0.012915 0.753636 0.013433 0.754161 0.014858 0.758182 0.019391 0.757308 0.021075 0.755035 0.022889 0.755385 0.031956 0.746818 0.036101 0.742273 0.035712 0.737902 0.032604 0.734056 0.016023 0.723392
0 0.048148 0.660455 0.069909 0.673741 0.062526 0.683357 0.061490 0.683706 0.045298 0.698392 0.045946 0.677238 0.044132 0.675315 0.044262 0.658881
0 0.050738 0.907657 0.052163 0.942797 0.055531 0.942622 0.074054 0.921818 0.072500 0.918671 0.058381 0.909930
0 0.061865 0.055017 0.061865 0.083339 0.064974 0.083531 0.067694 0.080192 0.070155 0.081066 0.074041 0.074790 0.075466 0.074948 0.078187 0.071294 0.080389 0.070944 0.080389 0.068129 0.067824 0.059738 0.067176 0.057640 0.064326 0.057832
0 0.076477 0.040490 0.083731 0.076503 0.085622 0.076748 0.101606 0.056573 0.101477 0.054301 0.103549 0.051503 0.103938 0.048706 0.096684 0.043462 0.091373 0.043986 0.090725 0.041014 0.086192 0.041538 0.085933 0.039615
0 0.194352 0.008846 0.183860 0.037343 0.183731 0.039965 0.201995 0.040140 0.203161 0.037343 0.203420 0.031923 0.199793 0.027378
0 0.245000 0.060944 0.233083 0.090315 0.257694 0.090664 0.257694 0.087867 0.256917 0.086818 0.255881 0.083147 0.254067 0.080524 0.249275 0.066189
0 0.151425 0.384545 0.136619 0.411259 0.162202 0.416469 0.161878 0.410612 0.153355 0.384983
0 0.331451 0.112028 0.325181 0.137220 0.326308 0.139388 0.333381 0.140262 0.332746 0.138741 0.339663 0.138531 0.339819 0.136346 0.345777 0.136783 0.345298 0.129615 0.341917 0.125070 0.341593 0.122885 0.338368 0.117902 0.338368 0.116154 0.334508 0.112255
0 0.391632 0.125490 0.376671 0.143741 0.375544 0.143741 0.372642 0.147867 0.375220 0.151993 0.376347 0.151766 0.398225 0.162850 0.399832 0.159161 0.398225 0.148077 0.397098 0.148304 0.396619 0.139615 0.395816 0.137867 0.394845 0.127675 0.393394 0.125280
0 0.347228 0.155035 0.333381 0.165017 0.333381 0.167185 0.331943 0.168706 0.332746 0.170874 0.334028 0.170874 0.337085 0.174353 0.339184 0.174353 0.340298 0.175437 0.342720 0.177168 0.345777 0.180874 0.347863 0.182168 0.348187 0.183042 0.350596 0.183689 0.350440 0.173269 0.352526 0.173042 0.352526 0.170874 0.351088 0.169790 0.350920 0.167832 0.352215 0.166311 0.352215 0.155455 0.351399 0.155455 0.351088 0.154371
0 0.244896 0.150682 0.245052 0.168916 0.243614 0.169143 0.243769 0.185420 0.247630 0.187168 0.253912 0.180000 0.254870 0.180000 0.256645 0.177605 0.258083 0.178479 0.260026 0.175664 0.262915 0.175227 0.268873 0.168269 0.267098 0.167185 0.266775 0.165017 0.265324 0.165227 0.248277 0.150909
0 0.186813 0.163497 0.199041 0.180210 0.201619 0.180210 0.204508 0.158724 0.206282 0.158724 0.205959 0.155892 0.200492 0.155682 0.192448 0.158497
0 0.044262 0.133741 0.044106 0.141556 0.043135 0.141556 0.042500 0.173479 0.046036 0.173479 0.046839 0.171958 0.050220 0.171538 0.063251 0.156976 0.066956 0.157640 0.066632 0.153724 0.068718 0.153514 0.062927 0.145262 0.062124 0.145909 0.060674 0.143304 0.058420 0.143741 0.057137 0.139825 0.054883 0.139825 0.048614 0.132448
0 0.057940 0.168706 0.051671 0.205192 0.078057 0.195629 0.075803 0.189545
0 0.067591 0.216906 0.095596 0.222780 0.076438 0.255350
0 0.127772 0.184773 0.113938 0.217133 0.117306 0.216696 0.117953 0.218007 0.144184 0.218864 0.137267 0.206049 0.137098 0.201923 0.132267 0.192378 0.132267 0.187378
0 0.152383 0.268164 0.138381 0.296171 0.141438 0.298339 0.142254 0.299650 0.154313 0.299860 0.156088 0.301381 0.165415 0.302465 0.158018 0.280542 0.157215 0.272727
0 0.188744 0.334388 0.181503 0.343724 0.181023 0.347850 0.179417 0.349598 0.179093 0.352622 0.174909 0.357622 0.174909 0.359580 0.173135 0.362395 0.173303 0.365437 0.178122 0.364790 0.180052 0.367185 0.189067 0.366521 0.189870 0.368479 0.196464 0.369126 0.198886 0.366084
0 0.102940 0.940000 0.112915 0.940524 0.113044 0.942273 0.119780 0.942273 0.120946 0.943846 0.123148 0.944720 0.112526 0.964126 0.112785 0.966224 0.109158 0.967273 0.106697 0.960455 0.106308 0.954336 0.104106 0.951888 0.103199 0.946993 0.102293 0.946818 0.102034 0.944545 0.100997 0.943322
0 0.112733 0.874948 0.112474 0.881066 0.114417 0.880892 0.117526 0.884563 0.119080 0.883864 0.122966 0.890682 0.124521 0.890857 0.128536 0.894703 0.129313 0.895052 0.130479 0.897150 0.132034 0.896101 0.131775 0.895402 0.133329 0.893654 0.133329 0.884563 0.134365 0.884388 0.135272 0.861661 0.122448 0.869178 0.119987 0.872325 0.116490 0.872500
0 0.185764 0.673129 0.184987 0.674528 0.182915 0.674703 0.182915 0.678724 0.178122 0.685892 0.179806 0.687640 0.177863 0.690087 0.177863 0.692010 0.192759 0.692360 0.192630 0.687990 0.188225 0.676801
0 0.212707 0.708794 0.225920 0.707920 0.223977 0.718934 0.224106 0.725577 0.220220 0.731521 0.219054 0.737115 0.217500 0.737990 0.211023 0.729598 0.210635 0.727675 0.208562 0.723304 0.208433 0.721731 0.204935 0.717535 0.205065 0.714563 0.203381 0.712465 0.206619 0.712465 0.207267 0.710542
0 0.239909 0.719633 0.247940 0.757745 0.250142 0.752150 0.251308 0.753374 0.261930 0.740437 0.261671 0.738339 0.263614 0.736066 0.265039 0.735367 0.265168 0.732920 0.267500 0.730122 0.265427 0.726101 0.261671 0.724878 0.241852 0.717535
0 0.251192 0.300192 0.238109 0.324843 0.244326 0.325192 0.245751 0.326591 0.259611 0.326416 0.260648 0.324318 0.259870 0.318549
0 0.516801 0.028147 0.511762 0.049126 0.512021 0.055769 0.532487 0.050524 0.532345 0.045804 0.523277 0.034615 0.523277 0.032692 0.520181 0.026573
0 0.540259 0.018357 0.540117 0.032867 0.541412 0.034091 0.541671 0.043357 0.542461 0.043706 0.542966 0.048077 0.544145 0.048601 0.544650 0.054720 0.547383 0.050175 0.547383 0.048077 0.553212 0.040035 0.554508 0.040035 0.561749 0.030769 0.561749 0.028322 0.545557 0.019406
