0 0.433122 0.799231 0.431839 0.807850 0.429132 0.808497 0.429132 0.811503 0.413161 0.847692 0.412681 0.850507 0.409495 0.853951 0.410609 0.855017 0.411088 0.856311 0.458342 0.856538 0.458821 0.853514 0.437746 0.804406 0.437746 0.802238 0.436153 0.799878
0 0.206516 0.979353 0.201982 0.994738 0.200946 0.995437 0.201075 0.997710 0.210531 0.997535 0.210790 0.996311 0.216101 0.995962 0.215712 0.992815 0.214806 0.990892 0.210790 0.984598 0.210790 0.983024 0.208977 0.982500 0.208459 0.979703
0 0.032060 0.397273 0.083886 0.393531 0.074896 0.420577 0.074624 0.427115 0.072409 0.426556 0.065920 0.443531 0.065920 0.447080 0.064534 0.448007 0.064391 0.450612 0.063562 0.450997 0.063433 0.454161 0.060661 0.458269 0.058873 0.458269 0.056101 0.453409
0 0.057345 0.176766 0.056930 0.177710 0.052513 0.178444 0.050712 0.180874 0.052785 0.183671 0.052927 0.187413 0.060246 0.196923 0.060246 0.199336 0.062733 0.202133 0.064806 0.202133 0.065220 0.199528 0.066192 0.197290 0.065920 0.192255 0.068122 0.189650 0.068536 0.184790 0.069508 0.183479 0.069508 0.175280 0.066749 0.175087 0.066606 0.176591
0 0.055544 0.105507 0.056101 0.108689 0.078912 0.158304 0.079456 0.159983 0.084028 0.166136 0.086231 0.161469 0.086373 0.159056 0.087617 0.157185 0.107526 0.108497 0.106412 0.108129 0.107241 0.105699 0.107383 0.101224 0.080699 0.101591 0.080984 0.102710 0.059702 0.103077 0.059702 0.104948
0 0.347668 0.404545 0.347927 0.408217 0.346632 0.409266 0.346114 0.421678 0.344430 0.421329 0.344819 0.438462 0.345984 0.436888 0.349469 0.437063 0.349611 0.435839 0.353756 0.434615 0.354922 0.432168 0.359326 0.431643 0.360104 0.430245 0.362176 0.430245 0.362306 0.428846 0.364508 0.428322 0.364767 0.426923 0.366062 0.425350 0.366192 0.425000 0.360479 0.416259 0.359067 0.416259 0.355946 0.411014 0.354003 0.411538 0.350518 0.406469
0 0.595350 0.761066 0.598070 0.765612 0.599624 0.765612 0.603251 0.770857 0.613744 0.777325 0.614780 0.779598 0.616205 0.779423 0.616334 0.775052 0.617111 0.774703 0.617500 0.762640 0.616075 0.761416 0.617759 0.760542 0.617759 0.754248 0.616593 0.752325 0.617759 0.751276 0.617759 0.746031 0.614262 0.746381 0.614262 0.748129 0.610894 0.748479 0.607655 0.751801
0 0.768018 0.921608 0.768161 0.929441 0.769469 0.929825 0.769469 0.935297 0.770635 0.936084 0.772798 0.933549 0.773964 0.934318 0.779171 0.927098 0.779896 0.923566 0.774832 0.923374 0.774391 0.921818
0 0.961826 0.741066 0.961438 0.746311 0.960142 0.746836 0.960402 0.756451 0.963381 0.756451 0.963769 0.755052 0.965842 0.754878 0.966619 0.754003 0.967915 0.752955 0.968433 0.751381 0.970764 0.751031 0.971023 0.749108 0.969598 0.748234 0.967655 0.744738 0.965324 0.744388 0.964806 0.743339 0.962992 0.743339
0 0.871788 0.858951 0.871917 0.865245 0.872953 0.865070 0.873472 0.870140 0.874119 0.870664 0.874896 0.875909 0.875155 0.876608 0.878394 0.872587 0.880596 0.872238 0.880984 0.869266 0.882150 0.867343 0.884482 0.866818 0.884482 0.862273 0.881244 0.861923 0.880855 0.860524 0.877358 0.859825 0.876062 0.857727
0 0.162215 0.401888 0.160402 0.405035 0.158329 0.406259 0.157163 0.407483 0.156256 0.407657 0.153666 0.410804 0.151723 0.411853 0.155220 0.417098 0.156516 0.417098 0.157163 0.419196 0.159106 0.419196 0.160142 0.421119 0.161308 0.421119 0.162604 0.422867 0.165842 0.423042 0.165583 0.416049 0.166619 0.415874 0.166878 0.409580 0.165842 0.408881 0.165324 0.402238
0 0.108510 0.683706 0.108769 0.697343 0.106567 0.697343 0.105920 0.695944 0.101904 0.695769 0.098407 0.691573 0.104106 0.685804 0.106308 0.685280 0.106567 0.683531
0 0.795220 0.580647 0.795609 0.604948 0.794313 0.604948 0.794054 0.629423 0.793407 0.629948 0.793407 0.634143 0.794702 0.634318 0.795738 0.632570 0.797552 0.632220 0.798199 0.630122 0.798977 0.631171 0.800790 0.629073 0.801567 0.629073 0.803251 0.627500 0.804935 0.626976 0.805453 0.625927 0.806749 0.625927 0.808951 0.624003 0.810376 0.623829 0.811412 0.622080 0.814391 0.622080 0.816464 0.618059 0.818148 0.619283 0.818925 0.617010 0.821127 0.615962 0.824106 0.614388 0.824754 0.613689 0.826179 0.613164 0.828122 0.611766 0.825661 0.607570 0.824624 0.607395 0.823718 0.605472 0.822163 0.604773 0.818277 0.600402 0.816464 0.599878 0.811282 0.592885 0.810117 0.592885 0.806878 0.588164 0.804935 0.588339 0.802863 0.585192
0 0.979158 0.605210 0.979158 0.651538 0.977345 0.653636 0.974106 0.653287 0.973977 0.651364 0.963614 0.643322 0.960246 0.643147 0.959728 0.640524 0.954417 0.636154 0.952992 0.636503 0.950920 0.633531 0.948329 0.632483 0.948199 0.628636 0.949754 0.626189 0.951308 0.626713 0.953769 0.623392 0.970609 0.609056 0.973977 0.608706 0.976049 0.605734
0 0.220661 0.623794 0.215479 0.624493 0.215220 0.630087 0.215868 0.630612 0.216775 0.635157 0.218199 0.637780 0.221567 0.637255 0.221826 0.635332 0.224676 0.630612 0.224676 0.625892 0.221438 0.625717
0 0.303316 0.033427 0.303316 0.037448 0.304223 0.038497 0.304611 0.041119 0.305130 0.041294 0.306036 0.045140 0.307591 0.046713 0.308756 0.045140 0.309793 0.045140 0.310829 0.042517 0.313031 0.039196 0.313290 0.033776
0 0.339495 0.096399 0.339236 0.102517 0.340790 0.102692 0.341438 0.108112 0.342215 0.111259 0.340402 0.112657 0.340790 0.114056 0.341826 0.115105 0.341956 0.121399 0.345194 0.125944 0.345972 0.124196 0.356593 0.111783 0.358536 0.111084 0.358666 0.109336 0.361256 0.105490 0.361256 0.105490 0.360350 0.103392 0.358018 0.103741 0.357241 0.101993 0.352578 0.101818 0.352319 0.099720 0.350376 0.099895 0.349598 0.098147 0.346749 0.098147 0.345583 0.095524
0 0.773964 0.745927 0.770466 0.752220 0.769171 0.752045 0.766839 0.755017 0.764767 0.755367 0.763083 0.759388 0.761399 0.758864 0.759585 0.762360 0.756749 0.762710 0.755453 0.764808 0.758044 0.769178 0.760363 0.768479 0.762047 0.770052 0.763990 0.770052 0.767358 0.775647 0.769301 0.775647 0.772668 0.778619 0.779275 0.779493 0.779417 0.771101 0.778497 0.770752 0.778122 0.755367 0.777591 0.755017 0.777332 0.747500
0 0.383497 0.575717 0.383368 0.581836 0.382591 0.583059 0.382461 0.587080 0.388290 0.587080 0.388420 0.585332 0.390363 0.585682 0.392565 0.583584 0.386477 0.575192
0 0.136917 0.280297 0.166062 0.296206 0.170855 0.296381 0.171503 0.298479 0.173964 0.297605 0.174482 0.281346 0.173575 0.280822 0.172798 0.269458 0.172539 0.269108 0.172280 0.251276 0.170725 0.251276 0.170984 0.241661 0.169689 0.241136 0.169689 0.237290 0.166451 0.237290 0.162953 0.242885 0.161140 0.243059 0.161010 0.245332 0.158679 0.246031 0.153627 0.253024 0.152591 0.252675 0.147409 0.260542 0.145855 0.261591 0.145207 0.264738 0.144041 0.264038 0.135622 0.274528 0.134197 0.274703 0.133938 0.278724
0 0.243588 0.587430 0.243329 0.592500 0.244236 0.592500 0.244624 0.596871 0.245531 0.597745 0.245790 0.600892 0.247345 0.600892 0.247733 0.606136 0.248769 0.606311 0.248769 0.610857 0.250065 0.610857 0.250712 0.614003 0.252915 0.618724 0.257319 0.613129 0.257448 0.610507 0.259909 0.607710 0.260168 0.605437 0.263925 0.601066 0.263925 0.598444 0.264832 0.598094 0.265479 0.592850 0.264702 0.591101 0.259391 0.590927 0.258614 0.589528 0.250324 0.589178 0.249676 0.587080
0 0.177798 0.748199 0.177798 0.750822 0.178834 0.751521 0.179093 0.754143 0.179611 0.755192 0.180259 0.757115 0.184534 0.762710 0.185311 0.768304 0.195933 0.784913 0.195933 0.787885 0.198394 0.789808 0.198912 0.789808 0.199560 0.787010 0.207202 0.765857 0.207202 0.762535 0.209534 0.759388 0.209275 0.755367 0.212254 0.750122 0.212124 0.744878 0.201373 0.744703 0.201114 0.746276 0.185959 0.746276 0.185699 0.747850
0 0.466477 0.786521 0.469197 0.791469 0.470311 0.791696 0.474132 0.796853 0.476218 0.796853 0.478446 0.800734 0.479404 0.800087 0.483394 0.805052 0.484676 0.805052 0.487863 0.809143 0.488666 0.808706 0.491852 0.813234 0.493925 0.814091 0.499041 0.818619 0.499832 0.811503 0.501269 0.811294 0.500959 0.799231 0.502073 0.798794 0.502228 0.785664 0.504469 0.784371 0.503990 0.768427 0.505259 0.767552 0.505104 0.764983 0.500155 0.763689 0.496969 0.766696 0.495687 0.767133 0.495207 0.768427 0.491852 0.769073 0.490738 0.771014
