0 0.870518 0.290559 0.870518 0.297710 0.871943 0.299650 0.870389 0.300874 0.870518 0.304021 0.872591 0.306451 0.871166 0.307867 0.870518 0.313811 0.873368 0.319056 0.872073 0.320804 0.872461 0.333217 0.873627 0.334091 0.873238 0.336713 0.874793 0.339161 0.878161 0.339668 0.880622 0.332867 0.882435 0.333392 0.883212 0.332517 0.885026 0.331801 0.890984 0.324126 0.891632 0.324126 0.894223 0.321311 0.895648 0.322028 0.897720 0.317815 0.900570 0.318007 0.905104 0.311696 0.905363 0.310140 0.903808 0.309615 0.902772 0.308199 0.900699 0.308042 0.898368 0.304371 0.894741 0.304196 0.893446 0.303147 0.891373 0.301049 0.888264 0.299458 0.886710 0.297378 0.884249 0.296503 0.883860 0.295087 0.881658 0.294930 0.879715 0.292133 0.878290 0.292133 0.875181 0.288636 0.872202 0.288094
0 0.957370 0.554266 0.958666 0.552710 0.961386 0.552517 0.969158 0.545192 0.972915 0.542220 0.993251 0.528042 0.995324 0.527535 0.999987 0.523339 0.999728 0.522115 0.998303 0.520542 0.995583 0.517552 0.993510 0.516678 0.991308 0.513724 0.989624 0.514598 0.987293 0.510752 0.986127 0.510227 0.985609 0.509685 0.984573 0.509003 0.981723 0.505682 0.980557 0.505857 0.979262 0.504108 0.977578 0.503759 0.973044 0.497990 0.971878 0.498164 0.970453 0.494825 0.967215 0.494825 0.960479 0.487500 0.957759 0.488024 0.957889 0.491871 0.956205 0.493794 0.956205 0.504808 0.957759 0.506381 0.956982 0.511976 0.956593 0.514423 0.957500 0.515472 0.956205 0.518427 0.956075 0.522290 0.957370 0.523671 0.957500 0.548514 0.956464 0.547815 0.956075 0.553584
0 0.820997 0.674755 0.836788 0.696661 0.835168 0.696661 0.834573 0.698444 0.832073 0.699650 0.827642 0.700647 0.825868 0.702832 0.822772 0.702640 0.822176 0.704231 0.820699 0.704021 0.817759 0.705629 0.815104 0.706014 0.813329 0.708217 0.810674 0.708007 0.810674 0.705629 0.812150 0.703829 0.812293 0.701049 0.813329 0.700245 0.814365 0.691871 0.814806 0.691486 0.814508 0.680332 0.816127 0.680332 0.816425 0.676346 0.817306 0.674545 0.818199 0.672762 0.818640 0.674948
0 0.830596 0.614790 0.876347 0.614790 0.878109 0.613409 0.878109 0.610017 0.877526 0.609213 0.877085 0.606434 0.875013 0.603042 0.874573 0.601643 0.872358 0.598269 0.871917 0.595472 0.868964 0.592098 0.867630 0.588514 0.865868 0.586119 0.865712 0.583322 0.863795 0.580734 0.857448 0.566399 0.857746 0.563811 0.853174 0.556836 0.851399 0.557430 0.851697 0.562413 0.848303 0.565210 0.849184 0.568392 0.848446 0.569580 0.848161 0.572378 0.845052 0.576364 0.845648 0.579336 0.841075 0.586119 0.841813 0.590105 0.840039 0.591696 0.838562 0.594685 0.838122 0.597063 0.836205 0.602255 0.834870 0.605629 0.833692 0.605629
0 0.947176 0.568986 0.947176 0.570787 0.940984 0.578741 0.941127 0.580944 0.939650 0.582920 0.939365 0.586521 0.932565 0.593689 0.932565 0.596276 0.934197 0.596678 0.934495 0.597867 0.960026 0.598269 0.959728 0.596871 0.958834 0.594283 0.957358 0.592098 0.957358 0.589895 0.956334 0.589703 0.956036 0.584913 0.954417 0.583531 0.954417 0.579336 0.952940 0.578549 0.953083 0.574965 0.952202 0.574965 0.951606 0.569580 0.950130 0.567185
0 0.913394 0.266084 0.913523 0.308199 0.914560 0.310140 0.915596 0.323934 0.946166 0.298584 0.947461 0.298776 0.951347 0.294056 0.950440 0.292832 0.947720 0.289510 0.946036 0.288969 0.944611 0.288094 0.939171 0.284091 0.937876 0.283392 0.936580 0.280944 0.935155 0.281294 0.930492 0.277098 0.928938 0.276923 0.926865 0.273077 0.924922 0.272552 0.922850 0.270280 0.922461 0.271154 0.919611 0.268531 0.917409 0.268357 0.916891 0.264860
0 0.544145 0.710175 0.543886 0.713671 0.543368 0.713671 0.543368 0.715245 0.542073 0.716294 0.541943 0.720490 0.540518 0.722063 0.540000 0.726783 0.538575 0.728007 0.539223 0.731853 0.547383 0.731678 0.548031 0.730629 0.555155 0.729930 0.555544 0.728881 0.557098 0.728357 0.553212 0.723112 0.552953 0.721014 0.547513 0.714545 0.547902 0.712273 0.546218 0.712273
0 0.098782 0.087955 0.098782 0.091101 0.097487 0.090927 0.094767 0.093549 0.094896 0.097395 0.096321 0.097395 0.096969 0.098794 0.100984 0.098794 0.101762 0.101416 0.104482 0.101416 0.104482 0.093199 0.103575 0.092850 0.102927 0.087605 0.101503 0.087080 0.100337 0.085332
0 0.092435 0.150542 0.092306 0.162605 0.090881 0.163304 0.090492 0.171171 0.089585 0.172395 0.089585 0.173969 0.094378 0.175017 0.095155 0.173094 0.099171 0.172395 0.100207 0.171171 0.103964 0.170472 0.107202 0.167325 0.107202 0.162255 0.105130 0.162430 0.100725 0.157535 0.100855 0.153689 0.099689 0.154738 0.096451 0.150542 0.095674 0.150367 0.094119 0.148619
0 0.246813 0.119161 0.249028 0.118636 0.249288 0.119860 0.254585 0.120035 0.254858 0.122308 0.261464 0.122308 0.261464 0.123531 0.264184 0.123881 0.265220 0.125629 0.267422 0.125629 0.266891 0.128776 0.266775 0.129650 0.260946 0.137343 0.260816 0.140664 0.256930 0.145559 0.255233 0.145035 0.255376 0.147483 0.251878 0.149930 0.250972 0.148881 0.250324 0.142587 0.249028 0.140839 0.248899 0.137168 0.247992 0.136469 0.247345 0.131399 0.245920 0.130699 0.246049 0.122657
0 0.204028 0.846206 0.210505 0.854248 0.211671 0.853899 0.213355 0.852675 0.216464 0.829423 0.217241 0.827325 0.216982 0.823304 0.210505 0.823129 0.209598 0.824703 0.205324 0.825052 0.204288 0.826801 0.200920 0.827325 0.201308 0.828199 0.196645 0.828374 0.195220 0.830297 0.193407 0.831346 0.198459 0.838339 0.199365 0.842185 0.201567 0.842360 0.201956 0.845857
0 0.314961 0.061993 0.314702 0.076329 0.313666 0.077203 0.313407 0.099755 0.312759 0.100280 0.312759 0.106748 0.315997 0.106399 0.316904 0.105000 0.320402 0.104650 0.322215 0.101329 0.325065 0.100629 0.341373 0.090664 0.342163 0.090664 0.345531 0.086294 0.343588 0.085944 0.339702 0.080175 0.338666 0.080350 0.336464 0.076853 0.334521 0.077203 0.330894 0.071259 0.329987 0.071608 0.328821 0.070559 0.327008 0.070385 0.322085 0.062867 0.320790 0.063217 0.319883 0.062168 0.318057 0.061643 0.316645 0.059371
0 0.651775 0.764353 0.665635 0.764353 0.662915 0.767150 0.663044 0.769423 0.661878 0.770472 0.662267 0.773619 0.658510 0.777990 0.657733 0.777815 0.656956 0.774318 0.656179 0.774318 0.655272 0.770997 0.654365 0.770122 0.654236 0.766801
0 0.212630 0.244860 0.212370 0.247832 0.217940 0.256748 0.219106 0.256573 0.222604 0.260944 0.224793 0.260944 0.231153 0.269685 0.232837 0.270210 0.233484 0.273706 0.234909 0.273706 0.239689 0.279825 0.241632 0.279825 0.242163 0.276329 0.242681 0.275804 0.243459 0.266364 0.244223 0.264965 0.244754 0.256224 0.245518 0.255175 0.245518 0.245210 0.247604 0.243112 0.246697 0.235070 0.248251 0.233846 0.248251 0.230000 0.247345 0.229476 0.245518 0.226678 0.245013 0.228776 0.243575 0.228601 0.242681 0.230000 0.239313 0.230000 0.238536 0.232273 0.236852 0.232273 0.236593 0.233846 0.232837 0.234371 0.232837 0.236119 0.230246 0.236119 0.229326 0.238042 0.227526 0.238042 0.226088 0.239441 0.223899 0.239615 0.223497 0.241364 0.220013 0.241189 0.219883 0.241888 0.217163 0.242413 0.217021 0.243811
0 0.285427 0.255175 0.294365 0.265140 0.296179 0.268462 0.296826 0.266364 0.297332 0.265664 0.297979 0.253776 0.299158 0.252552 0.299028 0.246958 0.300324 0.246259 0.300570 0.237867 0.301749 0.238042 0.301865 0.228951 0.303044 0.228252 0.303044 0.223357 0.297332 0.223182 0.297085 0.224755 0.293199 0.224755 0.293199 0.226853 0.289054 0.227028 0.288912 0.228252 0.285946 0.228951 0.285168 0.230874 0.281788 0.230699 0.281140 0.231923 0.278044 0.232273 0.277655 0.233497 0.274288 0.234021 0.270777 0.237692 0.275194 0.243986 0.277254 0.244161 0.281023 0.250979 0.283731 0.251503 0.283873 0.255000
0 0.056295 0.460087 0.060959 0.467605 0.061865 0.467430 0.069508 0.473549 0.070674 0.473549 0.073394 0.477413 0.075725 0.476888 0.076891 0.479161 0.077409 0.477045 0.078705 0.476696 0.078834 0.471101 0.077021 0.469178 0.078834 0.467955 0.077280 0.467080 0.077409 0.444196
0 0.079197 0.638811 0.076218 0.641259 0.076347 0.643706 0.073756 0.646853 0.073627 0.649301 0.070518 0.651748 0.070259 0.654371 0.066762 0.658916 0.066762 0.661538 0.062746 0.667483 0.062746 0.669406 0.057306 0.675000 0.057306 0.680420 0.066503 0.681119 0.067409 0.682692 0.076606 0.682517 0.077772 0.684790 0.086969 0.684615 0.087358 0.686888 0.094741 0.687063 0.094482 0.682692 0.086451 0.659790 0.086192 0.656993 0.085544 0.655420 0.085544 0.651049 0.084249 0.649476 0.084249 0.647902 0.083212 0.646503 0.083212 0.645105 0.081917 0.643706 0.081399 0.641259
0 0.099793 0.677622 0.099922 0.681818 0.100829 0.683042 0.101477 0.686538 0.103161 0.688287 0.105104 0.688112 0.107694 0.692133 0.108472 0.691434 0.122202 0.709615 0.125052 0.708042 0.125181 0.700350 0.126477 0.699126 0.126736 0.691958 0.128420 0.691783 0.128031 0.682343 0.129197 0.681119 0.129326 0.677448 0.130233 0.676923 0.130363 0.663636 0.125829 0.664685 0.125699 0.665385 0.122461 0.665385 0.122591 0.666958 0.118705 0.667308 0.117927 0.669406 0.115596 0.669580 0.114301 0.671678 0.113782 0.670105 0.113005 0.670979 0.109767 0.671329 0.109119 0.673252 0.105622 0.673951 0.104326 0.674650 0.101606 0.674301
0 0.336619 0.882517 0.336891 0.895280 0.342189 0.894231 0.342448 0.893531 0.343627 0.893007 0.343873 0.891958 0.345816 0.891608 0.347902 0.888287 0.350997 0.888112 0.349197 0.884441 0.348018 0.884965 0.343873 0.879021 0.342720 0.879021 0.342332 0.877622 0.338044 0.877273 0.336619 0.879895 0.338446 0.881294
0 0.401127 0.912587 0.407604 0.921154 0.408510 0.920629 0.414870 0.928671 0.415764 0.928846 0.418873 0.933392 0.421347 0.933566 0.421736 0.929021 0.422759 0.929371 0.423290 0.917832 0.424184 0.915909 0.424054 0.905594 0.425622 0.904720 0.425881 0.894580 0.427293 0.893706 0.427176 0.884091 0.423407 0.884266 0.422500 0.886713 0.417578 0.886713 0.417060 0.887937 0.415518 0.888112 0.414728 0.889860 0.412785 0.889860 0.412137 0.891958 0.408782 0.891783 0.396205 0.899301 0.395181 0.899126 0.393096 0.900874 0.393238 0.904720 0.394909 0.905420 0.399326 0.912063
0 0.272422 0.545787 0.272422 0.549633 0.270868 0.550857 0.270997 0.557500 0.269832 0.557675 0.269702 0.562045 0.268925 0.562745 0.268407 0.569038 0.267241 0.569738 0.266982 0.574633 0.265816 0.575507 0.266205 0.580227 0.270997 0.580052 0.272034 0.579178 0.275013 0.578304 0.276049 0.576206 0.280712 0.576556 0.281749 0.574808 0.285894 0.574808 0.286801 0.573934 0.291075 0.573584 0.291464 0.570437 0.283562 0.561871 0.283562 0.558374 0.280712 0.557500 0.280712 0.555752 0.274624 0.545962
0 0.329417 0.505402 0.329028 0.508024 0.327733 0.508549 0.327992 0.513619 0.327085 0.514318 0.326956 0.518864 0.326049 0.519213 0.326049 0.521486 0.323977 0.522535 0.324236 0.529353 0.322811 0.530227 0.322940 0.533724 0.321775 0.534423 0.321516 0.537920 0.319961 0.538794 0.319702 0.542640 0.318536 0.544388 0.319054 0.546836 0.326956 0.546836 0.327733 0.545962 0.333044 0.545262 0.333433 0.544038 0.341723 0.543164 0.341982 0.542290 0.348847 0.541766 0.349236 0.540017 0.353640 0.539143 0.353640 0.537395 0.352604 0.536871 0.351956 0.533549 0.349236 0.533549 0.348329 0.531276 0.348588 0.528304 0.341852 0.520437 0.341852 0.517640 0.336671 0.511696 0.337060 0.509773 0.332785 0.503654 0.330453 0.503479
0 0.301684 0.442273 0.301943 0.446119 0.303109 0.447867 0.303368 0.450490 0.304275 0.451364 0.304534 0.453986 0.306347 0.455909 0.308290 0.456084 0.309326 0.453112 0.310622 0.451189 0.310751 0.449091 0.313342 0.446294 0.313342 0.444545 0.314508 0.444021 0.314508 0.440874 0.317358 0.437727 0.317098 0.433531 0.313731 0.433182 0.313601 0.431958 0.300130 0.431434 0.297798 0.433881 0.299611 0.435629 0.299482 0.439650
0 0.308420 0.367098 0.307902 0.371294 0.308808 0.372867 0.309067 0.379510 0.305959 0.379161 0.305311 0.377587 0.301554 0.376888 0.299223 0.373566 0.302202 0.369720 0.304145 0.369021 0.304404 0.367797
0 0.582254 0.057465 0.583290 0.062360 0.584197 0.063759 0.584067 0.069178 0.585233 0.069703 0.585622 0.073024 0.588342 0.073374 0.595078 0.064108 0.595725 0.064108 0.601813 0.057290 0.601813 0.053094 0.603368 0.054143 0.606995 0.049248 0.606736 0.047675 0.609067 0.044703 0.611528 0.044878 0.611399 0.042780 0.612694 0.040682 0.612565 0.039458 0.610622 0.037010 0.609715 0.037010 0.608420 0.035787 0.607513 0.036311 0.606088 0.035087 0.602720 0.035087 0.601813 0.032990 0.597150 0.032990 0.596373 0.031416 0.592228 0.031066 0.591580 0.030367 0.588601 0.029318 0.587824 0.028444 0.584067 0.027920 0.582772 0.025997 0.576684 0.026171 0.577850 0.027745 0.576813 0.029318 0.577461 0.031416 0.578109 0.035262 0.579404 0.036311 0.578109 0.038934 0.578627 0.039983 0.578886 0.044528 0.581606 0.045927 0.580699 0.049423 0.583161 0.052395 0.582902 0.053969 0.579922 0.055017
0 0.646632 0.058164 0.646373 0.064633 0.643264 0.065332 0.646114 0.068479 0.646503 0.071451 0.645337 0.071976 0.645596 0.085612 0.643005 0.085262 0.643005 0.088059 0.644948 0.091031 0.645466 0.095752 0.644560 0.096276 0.644560 0.098374 0.645596 0.099248 0.645596 0.104318 0.644041 0.105192 0.643523 0.109738 0.645207 0.110437 0.644041 0.113059 0.643912 0.117255 0.647280 0.117430 0.647927 0.115857 0.652720 0.113059 0.655699 0.111311 0.657642 0.110787 0.658679 0.108689 0.675389 0.096801 0.677720 0.096801 0.681347 0.093479 0.684326 0.092080 0.684326 0.090332 0.683161 0.087885 0.680959 0.087710 0.680311 0.086661 0.678109 0.085962 0.665155 0.070227 0.661788 0.069878 0.658420 0.065682 0.656865 0.066381 0.654404 0.062885 0.653109 0.062535 0.651554 0.059738
0 0.519456 0.383007 0.519883 0.386119 0.500544 0.451976 0.501412 0.454703 0.505026 0.454510 0.505026 0.453339 0.513536 0.453147 0.514119 0.451783 0.522915 0.452168 0.523497 0.449633 0.531865 0.450035 0.534028 0.448077 0.540816 0.447290 0.542267 0.445542 0.551062 0.445157 0.551218 0.444178 0.556982 0.443986 0.556982 0.442238 0.554249 0.438916 0.554249 0.436976 0.550777 0.431713 0.550492 0.428794 0.542837 0.420017 0.542409 0.416521 0.536917 0.411066 0.536632 0.408147 0.521619 0.382815
0 0.611839 0.428007 0.614573 0.432290 0.616749 0.432692 0.620933 0.438531 0.622085 0.438531 0.623964 0.436591 0.623666 0.434633 0.624832 0.433462 0.625117 0.415542 0.621218 0.414371 0.621360 0.415350 0.619197 0.416136 0.617759 0.418462 0.615583 0.418462 0.615583 0.420017 0.613420 0.420227 0.610389 0.423724 0.609236 0.422955 0.608808 0.426259 0.610246 0.427815
0 0.501788 0.279266 0.514521 0.305385 0.514650 0.309248 0.517241 0.309248 0.517241 0.307483 0.518666 0.307150 0.518925 0.305227 0.521658 0.302413 0.522047 0.298549 0.522953 0.298024 0.522953 0.295210 0.523731 0.295577 0.524521 0.292587 0.526852 0.290315 0.526723 0.287675 0.527759 0.286469 0.528148 0.283462 0.529197 0.283129 0.529456 0.279633 0.531010 0.279266 0.530881 0.274528 0.512306 0.274528 0.511528 0.276626 0.508666 0.276626 0.508407 0.277692 0.507111 0.277885 0.505687 0.275769 0.503860 0.276626 0.503860 0.278059
0 0.650531 0.340734 0.649883 0.343357 0.651684 0.345804 0.654922 0.345629 0.655959 0.343531 0.656218 0.340734 0.657772 0.340734 0.657655 0.336189 0.658303 0.335140 0.659326 0.333741 0.659974 0.331818 0.659845 0.327098 0.661541 0.326224 0.661140 0.321853 0.662837 0.320804 0.662565 0.318531 0.663731 0.317657 0.664508 0.313462 0.665427 0.312063 0.665285 0.308916 0.666969 0.308217 0.667098 0.300000 0.659067 0.300699 0.658303 0.302273 0.654016 0.302098 0.653497 0.303671 0.645997 0.304545 0.645725 0.306294 0.638083 0.306119 0.637824 0.307343 0.632513 0.308042 0.632513 0.311189 0.633290 0.313462 0.633808 0.315909 0.636282 0.318357 0.636399 0.320804 0.638225 0.321503 0.638472 0.323601 0.641062 0.326748 0.641580 0.329196 0.644560 0.329371 0.645466 0.331818 0.645466 0.335315
0 0.641956 0.580385 0.640142 0.581259 0.639754 0.585105 0.636516 0.588951 0.636775 0.590350 0.635738 0.591224 0.636256 0.592972 0.635220 0.594545 0.634961 0.596993 0.633277 0.597692 0.633018 0.602238 0.632370 0.603112 0.631593 0.611329 0.626412 0.611678 0.624728 0.609406 0.623174 0.605210 0.622267 0.604336 0.622267 0.601888 0.619288 0.598741 0.619288 0.597168 0.617215 0.593322 0.616956 0.591399 0.615272 0.589126 0.615272 0.585804 0.614365 0.584231 0.614236 0.583706 0.611904 0.581434 0.611904 0.578636 0.609184 0.576014 0.608925 0.569196 0.634313 0.568497 0.634443 0.567098 0.646360 0.566224 0.645842 0.569021 0.643510 0.570420 0.644158 0.574441 0.642345 0.574790
0 0.677422 0.776591 0.677681 0.789878 0.678718 0.790402 0.679106 0.803864 0.680142 0.804038 0.680142 0.825892 0.681956 0.826766 0.684547 0.823444 0.686749 0.823094 0.709288 0.801941 0.710712 0.802115 0.711101 0.801241 0.712396 0.800192 0.712267 0.797745 0.709806 0.797045 0.709676 0.795472 0.707604 0.795822 0.706697 0.794423 0.704624 0.794423 0.703977 0.792325 0.702422 0.792150 0.701904 0.790577 0.699443 0.790402 0.699184 0.789353 0.695816 0.788479 0.695557 0.787080 0.693096 0.787080 0.693225 0.785507 0.691541 0.783584 0.688821 0.782710 0.687785 0.782010 0.685583 0.781311 0.685712 0.780262 0.683381 0.780437 0.682474 0.778514 0.679106 0.777990
0 0.750350 0.823444 0.749832 0.833409 0.750868 0.833934 0.751516 0.840577 0.753199 0.840402 0.752940 0.856486 0.754365 0.857885 0.754365 0.863304 0.755531 0.865052 0.754495 0.867150 0.755920 0.868024 0.758769 0.863479 0.760453 0.862955 0.763821 0.858584 0.766153 0.858234 0.769650 0.852990 0.770816 0.852290 0.772759 0.849493 0.775350 0.848094 0.780920 0.841626 0.780661 0.839703 0.778459 0.839528
0 0.802811 0.952290 0.802811 1.000000 0.794184 1.000000 0.777293 0.985332 0.774961 0.985507 0.770298 0.981486 0.768005 0.979545 0.765544 0.979196 0.765674 0.976573 0.796075 0.950717 0.798536 0.951241 0.799702 0.949668 0.801645 0.949668
0 0.880790 0.893899 0.881179 0.917675 0.882604 0.918199 0.895557 0.907185 0.895816 0.905612 0.898407 0.904388 0.896464 0.903689 0.896464 0.902465 0.894003 0.902290 0.893355 0.900717 0.891801 0.900542 0.891153 0.898094 0.889598 0.899668 0.888562 0.896871 0.886490 0.897395 0.886101 0.895822 0.883899 0.895647 0.883381 0.894073
0 0.839702 0.789895 0.839702 0.792343 0.840609 0.793916 0.840868 0.796538 0.841775 0.797413 0.842681 0.801608 0.843459 0.803182 0.843199 0.806503 0.844754 0.807902 0.845142 0.812448 0.846179 0.813497 0.846956 0.817867 0.847863 0.820664 0.848899 0.828182 0.850453 0.836049 0.850972 0.836224 0.863795 0.819266 0.863795 0.817343 0.875324 0.801434 0.875194 0.798811 0.869624 0.799510 0.869430 0.797203 0.863731 0.797378 0.862111 0.796014 0.858355 0.794615 0.852526 0.794091 0.852267 0.792168 0.846049 0.791993 0.845531 0.789895
0 0.887370 0.773112 0.931671 0.757902 0.931023 0.768217 0.930505 0.768916 0.929987 0.771538 0.928433 0.772937 0.928821 0.777483 0.927267 0.778531 0.926878 0.789720 0.926101 0.790245 0.925324 0.795315 0.924547 0.804231 0.922474 0.804930 0.923251 0.809825 0.920790 0.812622 0.921567 0.817517 0.918718 0.818042 0.911334 0.807203 0.910039 0.802832 0.906801 0.801783 0.906023 0.800035 0.905764 0.796713 0.903692 0.795839 0.903562 0.793566 0.900065 0.793392 0.890091 0.778357 0.889702 0.776084 0.887241 0.775734
0 0.966606 0.101836 0.966865 0.119668 0.968420 0.120367 0.969326 0.122465 0.970751 0.122290 0.971010 0.120892 0.973731 0.120367 0.973990 0.117920 0.975803 0.117745 0.979560 0.115122 0.980596 0.112500 0.981762 0.111101 0.985518 0.108304 0.987073 0.107255 0.986943 0.106031 0.984870 0.105507 0.983057 0.101486 0.980207 0.102010 0.977876 0.098864 0.976969 0.098514 0.975544 0.096591 0.972565 0.096066 0.971399 0.094843 0.966995 0.094318 0.965181 0.096591 0.965181 0.100962
