0 0.362474 0.921364 0.362345 0.946189 0.361308 0.944615 0.357940 0.944266 0.357422 0.941993 0.355738 0.942517 0.353795 0.939021 0.351593 0.939021 0.350687 0.936923 0.349262 0.937098 0.345764 0.932378 0.359365 0.921713
0 0.220635 0.400647 0.233847 0.400297 0.234624 0.399091 0.243433 0.398899 0.243821 0.403986 0.242267 0.405892 0.242267 0.408357 0.241101 0.409038 0.240842 0.411136 0.240324 0.411853 0.239806 0.414983 0.237992 0.415157 0.238251 0.420752 0.236697 0.424248 0.235790 0.428969 0.233718 0.430717 0.233070 0.433339 0.229443 0.438427 0.229443 0.435962 0.224650 0.428811 0.224262 0.427220 0.223225 0.426521 0.223225 0.424091 0.219598 0.418479 0.219339 0.415857 0.215324 0.410787 0.215324 0.409388 0.212474 0.405734 0.213640 0.403462 0.220764 0.401713
0 0.259236 0.369021 0.260142 0.370245 0.260272 0.372675 0.263251 0.375490 0.262863 0.377570 0.265583 0.380542 0.265583 0.383357 0.270246 0.389476 0.271671 0.389476 0.271801 0.386661 0.272837 0.385787 0.272966 0.383164 0.275427 0.380385 0.275557 0.374948 0.277370 0.373024 0.277370 0.371276 0.278666 0.370052 0.278536 0.368497 0.277111 0.365524 0.272966 0.365682 0.272707 0.366399 0.263769 0.366748 0.263769 0.368497
0 0.279961 0.330559 0.280997 0.329843 0.281256 0.329318 0.283718 0.329493 0.283718 0.330035 0.291878 0.330035 0.292008 0.331591 0.300039 0.332115 0.300557 0.333689 0.303925 0.333689 0.304184 0.335804 0.302759 0.337552 0.301852 0.341731 0.299132 0.343671 0.299650 0.345577 0.297060 0.348724 0.296671 0.351696 0.294987 0.352045 0.293821 0.355717 0.293044 0.355909 0.292267 0.359213 0.289417 0.359755 0.286956 0.355035 0.287215 0.351346 0.285661 0.349073 0.285272 0.347325 0.284106 0.346801 0.283588 0.343147 0.282163 0.342797 0.282163 0.339301 0.281516 0.338934 0.281127 0.332815
0 0.307422 0.391748 0.311956 0.391748 0.312474 0.390350 0.319339 0.390000 0.320117 0.388409 0.325946 0.388252 0.326075 0.392622 0.325168 0.393304 0.325039 0.397500 0.324003 0.397867 0.323614 0.402920 0.322578 0.402920 0.321930 0.407990 0.321153 0.408706 0.321282 0.411136 0.319210 0.413951 0.318562 0.414476 0.312474 0.406608 0.312215 0.404143 0.310920 0.403986 0.310920 0.401871 0.308718 0.401713 0.308459 0.400490 0.305868 0.396119 0.305738 0.393846
0 0.257461 0.269615 0.257591 0.284825 0.254352 0.285175 0.253705 0.283427 0.252280 0.283077 0.249819 0.279930 0.248264 0.279580 0.246321 0.277483 0.247746 0.275385 0.249041 0.274685 0.251373 0.271364 0.254482 0.271364 0.255907 0.269615
0 0.371878 0.536836 0.371749 0.551871 0.373303 0.553094 0.371490 0.554318 0.372008 0.557115 0.376023 0.556941 0.376412 0.555017 0.377966 0.555717 0.381852 0.550472 0.383536 0.550472 0.386775 0.546626 0.385479 0.543654 0.384184 0.543654 0.383666 0.542430 0.381205 0.542080 0.379391 0.539108 0.375635 0.538584 0.375764 0.536486
0 0.357111 0.583339 0.357111 0.596101 0.354391 0.595927 0.353484 0.594528 0.352189 0.594353 0.349858 0.592080 0.349469 0.591206 0.348174 0.591031 0.346231 0.588059 0.347655 0.587710 0.349987 0.584388 0.351671 0.583514 0.352060 0.582990 0.354780 0.581766 0.355816 0.580017
0 0.393899 0.556941 0.397396 0.562010 0.397267 0.565857 0.398303 0.567255 0.398692 0.569353 0.400894 0.571976 0.401023 0.574248 0.403744 0.577570 0.404003 0.579843 0.405298 0.580017 0.405946 0.584213 0.398562 0.585612 0.397396 0.587535 0.382370 0.586836 0.381982 0.584738 0.383277 0.584388 0.383536 0.579493 0.384573 0.579143 0.384702 0.575822 0.385997 0.574773 0.386256 0.573024 0.387293 0.572150 0.387034 0.568829 0.388199 0.568304 0.388199 0.565857 0.391438 0.562185 0.391049 0.560437
0 0.436775 0.605717 0.434054 0.609388 0.434054 0.611311 0.429780 0.616206 0.430427 0.619003 0.429132 0.620927 0.429132 0.621976 0.428225 0.623899 0.427837 0.626346 0.424210 0.631241 0.424210 0.633339 0.422785 0.634213 0.422267 0.638584 0.419547 0.642605 0.419806 0.644528 0.447267 0.644353 0.447915 0.646626 0.451412 0.646976 0.452319 0.648374 0.453096 0.648374 0.453873 0.647325 0.455816 0.645927 0.455687 0.644353 0.442992 0.615857 0.442863 0.612185 0.442215 0.611836 0.441308 0.607990 0.439495 0.605717 0.439106 0.603269 0.436775 0.602920
0 0.475790 0.335647 0.475661 0.341416 0.474365 0.341766 0.474106 0.354353 0.473329 0.354353 0.473199 0.363269 0.471645 0.363969 0.471775 0.380402 0.473718 0.380577 0.475013 0.379003 0.477604 0.379003 0.477863 0.377780 0.480842 0.376731 0.482396 0.374808 0.484728 0.374808 0.485894 0.373059 0.488225 0.373934 0.489003 0.372360 0.490039 0.372185 0.490687 0.371136 0.494054 0.370787 0.494702 0.368864 0.496775 0.367990 0.497552 0.366591 0.500790 0.366766 0.500790 0.365017 0.504028 0.365367 0.503899 0.363269 0.499236 0.356451 0.497940 0.356626 0.490427 0.346311 0.489521 0.346136 0.482526 0.337045 0.481360 0.337045 0.478769 0.333724 0.477345 0.333724
0 0.470363 0.090245 0.470492 0.101434 0.471399 0.101434 0.472306 0.099685 0.475544 0.099336 0.476321 0.098112 0.478264 0.096888 0.480207 0.095315 0.477746 0.091643 0.476580 0.091294 0.475674 0.087972 0.472824 0.087273
0 0.521399 0.103706 0.521010 0.106503 0.522694 0.108776 0.524508 0.108776 0.525544 0.110874 0.527228 0.111049 0.528782 0.113671 0.529819 0.113497 0.530337 0.114021 0.532798 0.115070 0.533575 0.116119 0.535389 0.116469 0.536554 0.118217 0.540959 0.118741 0.541218 0.105280 0.540440 0.105280 0.539534 0.092168 0.538238 0.088846 0.535389 0.089196 0.533057 0.093392 0.530855 0.094091 0.529689 0.096189 0.528394 0.096014 0.525803 0.098636 0.525803 0.099336 0.523860 0.099685
0 0.564469 0.033881 0.573018 0.044895 0.574702 0.044895 0.575350 0.044545 0.576516 0.042098 0.576386 0.039126 0.576904 0.037902 0.577552 0.034930 0.578329 0.034406 0.578588 0.029161 0.579754 0.027762 0.580142 0.025490 0.581438 0.023916 0.581308 0.017622 0.570427 0.017622 0.570168 0.018322 0.563951 0.019021 0.563692 0.020070 0.559417 0.021119 0.559417 0.023741 0.560324 0.023566 0.560712 0.026189 0.563692 0.030385
0 0.527060 0.292133 0.518899 0.301748 0.518510 0.304895 0.516179 0.305245 0.512811 0.310140 0.513070 0.312413 0.510350 0.315210 0.510609 0.317308 0.511645 0.319056 0.514624 0.319056 0.515013 0.320804 0.519676 0.320979 0.521101 0.323077 0.527578 0.323252 0.529003 0.325524 0.534832 0.325175 0.534702 0.317133 0.533666 0.316434 0.533536 0.311189 0.532241 0.310664 0.532241 0.304196 0.530946 0.304196 0.530816 0.297902 0.530168 0.297552 0.529650 0.293881
0 0.624288 0.251031 0.624547 0.269213 0.623640 0.269388 0.624288 0.287045 0.625583 0.286871 0.628692 0.282850 0.631801 0.282500 0.635687 0.278304 0.638795 0.277255 0.639443 0.276031 0.645661 0.272535 0.647215 0.272535 0.647474 0.270612 0.644236 0.265542 0.643329 0.265892 0.640220 0.262395 0.638795 0.262395 0.636852 0.258549 0.635168 0.258549 0.630764 0.253654 0.629598 0.253304 0.628821 0.252255 0.627655 0.251731 0.626619 0.249283
0 0.006503 0.921748 0.042642 0.921573 0.041736 0.923147 0.041347 0.927517 0.040699 0.928392 0.040570 0.930839 0.039922 0.931189 0.038886 0.937308 0.036425 0.937657 0.036295 0.939406 0.031114 0.951993 0.030984 0.954965 0.030078 0.955490 0.029948 0.957937 0.024508 0.964755 0.024508 0.963881 0.022306 0.963007 0.022047 0.961084 0.020492 0.958811 0.019715 0.953566 0.015440 0.948846 0.015829 0.946049 0.013756 0.941853 0.011166 0.934860 0.008316 0.929965 0.008187 0.927168 0.007280 0.926643
0 0.325687 0.971189 0.319080 0.994965 0.318484 1.000000 0.324106 1.000000 0.324391 0.998811 0.331645 0.997238 0.331775 0.996888 0.337215 0.995664 0.337474 0.995140 0.339417 0.994615 0.341749 0.992692 0.339676 0.991643 0.339417 0.989720 0.338122 0.989545 0.338381 0.986923 0.328925 0.975210 0.328925 0.971888
0 0.513135 0.876871 0.518705 0.884213 0.520259 0.884738 0.523627 0.889458 0.525570 0.889458 0.530492 0.897150 0.531788 0.894528 0.532435 0.891731 0.532953 0.891381 0.533342 0.880717 0.535026 0.881241 0.534637 0.873899 0.536192 0.873549 0.536192 0.857990 0.534508 0.857990 0.534249 0.859913 0.530363 0.860437 0.529585 0.862360 0.526736 0.861836 0.526347 0.862885 0.522591 0.863059 0.522332 0.865332 0.518834 0.865507 0.518575 0.867080 0.514819 0.866906 0.514560 0.868304 0.512098 0.869178 0.510544 0.871101 0.510415 0.873549 0.513264 0.873549
0 0.626114 0.928811 0.625596 0.930385 0.624301 0.931259 0.624560 0.947168 0.623005 0.947517 0.623264 0.954860 0.624171 0.956783 0.624301 0.960455 0.623394 0.960629 0.623264 0.971818 0.622098 0.974790 0.625596 0.974965 0.652798 0.959056 0.653964 0.957832 0.653834 0.954860 0.652668 0.953462 0.650725 0.952587 0.649560 0.950839 0.647876 0.950839 0.647487 0.948042 0.645933 0.947867 0.641528 0.941923 0.640751 0.941923 0.636606 0.937552 0.635570 0.936853 0.628964 0.928287
0 0.716269 0.952063 0.715881 0.956434 0.717435 0.957308 0.718083 0.960804 0.720285 0.963077 0.720415 0.965874 0.721451 0.966399 0.721580 0.970245 0.724560 0.972517 0.725337 0.976189 0.727668 0.978986 0.728316 0.981608 0.730389 0.984755 0.730000 0.986853 0.732073 0.987203 0.732073 0.990350 0.736347 0.996294 0.746062 0.974965 0.746192 0.971119 0.747876 0.967622 0.748005 0.966224 0.749948 0.963951 0.749041 0.959580 0.751762 0.957133 0.751891 0.952762 0.751244 0.948042 0.733756 0.948566 0.733109 0.950315 0.725207 0.950664 0.724430 0.952587
0 0.905699 0.987343 0.909585 0.993287 0.909456 0.995559 0.911140 0.995559 0.911917 0.999580 0.914301 1.000000 0.914909 1.000000 0.915026 0.998357 0.916321 0.998007 0.916969 0.992063 0.918264 0.990664 0.917876 0.981748 0.913731 0.982273 0.913601 0.984545 0.908031 0.984196
0 0.913212 0.967063 0.916969 0.971608 0.917746 0.971608 0.919171 0.973357 0.920596 0.973531 0.921632 0.975629 0.922280 0.973531 0.922539 0.973357 0.923575 0.962517 0.924611 0.961818 0.924352 0.954126 0.925777 0.955000 0.926295 0.941713 0.922150 0.941713 0.921891 0.942937 0.917876 0.943811 0.917358 0.945734 0.913083 0.945734 0.912306 0.946958 0.910104 0.946958 0.908808 0.948881 0.907383 0.949056 0.906995 0.950280 0.903238 0.950804 0.903109 0.953951 0.904016 0.957448 0.906606 0.957797 0.906606 0.960769 0.908549 0.962517 0.910104 0.962517 0.910622 0.964441 0.912565 0.964091
0 0.968731 0.756958 0.969119 0.761329 0.967824 0.761503 0.967565 0.769545 0.965622 0.772517 0.965104 0.780210 0.964197 0.781259 0.964067 0.786154 0.962772 0.786853 0.962124 0.790350 0.961477 0.791049 0.961477 0.799266 0.966140 0.799091 0.966140 0.797343 0.970674 0.796993 0.971062 0.795594 0.978316 0.794895 0.978964 0.794021 0.981943 0.793671 0.982591 0.791923 0.988679 0.791573 0.989067 0.790175 0.993342 0.790000 0.993472 0.786853 0.990881 0.784580 0.990881 0.781783 0.972358 0.756434
0 0.699495 0.506014 0.695479 0.510734 0.695609 0.513182 0.692759 0.515629 0.692759 0.518427 0.691723 0.518427 0.691723 0.521923 0.687189 0.527343 0.685894 0.527343 0.682785 0.523671 0.682526 0.519825 0.681231 0.519126 0.681101 0.514231 0.677474 0.509510 0.677604 0.504965 0.676567 0.502867 0.676438 0.500594 0.675531 0.499720 0.674365 0.493951 0.681878 0.492552 0.682526 0.495000 0.693795 0.494650 0.694184 0.497273 0.701438 0.495699 0.701956 0.501294 0.700142 0.503741
0 0.583497 0.416906 0.585699 0.420927 0.586736 0.425997 0.587642 0.426871 0.587642 0.429493 0.589197 0.430717 0.589197 0.431941 0.588031 0.433164 0.587772 0.434913 0.579611 0.434913 0.579223 0.434038 0.576503 0.433339 0.575596 0.434038 0.575207 0.433339 0.574041 0.433339 0.573394 0.428969 0.576373 0.426171 0.576891 0.423549 0.580777 0.419178 0.580777 0.416381
0 0.625246 0.652045 0.626153 0.654143 0.626412 0.657290 0.628355 0.658864 0.628225 0.665332 0.629262 0.666031 0.629132 0.672325 0.629909 0.673024 0.629909 0.678444 0.631723 0.680017 0.631593 0.687360 0.633277 0.688234 0.632759 0.699598 0.631723 0.699598 0.630557 0.696976 0.626023 0.697150 0.624987 0.695402 0.621231 0.695402 0.620453 0.694178 0.617085 0.693829 0.616438 0.692255 0.612293 0.692605 0.611645 0.691031 0.608018 0.690507 0.607111 0.688584 0.601801 0.688934 0.601541 0.687360 0.599858 0.686661 0.600894 0.685437 0.601023 0.682640 0.611904 0.667605 0.613977 0.667605 0.614365 0.664983 0.619676 0.657815 0.621878 0.656591 0.621878 0.653969
0 0.640142 0.716381 0.636904 0.722150 0.635609 0.722150 0.631334 0.727745 0.630557 0.727045 0.622655 0.737885 0.623044 0.739108 0.624339 0.739108 0.625246 0.740682 0.628614 0.740682 0.629650 0.742255 0.631205 0.742430 0.632370 0.744703 0.634443 0.745052 0.634573 0.746101 0.638847 0.745927 0.639495 0.746976 0.641826 0.747325 0.642345 0.749248 0.646231 0.750647 0.646231 0.742955 0.644806 0.742080 0.646490 0.739983 0.645194 0.738934 0.645065 0.730717 0.644028 0.730542 0.643640 0.724423 0.642215 0.723374 0.642085 0.720227 0.641438 0.716731
0 0.330868 0.229318 0.330479 0.235437 0.329573 0.235629 0.328925 0.240682 0.328148 0.241399 0.328148 0.249615 0.332293 0.249423 0.332552 0.248899 0.336826 0.247867 0.338122 0.246451 0.342137 0.245927 0.343433 0.244371 0.339547 0.240000 0.339288 0.237535 0.334624 0.230909 0.333070 0.230385 0.332422 0.228444
0 0.978031 0.246136 0.978031 0.251206 0.978821 0.251556 0.979728 0.256801 0.982837 0.256626 0.983212 0.255227 0.984780 0.255052 0.986593 0.252780 0.986593 0.249983 0.989573 0.249283 0.989689 0.247710 0.988394 0.245962 0.985039 0.244913 0.984391 0.243164 0.978433 0.242640 0.977008 0.244563
0 0.342073 0.740839 0.341813 0.745385 0.343109 0.746434 0.343497 0.750804 0.344793 0.751853 0.345181 0.756573 0.345699 0.757448 0.345959 0.764091 0.349326 0.760420 0.349456 0.757448 0.351917 0.757098 0.351917 0.754650 0.356192 0.748357 0.355803 0.746434 0.360596 0.742238 0.358523 0.740315 0.353731 0.740140 0.353083 0.738566 0.346477 0.737867 0.345699 0.735245 0.342591 0.736119 0.340389 0.738217 0.340907 0.741014
0 0.339288 0.166224 0.339288 0.174248 0.338510 0.175122 0.338122 0.185612 0.341231 0.184738 0.342655 0.183182 0.343562 0.183182 0.344987 0.182115 0.347966 0.181591 0.348614 0.179843 0.352370 0.179843 0.352500 0.177587 0.351593 0.176713 0.350816 0.173566 0.349132 0.172500 0.344469 0.165699 0.343044 0.165857 0.341101 0.163601
