0 0.236075 0.805804 0.235816 0.810524 0.237111 0.811049 0.237500 0.813846 0.238290 0.814545 0.238407 0.816818 0.242824 0.823287 0.243070 0.822413 0.244236 0.821189 0.244365 0.819266 0.245272 0.817867 0.245415 0.815769 0.247358 0.814196 0.247358 0.811923 0.248653 0.810874 0.248510 0.805629
0 0.699145 0.828514 0.701736 0.828689 0.701995 0.830612 0.704974 0.830962 0.705751 0.831311 0.708731 0.831311 0.709637 0.833409 0.722720 0.839003 0.722979 0.840402 0.722591 0.841626 0.721554 0.843199 0.719870 0.844073 0.715984 0.850192 0.714560 0.849493 0.709508 0.856661 0.707824 0.855787 0.706917 0.859808 0.705881 0.859808 0.703290 0.862255 0.702513 0.863129 0.701606 0.863129 0.700829 0.854738 0.699793 0.853689 0.699534 0.850542 0.700570 0.850017 0.699404 0.847395 0.699663 0.841801 0.698756 0.841101 0.698497 0.832535 0.697202 0.831136
0 0.131580 0.132465 0.136373 0.139108 0.137798 0.138759 0.140130 0.142430 0.142202 0.143129 0.142720 0.142080 0.145311 0.141031 0.144793 0.131416 0.146088 0.130367 0.146347 0.115332 0.147124 0.113934 0.147513 0.097850 0.146606 0.099423 0.143368 0.099423 0.141813 0.102220 0.137280 0.103444 0.135337 0.105017 0.133912 0.104843 0.133135 0.106416 0.130285 0.106591 0.128731 0.108514 0.126399 0.108514 0.124326 0.111486 0.122124 0.112010 0.120570 0.114283 0.118756 0.114108 0.116943 0.116031 0.117850 0.118304 0.120699 0.123899 0.121736 0.122850 0.124845 0.127220 0.126140 0.127220 0.129249 0.131416
0 0.249832 0.182483 0.250220 0.197343 0.252163 0.197692 0.252811 0.196119 0.255402 0.195769 0.256438 0.194021 0.257863 0.194021 0.261360 0.189476 0.257863 0.184231 0.256179 0.183706 0.254883 0.182483 0.253329 0.182308 0.251904 0.179685
0 0.261425 0.068636 0.259093 0.102378 0.256373 0.102378 0.254171 0.098182 0.253135 0.099231 0.251580 0.096958 0.249378 0.096259 0.246399 0.092413 0.245363 0.092587 0.243549 0.089266 0.241218 0.088741 0.240959 0.086469 0.238886 0.085245 0.238497 0.082797 0.240570 0.082797 0.243031 0.080000 0.245363 0.077552 0.247565 0.077902 0.249896 0.074056 0.253005 0.074056 0.254171 0.072483 0.255466 0.072308 0.256373 0.070385 0.258705 0.070559 0.259611 0.067587
0 0.480544 0.131748 0.487409 0.140664 0.488964 0.140664 0.489611 0.143287 0.493109 0.142762 0.493497 0.138741 0.494793 0.138217 0.494793 0.133322 0.495699 0.132448 0.495699 0.125979 0.497383 0.123881 0.490518 0.123706 0.489482 0.125455 0.483782 0.125629 0.482876 0.126853 0.480803 0.127203
0 0.622578 0.179178 0.623355 0.187920 0.623873 0.188794 0.624521 0.192290 0.627889 0.192465 0.630868 0.189668 0.630868 0.187570 0.633070 0.186696 0.638510 0.179353 0.638381 0.175332 0.634624 0.175157 0.631256 0.170087 0.627630 0.171136 0.626852 0.169738 0.622448 0.170087 0.622060 0.173934 0.620764 0.175507
0 0.887630 0.462885 0.887500 0.469703 0.886852 0.470227 0.885946 0.473024 0.884650 0.474248 0.886723 0.476521 0.885557 0.477395 0.885298 0.480192 0.884003 0.481066 0.883614 0.484388 0.882319 0.486836 0.882448 0.491031 0.881671 0.492955 0.881541 0.495227 0.879728 0.496626 0.879987 0.500647 0.886982 0.499948 0.887370 0.498724 0.892681 0.498374 0.893329 0.497325 0.899028 0.495577 0.899288 0.495052 0.906282 0.494703 0.906412 0.493654 0.909132 0.492955 0.909391 0.491206 0.906930 0.487360 0.906930 0.484913 0.905894 0.484213 0.905894 0.481941 0.897863 0.471451 0.897604 0.468479 0.895531 0.467780 0.895531 0.465332 0.891904 0.461311 0.890868 0.461311 0.889832 0.463584
0 0.935026 0.648357 0.934896 0.639965 0.932565 0.639441 0.931399 0.640839 0.929974 0.641364 0.929067 0.643287 0.925699 0.643287 0.923886 0.645385 0.923886 0.647133 0.925052 0.648357 0.925052 0.651503 0.925959 0.650455 0.927513 0.653252 0.929326 0.653077 0.930492 0.655524 0.933342 0.655699 0.933472 0.649231
0 0.744391 0.985717 0.749573 0.993409 0.749573 0.996031 0.746723 0.996031 0.745570 0.997430 0.738446 0.998304 0.739469 0.997605 0.739093 0.993759 0.740648 0.992885 0.740505 0.990787 0.741801 0.990437 0.742189 0.986591
0 0.436179 0.925455 0.436179 0.942063 0.434754 0.942413 0.433847 0.940140 0.431904 0.941014 0.431516 0.939266 0.429573 0.938916 0.426982 0.935070 0.424909 0.935070 0.426075 0.933322 0.426075 0.931748 0.428018 0.930350 0.428666 0.928951 0.430738 0.928252 0.431386 0.927028 0.434624 0.926678
0 0.305000 0.772413 0.304352 0.774161 0.303174 0.773986 0.303174 0.777483 0.302137 0.777832 0.301762 0.783951 0.300583 0.785699 0.301231 0.786573 0.301619 0.787972 0.309003 0.787797 0.309534 0.787098 0.314067 0.786573 0.311205 0.782028 0.310829 0.780804
0 0.407707 0.744965 0.400583 0.754231 0.400324 0.756678 0.394236 0.763846 0.393588 0.766119 0.392552 0.767343 0.392293 0.770490 0.395531 0.770315 0.396321 0.772762 0.400712 0.772762 0.401619 0.773811 0.406801 0.773636 0.408744 0.775385 0.415220 0.775734 0.415868 0.777308 0.419106 0.778182 0.419495 0.773287 0.418342 0.772063 0.418342 0.765944 0.417422 0.765944 0.417293 0.760524 0.415751 0.759650 0.415609 0.755629 0.414702 0.755629 0.414702 0.752133 0.413277 0.752133 0.412513 0.746538 0.411723 0.747238 0.411464 0.740944
0 0.172306 0.895402 0.168031 0.903094 0.166736 0.902045 0.165699 0.904143 0.160130 0.904143 0.153264 0.911311 0.151451 0.911486 0.150155 0.913934 0.151710 0.914808 0.152617 0.918304 0.154948 0.919353 0.156114 0.921101 0.157539 0.921276 0.157668 0.922500 0.158964 0.922675 0.160648 0.926346 0.162461 0.926171 0.163627 0.928094 0.165052 0.929318 0.166477 0.929493 0.167902 0.931241 0.169197 0.931591 0.169974 0.933339 0.170622 0.932290 0.171658 0.931416 0.171788 0.920577 0.173212 0.919703
0 0.151464 0.722220 0.151334 0.730612 0.152630 0.731486 0.152630 0.739528 0.148096 0.739703 0.147319 0.737955 0.145246 0.737955 0.144858 0.735857 0.141749 0.735857 0.139935 0.732885 0.138510 0.732885 0.136308 0.729563 0.137604 0.729563 0.142655 0.722395 0.143821 0.722395 0.146282 0.719073 0.149132 0.718549 0.149391 0.721696
0 0.330259 0.608287 0.330635 0.619650 0.329210 0.620874 0.329339 0.624021 0.331930 0.623846 0.332319 0.622972 0.335946 0.622448 0.336088 0.621399 0.339573 0.620350 0.339702 0.619476 0.343070 0.618601 0.343070 0.614580 0.337383 0.606364 0.336334 0.606364 0.333873 0.603042 0.332060 0.603042 0.331930 0.607937
0 0.718096 0.976276 0.724702 0.985717 0.725492 0.985717 0.727163 0.987465 0.727163 0.986241 0.728731 0.985717 0.728847 0.983619 0.730285 0.982745 0.730142 0.973654 0.732228 0.972080 0.726140 0.971731 0.725751 0.972955 0.722759 0.973654 0.722111 0.975052
0 0.665596 0.774318 0.668964 0.774143 0.678549 0.786906 0.678808 0.789703 0.677124 0.789003 0.675959 0.791451 0.673368 0.791101 0.672332 0.793374 0.670648 0.793549 0.669741 0.795647 0.664689 0.795822 0.663135 0.797045 0.663264 0.792500 0.664301 0.791801 0.664819 0.780787 0.666114 0.779738
0 0.317552 0.571573 0.318070 0.573846 0.321049 0.578042 0.322863 0.578566 0.324288 0.579965 0.325078 0.579091 0.325725 0.578392 0.325842 0.573846 0.328433 0.572098 0.326490 0.570524 0.326101 0.566154 0.321956 0.566329 0.321567 0.567727 0.319106 0.568252 0.317681 0.569476
0 0.075130 0.397098 0.075259 0.406713 0.076166 0.407413 0.076943 0.415979 0.077720 0.416329 0.077720 0.422972 0.079145 0.423322 0.079016 0.429266 0.079793 0.429790 0.080570 0.434161 0.081347 0.435210 0.081865 0.438182 0.083808 0.439406 0.088472 0.433287 0.089508 0.433287 0.090026 0.431189 0.099093 0.418951 0.099870 0.419650 0.101813 0.417727 0.101813 0.415280 0.105052 0.411084 0.104922 0.410035 0.103627 0.408986 0.103627 0.408462 0.100130 0.407937 0.098964 0.405315 0.097539 0.405315 0.097150 0.403916 0.091192 0.403916 0.090026 0.403042 0.087565 0.402517 0.086399 0.400420 0.083679 0.400420 0.082124 0.398846 0.077202 0.398671 0.077073 0.396573
0 0.023446 0.375769 0.023446 0.379441 0.021762 0.379441 0.020466 0.382063 0.016839 0.387483 0.017358 0.388881 0.012953 0.394301 0.011399 0.398671 0.009845 0.401818 0.011788 0.403392 0.012435 0.404790 0.019948 0.404266 0.021114 0.406713 0.022021 0.405315 0.024223 0.405140 0.025130 0.407413 0.026295 0.406888 0.027202 0.405490 0.028627 0.407063 0.034326 0.407063 0.034326 0.406189 0.036010 0.404615 0.033549 0.403042 0.033679 0.397797 0.033031 0.396923 0.032772 0.393252 0.030959 0.393776 0.031218 0.388706 0.029534 0.388007 0.029793 0.385385 0.028756 0.384860 0.028368 0.379965 0.025777 0.376119 0.025777 0.376119
0 0.587137 0.353147 0.566801 0.380594 0.568355 0.380594 0.568355 0.382692 0.571852 0.382168 0.572370 0.383392 0.576127 0.383741 0.577422 0.386014 0.581438 0.386014 0.582085 0.387587 0.586490 0.386888 0.586878 0.389161 0.590894 0.388986 0.591282 0.391259 0.597111 0.391608 0.596852 0.387413 0.595557 0.386713 0.595427 0.378322 0.595039 0.377972 0.594521 0.373077 0.593096 0.372727 0.592707 0.364336 0.591541 0.363986 0.591541 0.359091 0.590764 0.358392 0.590505 0.352972
0 0.339443 0.496993 0.339702 0.511503 0.341386 0.512203 0.342293 0.518147 0.343329 0.520245 0.345920 0.521119 0.353433 0.510629 0.354987 0.511154 0.355505 0.507657 0.357189 0.506608 0.357189 0.504685 0.355764 0.502063 0.353044 0.502063 0.352267 0.499965 0.350453 0.499965 0.349676 0.498217 0.346049 0.498217 0.345402 0.496294
0 0.490648 0.201678 0.490648 0.216014 0.496347 0.216713 0.496347 0.215315 0.498938 0.214790 0.499585 0.212343 0.503472 0.212517 0.504637 0.210420 0.507228 0.209720 0.507876 0.208147 0.509430 0.207797 0.512927 0.203776 0.512798 0.201678 0.510984 0.201678 0.508653 0.197133 0.506710 0.197308 0.502435 0.190490 0.500363 0.191713 0.498679 0.188916 0.497254 0.188566 0.496218 0.187168 0.492720 0.186818 0.492461 0.192063 0.490777 0.192063 0.490648 0.196783 0.491943 0.198007 0.492461 0.199930
0 0.026788 0.115507 0.033523 0.149073 0.034560 0.149598 0.034560 0.152920 0.026269 0.153444 0.025751 0.151871 0.018886 0.152570 0.018238 0.150472 0.015777 0.150122 0.014870 0.148374 0.010466 0.147850 0.010078 0.146976 0.006192 0.146451 0.005933 0.145052 0.007746 0.144528 0.007617 0.138409 0.009560 0.138584 0.015000 0.131066 0.015130 0.127220 0.016943 0.127570 0.019534 0.124773 0.019534 0.122850 0.020181 0.122500 0.020440 0.120927 0.021995 0.121451 0.023161 0.117605 0.025751 0.116731
