0 0.761775 0.872500 0.761775 0.878077 0.763109 0.880052 0.761516 0.881836 0.763381 0.883462 0.763510 0.892797 0.764171 0.893164 0.764313 0.906626 0.770557 0.898549 0.772422 0.899091 0.776153 0.893164 0.778148 0.893164 0.781749 0.887587 0.783070 0.887413 0.783601 0.885070 0.780013 0.884720 0.779611 0.880944 0.775881 0.881311 0.775622 0.879510 0.772021 0.879143 0.771231 0.877535 0.769896 0.877710 0.768964 0.875559 0.767370 0.875734 0.766697 0.874301 0.763381 0.874476
0 0.490946 0.153654 0.490946 0.146661 0.492500 0.146136 0.493018 0.148584 0.494832 0.148584 0.497034 0.152080 0.498459 0.152080 0.505065 0.160472 0.490039 0.169738 0.489780 0.154528
0 0.822642 0.326171 0.839223 0.318304 0.839223 0.330367 0.838316 0.330542 0.837409 0.341031 0.828601 0.336836 0.828342 0.334038
0 0.149560 0.133514 0.166917 0.138409 0.172358 0.144353 0.155907 0.166381 0.153057 0.162710 0.149819 0.143304 0.149430 0.143304
0 0.383588 0.421224 0.381386 0.450944 0.398096 0.441678 0.400298 0.438706 0.394598 0.430315 0.393692 0.430140 0.387863 0.423671
0 0.458718 0.357937 0.443174 0.387308 0.445246 0.387483 0.445635 0.388531 0.460920 0.389755 0.461826 0.391154 0.470246 0.392028 0.469987 0.386783 0.461956 0.364755 0.461956 0.362832
0 0.196412 0.209545 0.209028 0.209545 0.211101 0.211888 0.209197 0.215140 0.209197 0.216538 0.206775 0.218636 0.207474 0.222133 0.206256 0.224003 0.205920 0.225647 0.205220 0.227045 0.202293 0.231941 0.195557 0.219580 0.193821 0.213986 0.193821 0.211189
0 0.007591 0.021154 0.007591 0.047727 0.009482 0.050070 0.007409 0.051923 0.008795 0.052867 0.009145 0.055420 0.010181 0.057063 0.011554 0.054021 0.012772 0.053794 0.029870 0.036766 0.029534 0.033514 0.010868 0.021626
0 0.027448 0.072920 0.049054 0.071748 0.049054 0.073374 0.042306 0.090175 0.042306 0.092500 0.041451 0.094371 0.041269 0.096469 0.036606 0.101364 0.032642 0.094371 0.030907 0.086678 0.026930 0.081783 0.024339 0.074073
0 0.143199 0.024650 0.132487 0.049126 0.134391 0.052168 0.141826 0.051469 0.143031 0.049598 0.144585 0.050297 0.145272 0.051696 0.156684 0.052168 0.156334 0.048199 0.145622 0.024423
0 0.059754 0.184371 0.040065 0.199755 0.040933 0.202797 0.060104 0.216311 0.062176 0.216084 0.061839 0.184143
0 0.151671 0.188339 0.149598 0.190892 0.146140 0.206521 0.144754 0.206521 0.145272 0.210717 0.154093 0.210944 0.154093 0.209545 0.161516 0.209545 0.161166 0.206049 0.159093 0.200227 0.157889 0.196486
0 0.133705 0.222378 0.147345 0.222133 0.147863 0.223549 0.158057 0.224003 0.146490 0.249196 0.146308 0.250350 0.142863 0.250594 0.142345 0.247098 0.140272 0.244528 0.140091 0.240559
0 0.227681 0.236136 0.223536 0.240787 0.223536 0.241486 0.220427 0.247552 0.220427 0.249423 0.216282 0.257115 0.215078 0.261783 0.218705 0.261783 0.219041 0.263409 0.238394 0.263881 0.235635 0.256416 0.235117 0.252220 0.230440 0.241958
0 0.280026 0.191364 0.278135 0.225175 0.279508 0.224948 0.299378 0.211643 0.297824 0.207448
0 0.299728 0.244755 0.302319 0.244528 0.302487 0.269476 0.300583 0.269003 0.299028 0.265052 0.296438 0.266206 0.292293 0.262010 0.290738 0.262010 0.287811 0.255717 0.289184 0.255245 0.293847 0.249196
0 0.341878 0.217937 0.359326 0.240559 0.365544 0.209318 0.366062 0.208147 0.365026 0.205594 0.363821 0.204650 0.342047 0.214213
0 0.138769 0.694283 0.137850 0.695507 0.135907 0.698129 0.136684 0.702867 0.133951 0.703741 0.134093 0.707605 0.132267 0.708129 0.132396 0.712168 0.129935 0.715664 0.129676 0.720227 0.147332 0.720752 0.147733 0.718129 0.151360 0.717955 0.148381 0.711818 0.148122 0.709703 0.146425 0.705507 0.144352 0.701818 0.143964 0.700070
0 0.159806 0.869091 0.166308 0.900647 0.169288 0.899773 0.182798 0.882238 0.182798 0.880140 0.183459 0.878549 0.183459 0.876626 0.180078 0.876276 0.179689 0.874353 0.175402 0.874003 0.174754 0.872238 0.170078 0.872413 0.170078 0.870664 0.165531 0.870140 0.165531 0.868392
0 0.204313 0.945892 0.200687 0.949738 0.200946 0.953059 0.198744 0.952535 0.197837 0.956556 0.195376 0.957605 0.195894 0.959528 0.196671 0.959528 0.197837 0.961101 0.203277 0.961276 0.203407 0.962500 0.209883 0.963899 0.209495 0.958304 0.208588 0.957430 0.208070 0.952885 0.207163 0.952535 0.206645 0.947290
0 0.234819 0.796713 0.252047 0.820175 0.252539 0.817745 0.256516 0.798042 0.257681 0.796923 0.257681 0.793129 0.258666 0.791119 0.258497 0.782395 0.256023 0.782850 0.254028 0.784423 0.252215 0.785105 0.250712 0.785752 0.244417 0.786871 0.243925 0.788654 0.239780 0.788654 0.239456 0.789790 0.236477 0.790245 0.235311 0.791556 0.232655 0.792675
0 0.278886 0.730979 0.278381 0.740612 0.279702 0.742150 0.279870 0.754668 0.281865 0.755350 0.281036 0.764056 0.283679 0.764283 0.284845 0.762517 0.286166 0.762080 0.291308 0.754895 0.292798 0.755559 0.296269 0.749983 0.298264 0.749755 0.301412 0.744615 0.300907 0.742815 0.283355 0.730979
0 0.145687 0.607115 0.137902 0.633269 0.137902 0.638182 0.144365 0.638182 0.145518 0.636416 0.153148 0.635752 0.153808 0.634161 0.164080 0.633497 0.160272 0.627675 0.158446 0.627448 0.157254 0.624650
0 0.173679 0.629720 0.177500 0.629703 0.177824 0.627902 0.188264 0.626556 0.189262 0.627675 0.190920 0.626329 0.193899 0.626329 0.194067 0.634161 0.187604 0.654056 0.185946 0.654056 0.177655 0.640892 0.176334 0.635752
0 0.318562 0.416678 0.322966 0.411958 0.322707 0.410035 0.333718 0.394825 0.335142 0.395524 0.336438 0.397273 0.336308 0.401119 0.337215 0.402692 0.337604 0.406364 0.339028 0.407238 0.338510 0.415804 0.339676 0.415629 0.340324 0.421224 0.341878 0.422622 0.341101 0.428566 0.335920 0.428042 0.335272 0.426119 0.331645 0.425420 0.331645 0.423671 0.325427 0.424196 0.324780 0.422622 0.318951 0.422448 0.318562 0.421748 0.317008 0.420350 0.319080 0.419301
0 0.360661 0.407587 0.384495 0.405839 0.374909 0.435210 0.372060 0.435385 0.360661 0.413007
0 0.491464 0.067990 0.485894 0.075332 0.486153 0.077255 0.483821 0.080227 0.483692 0.082150 0.480453 0.085822 0.480453 0.087920 0.479417 0.089843 0.479417 0.093164 0.494313 0.094388 0.495738 0.096836 0.501049 0.096136 0.500531 0.090542 0.494832 0.075857 0.494573 0.071486 0.492228 0.071678
0 0.546904 0.134948 0.547034 0.160472 0.545350 0.160122 0.546775 0.166066 0.549365 0.165892 0.567111 0.151206 0.565946 0.150507 0.551956 0.138794
0 0.577863 0.152080 0.603122 0.143689 0.596645 0.176731 0.594054 0.176556
0 0.546645 0.302360 0.546904 0.288724 0.548977 0.288199 0.552215 0.292395 0.553640 0.291696 0.555712 0.296066 0.557267 0.295192 0.562189 0.302885 0.564003 0.302535 0.564650 0.304808 0.548588 0.316696 0.545738 0.316171 0.544961 0.301661
0 0.561930 0.335577 0.565039 0.340822 0.566075 0.340647 0.568795 0.344493 0.570609 0.344493 0.575920 0.349738 0.577085 0.349738 0.577345 0.344493 0.578769 0.344493 0.578769 0.337325 0.577085 0.336801 0.578381 0.335227 0.579028 0.324913 0.577085 0.324738 0.575790 0.323164 0.575402 0.324388 0.573588 0.324738 0.571775 0.328234 0.568018 0.328759 0.567241 0.329983 0.565946 0.331031 0.565557 0.332430 0.564650 0.331556
0 0.579417 0.312500 0.581749 0.316521 0.583821 0.316521 0.587189 0.321941 0.588744 0.321941 0.592759 0.326661 0.596386 0.327535 0.597034 0.315122 0.598070 0.313374 0.597681 0.299213 0.595220 0.299563 0.594832 0.300087 0.592241 0.300612 0.591464 0.302185 0.586930 0.302535 0.585635 0.305332 0.582655 0.305682 0.579288 0.309178 0.577733 0.309703 0.577992 0.311626
0 0.636153 0.282255 0.636412 0.287500 0.641593 0.307955 0.642630 0.308129 0.652863 0.293969 0.652863 0.292395 0.654806 0.292220 0.656101 0.286976 0.654288 0.286801 0.653769 0.285402 0.649236 0.285227 0.648977 0.282955 0.641464 0.282780 0.641464 0.281206
0 0.611671 0.134703 0.624093 0.161014 0.633044 0.133129 0.613355 0.132430
0 0.716593 0.176136 0.712966 0.213899 0.736541 0.202010 0.738355 0.197990 0.732137 0.190647 0.731360 0.190647 0.727733 0.185577 0.724883 0.185577 0.725142 0.181906 0.723199 0.181381 0.719702 0.176311
0 0.737448 0.029633 0.750402 0.046766 0.752992 0.047290 0.755065 0.045192 0.754676 0.039423 0.755842 0.038899 0.756101 0.019318 0.753899 0.018969 0.752733 0.020542 0.748718 0.021241 0.748329 0.022990 0.747034 0.022990 0.746645 0.023864 0.743666 0.024388 0.743666 0.025612 0.741982 0.026136 0.741464 0.027710
0 0.881425 0.069388 0.879482 0.072010 0.875855 0.070262 0.886995 0.055577 0.888420 0.055752 0.888808 0.053129 0.891399 0.049458 0.894378 0.048934 0.894896 0.050507 0.895816 0.050857 0.895816 0.060997 0.897617 0.062745 0.897358 0.071486 0.898523 0.072360 0.896062 0.078129 0.894637 0.078654 0.891658 0.074108 0.887396 0.074633 0.887396 0.073759 0.882073 0.073059
0 0.860337 0.136661 0.868627 0.169703 0.869793 0.167605 0.870181 0.168829 0.886244 0.150472 0.886114 0.147150 0.888964 0.145577 0.885596 0.141556 0.881451 0.141381 0.880415 0.139283 0.875104 0.139458 0.873938 0.137535 0.868109 0.137360 0.867617 0.135839
0 0.883782 0.230192 0.894016 0.245052 0.895959 0.242430 0.896477 0.234213 0.897124 0.233689 0.897254 0.224073
0 0.842591 0.279843 0.865518 0.285087 0.865259 0.287885 0.853601 0.307290 0.849197 0.307640 0.848679 0.301871 0.846347 0.298549 0.845829 0.292955 0.845052 0.293129 0.845052 0.286836 0.843109 0.287010
0 0.767979 0.350297 0.786244 0.329318 0.788316 0.330717 0.788575 0.338934 0.789352 0.339633 0.789870 0.363409 0.785725 0.362535 0.784430 0.360262 0.782358 0.360087 0.780544 0.358339 0.777176 0.357990 0.776788 0.356591 0.775492 0.356766 0.774585 0.355892 0.773290 0.354493 0.772902 0.352745 0.769922 0.352570
0 0.690907 0.303794 0.690000 0.319353 0.691295 0.319528 0.691425 0.331766 0.693238 0.331766 0.692979 0.339108 0.706192 0.327045 0.707902 0.326399 0.715259 0.317080
0 0.652694 0.332990 0.676010 0.326871 0.676010 0.331416 0.674585 0.332290 0.674456 0.340157 0.673679 0.340507 0.673290 0.345052 0.672772 0.345752 0.672383 0.348374 0.671347 0.349073 0.671218 0.355892 0.669922 0.356416 0.669793 0.359738 0.667720 0.359913 0.665518 0.356941 0.663575 0.356416 0.662021 0.353444 0.662021 0.351696 0.660207 0.349773 0.658912 0.349073 0.656710 0.346451 0.656710 0.344528 0.651140 0.338409 0.651399 0.334563
0 0.563329 0.416486 0.563459 0.423829 0.562293 0.423479 0.562422 0.428024 0.564106 0.429248 0.562422 0.430297 0.562681 0.444108 0.578096 0.433969 0.580687 0.433094 0.580687 0.430997 0.576153 0.424878 0.573951 0.425227 0.573821 0.423129 0.572267 0.422955 0.569547 0.419458 0.568122 0.419808
0 0.595065 0.432395 0.584702 0.458969 0.605946 0.459843 0.605687 0.453374 0.598044 0.433969
0 0.483407 0.417885 0.483407 0.423829 0.484573 0.425402 0.483277 0.426626 0.484184 0.443934 0.495972 0.433094 0.499987 0.428724
0 0.234482 0.442325 0.257409 0.441801 0.259223 0.444773 0.258187 0.446521 0.257927 0.448794 0.256632 0.448794 0.256114 0.451941 0.254430 0.453339 0.255078 0.455612 0.254171 0.455612 0.253912 0.459108 0.253005 0.459283 0.252617 0.464178 0.248212 0.468724 0.248860 0.471171 0.246658 0.473794 0.245104 0.473794 0.242772 0.469248 0.239275 0.459458 0.236166 0.455962 0.235648 0.452990 0.234352 0.451766 0.234093 0.448094 0.232150 0.444948
0 0.213756 0.484808 0.237591 0.475367 0.239275 0.478339 0.239275 0.479913 0.238627 0.481136 0.238627 0.486206 0.237461 0.486906 0.236684 0.494073 0.236425 0.494073 0.235648 0.503164 0.234741 0.503514 0.234741 0.505787 0.233705 0.506136 0.233057 0.509808 0.232150 0.510157 0.225674 0.502815 0.225285 0.500017 0.223601 0.500017 0.216088 0.490052 0.216088 0.487780
0 0.126205 0.421731 0.121671 0.426643 0.119339 0.426469 0.119598 0.429965 0.116995 0.430490 0.123873 0.436608 0.124650 0.438374 0.129197 0.438724 0.129197 0.435734 0.127759 0.435035 0.128018 0.424545
0 0.351567 0.847080 0.367500 0.863304 0.369456 0.863304 0.370207 0.845052 0.371710 0.844038 0.371412 0.835315 0.366153 0.835315
0 0.440661 0.751538 0.440402 0.760455 0.439236 0.760629 0.439495 0.784580 0.441697 0.784930 0.457889 0.772168 0.458795 0.772692 0.462422 0.767098 0.460479 0.766923
0 0.449832 0.671101 0.447850 0.673969 0.444391 0.693829 0.445065 0.697063 0.448640 0.696696 0.449832 0.695629 0.456205 0.695262 0.457396 0.694021 0.460583 0.693829 0.461503 0.690787 0.458990 0.686503 0.458459 0.682745 0.456464 0.682552 0.454611 0.679336 0.454611 0.676643
0 0.728199 0.823741 0.734158 0.823392 0.734676 0.822168 0.741930 0.821993 0.742448 0.819720 0.749702 0.819895 0.749702 0.823217 0.742448 0.846469 0.740505 0.847692 0.734547 0.840000 0.733769 0.837203 0.732085 0.835804 0.732085 0.832657 0.728199 0.827937
0 0.511788 0.531469 0.515026 0.531469 0.516451 0.534091 0.516451 0.537587 0.517487 0.538112 0.517617 0.542832 0.519041 0.544231 0.519041 0.546329 0.520337 0.546853 0.520078 0.552098 0.521244 0.554720 0.521503 0.555944 0.522927 0.556294 0.522668 0.562937 0.513472 0.562762 0.512435 0.561189 0.506865 0.561014 0.506347 0.559615 0.498187 0.559091 0.498834 0.555070 0.499741 0.554021 0.499352 0.552098 0.504922 0.545280 0.505181 0.542483 0.506995 0.542133
0 0.646477 0.513741 0.646477 0.524755 0.644793 0.524580 0.645181 0.546783 0.647241 0.547133 0.667202 0.533846 0.668109 0.532622 0.664728 0.527902 0.663964 0.527902 0.661101 0.524755 0.659158 0.523531 0.657098 0.520909 0.656308 0.521259 0.651775 0.516014 0.650363 0.515839 0.649974 0.514441
0 0.688044 0.496259 0.675997 0.523531 0.677034 0.527203 0.683122 0.527727 0.684041 0.525804 0.701788 0.526154 0.702034 0.523706 0.690777 0.499580 0.690130 0.496434
0 0.742332 0.546958 0.742448 0.549755 0.740117 0.550455 0.738562 0.555000 0.735855 0.555874 0.735712 0.558147 0.730402 0.565140 0.730402 0.567937 0.727047 0.572308 0.727047 0.576329 0.730402 0.575804 0.731580 0.577727 0.734171 0.577902 0.735466 0.579650 0.744922 0.579825 0.746477 0.582273 0.749961 0.582273 0.752047 0.579650 0.745298 0.550455 0.744391 0.547657
0 0.788044 0.512168 0.790117 0.512168 0.789728 0.514965 0.790764 0.515140 0.791166 0.519685 0.792461 0.520210 0.792319 0.526678 0.793614 0.527727 0.793614 0.534021 0.795052 0.534371 0.794793 0.545734 0.793497 0.543287 0.792578 0.545734 0.791282 0.545210 0.789987 0.543636 0.788044 0.543462 0.787668 0.541538 0.784288 0.541014 0.783251 0.538916 0.778459 0.539615 0.778070 0.538217 0.773277 0.538217 0.772889 0.536993 0.770181 0.535594 0.773420 0.532448 0.773148 0.531224 0.781839 0.518811 0.783394 0.518986 0.783394 0.516014 0.786269 0.513811
0 0.476956 0.886486 0.473459 0.900647 0.473070 0.905192 0.477345 0.904843 0.477733 0.903969 0.483821 0.903619 0.484598 0.902220 0.487448 0.901871 0.487060 0.899248 0.483821 0.896626 0.484080 0.894703 0.482396 0.893129 0.481490 0.889983
0 0.480972 0.965157 0.474754 0.984913 0.485117 0.986311 0.485117 0.983689 0.490687 0.983514 0.490687 0.982465 0.486282 0.976346 0.486671 0.974948
0 0.498834 0.809755 0.507124 0.840874 0.507642 0.841224 0.517617 0.827762 0.517617 0.825839 0.521762 0.821119 0.521632 0.818671 0.523446 0.817273 0.522927 0.815350 0.520855 0.815175 0.519819 0.813252 0.515803 0.813601 0.515415 0.811503 0.508031 0.810280 0.507254 0.809056
0 0.673407 0.948217 0.675091 0.946469 0.676516 0.946469 0.682474 0.942622 0.688562 0.942448 0.687785 0.943671 0.687785 0.952238 0.686749 0.952413 0.686490 0.960804 0.686101 0.960979 0.685712 0.962552 0.683251 0.962727 0.681697 0.961329 0.680402 0.960979 0.679365 0.958706 0.678718 0.956608 0.677811 0.956084 0.677422 0.955210 0.676127 0.954685 0.675997 0.951189 0.673795 0.951014
0 0.715635 0.858531 0.712785 0.863601 0.710194 0.863776 0.710583 0.865524 0.707992 0.867622 0.702034 0.876189 0.700220 0.875664 0.699832 0.879336 0.697370 0.879510 0.697111 0.881608 0.698018 0.883007 0.698407 0.884580 0.702034 0.884406 0.702163 0.886329 0.705272 0.886154 0.705790 0.887902 0.708510 0.887552 0.709288 0.889301 0.713692 0.889476 0.714858 0.891573 0.717966 0.891399 0.719132 0.893322 0.722500 0.893497 0.721982 0.892622 0.721205 0.878462 0.720039 0.875664 0.719780 0.872343 0.718744 0.871993 0.718484 0.865874 0.717578 0.865699 0.717448 0.860804
0 0.767578 0.795420 0.768744 0.793846 0.770427 0.793846 0.770816 0.792273 0.775738 0.792622 0.775609 0.791224 0.788433 0.790699 0.789598 0.788776 0.794003 0.788776 0.793614 0.792972 0.793225 0.792972 0.792319 0.796469 0.791153 0.796294 0.790764 0.802413 0.789987 0.802238 0.789728 0.807308 0.788821 0.808531 0.788821 0.810105 0.788044 0.810280 0.786878 0.814476 0.785324 0.816573 0.784288 0.819371 0.783640 0.819196 0.782733 0.817972 0.782604 0.814126 0.778588 0.810455 0.778847 0.808182 0.772889 0.800839
0 0.841775 0.958549 0.840415 0.956643 0.829922 0.965017 0.828588 0.964825 0.828199 0.966801 0.830453 0.970227 0.830984 0.969860 0.832319 0.970752 0.833381 0.970944 0.836839 0.975437 0.837642 0.975437 0.838303 0.977220 0.841839 0.977273
0 0.909598 0.939983 0.913225 0.937360 0.915168 0.935962 0.919054 0.935612 0.929158 0.928094 0.932915 0.928269 0.933562 0.926696 0.934080 0.927920 0.934858 0.928269 0.935117 0.936836 0.933692 0.938059 0.934598 0.938934 0.935117 0.941731 0.934469 0.941906 0.933562 0.950997 0.932785 0.951521 0.932137 0.961311 0.929806 0.964808 0.928510 0.963409 0.926049 0.963234 0.926049 0.959038 0.923588 0.959038 0.916593 0.949598 0.915168 0.949073 0.909339 0.942255
0 0.935635 0.846871 0.956231 0.853164 0.959728 0.852815 0.959728 0.857535 0.949624 0.870297 0.950013 0.873094 0.945091 0.879388 0.943795 0.879213 0.942111 0.880962 0.941075 0.878339 0.940168 0.876591 0.940039 0.872395 0.939132 0.871521 0.939262 0.866976 0.937966 0.865227 0.937578 0.857710 0.935894 0.857710 0.936930 0.852465
0 0.958174 0.766276 0.957655 0.772045 0.959080 0.772745 0.958821 0.774493 0.957915 0.774493 0.957655 0.791451 0.956101 0.793024 0.956231 0.794598 0.957267 0.795472 0.956101 0.797045 0.956360 0.800367 0.959598 0.799668 0.962578 0.797395 0.966334 0.797045 0.966852 0.795297 0.968795 0.793549 0.969702 0.791451 0.975661 0.791101 0.976956 0.787605 0.980570 0.783566
0 0.887694 0.674878 0.883420 0.686766 0.892228 0.686573
0 0.831865 0.661416 0.831865 0.680122 0.839896 0.674336 0.843264 0.670839 0.842746 0.667692 0.841192 0.668409 0.840285 0.665420 0.838860 0.666294 0.837694 0.663671 0.837047 0.663846 0.836528 0.662640 0.835363 0.662972
0 0.774870 0.676783 0.781865 0.704930 0.797927 0.684143 0.795984 0.681521 0.794560 0.681871 0.793912 0.679773 0.790026 0.680280 0.788731 0.678374 0.785104 0.678182 0.784456 0.676276 0.781477 0.675752 0.780181 0.674336 0.776166 0.674528
0 0.829793 0.697762 0.813990 0.720857 0.813212 0.723287 0.812435 0.724510 0.812435 0.726259 0.814119 0.726259 0.815803 0.728357 0.822150 0.728531 0.823834 0.731154 0.828238 0.731154 0.829145 0.732570 0.836528 0.732378 0.836269 0.725227 0.835492 0.722605 0.835233 0.719108 0.833938 0.718741 0.833938 0.714545 0.832642 0.714545 0.832772 0.707902 0.831606 0.707902 0.831218 0.702133
0 0.645687 0.755350 0.645168 0.756224 0.643355 0.756573 0.640894 0.760245 0.639469 0.760420 0.634158 0.768462 0.635194 0.769860 0.636619 0.770385 0.638692 0.774056 0.640894 0.774056 0.642319 0.776154 0.644521 0.776503 0.644909 0.777902 0.647241 0.778077 0.648795 0.776678 0.650479 0.775804 0.649702 0.769685 0.649054 0.769161 0.649961 0.767238 0.649573 0.765140 0.648277 0.764266 0.648407 0.757622 0.647889 0.756748 0.647500 0.754825
0 0.552435 0.673986 0.548808 0.696416 0.548057 0.696416 0.548057 0.708252 0.550622 0.708462 0.570881 0.697448 0.573148 0.695804 0.574054 0.694580 0.571788 0.691941 0.569974 0.692133 0.566956 0.687448 0.565155 0.686713 0.558640 0.678671
0 0.970997 0.201119 0.970738 0.197622 0.972293 0.195350 0.973977 0.196748 0.976438 0.195874 0.975920 0.201469 0.977345 0.202692 0.977474 0.207063 0.979028 0.208287 0.979417 0.214056 0.980842 0.215804 0.980065 0.223322 0.981749 0.225070 0.980972 0.229091 0.979676 0.230315 0.978769 0.229790 0.977474 0.229091 0.976438 0.228741 0.974883 0.227168 0.972422 0.226469 0.970997 0.224895 0.966075 0.225245 0.965427 0.224196 0.964262 0.225594 0.957655 0.226119 0.958044 0.217552 0.958562 0.216154 0.958562 0.213881 0.968277 0.200245
0 0.874080 0.409423 0.889378 0.409248 0.889896 0.410122 0.900907 0.410647 0.901554 0.412395 0.904275 0.413094 0.897539 0.424633 0.897396 0.427605 0.894948 0.430052 0.894948 0.432850 0.892863 0.436171 0.892358 0.436696 0.891839 0.436871 0.891192 0.439143 0.887435 0.443689 0.886658 0.443514 0.877966 0.418864 0.877591 0.415367
0 0.973821 0.398759 0.974352 0.406101 0.972798 0.406801 0.972798 0.410822 0.971373 0.412395 0.971114 0.416766 0.970207 0.417815 0.969689 0.424633 0.969041 0.424808 0.968782 0.433024 0.966192 0.436871 0.971503 0.436171 0.995078 0.426556 0.998187 0.426556 0.998433 0.422360 0.996244 0.419738 0.995466 0.419913 0.994547 0.416766 0.991580 0.415367 0.991710 0.413269 0.980181 0.396136 0.978497 0.396661 0.977202 0.394563
0 0.945376 0.583252 0.967124 0.574510 0.967008 0.582028 0.966218 0.582028 0.965453 0.591836 0.964922 0.592710 0.965065 0.595857 0.963627 0.595664 0.963627 0.601976 0.961684 0.604598 0.958705 0.604755 0.958329 0.601451 0.953005 0.594458
0 0.794443 0.461556 0.802604 0.461381 0.803769 0.459808 0.811801 0.459983 0.812448 0.458759 0.817889 0.458759 0.818277 0.461206 0.812837 0.478339 0.812319 0.478689 0.812060 0.483584 0.811153 0.483584 0.811023 0.486906 0.807137 0.491451 0.801308 0.483584 0.800661 0.479388 0.799495 0.478164 0.799495 0.475717 0.796775 0.474668 0.796516 0.471871 0.792889 0.467675 0.792241 0.464528
0 0.577785 0.250577 0.563148 0.274336 0.556023 0.251451 0.554987 0.251608 0.554210 0.243934 0.568070 0.242710 0.568199 0.244091 0.577137 0.244458
0 0.241036 0.151416 0.244922 0.156836 0.247383 0.156311 0.248808 0.160157 0.250622 0.160507 0.252176 0.156311 0.253731 0.155612 0.253212 0.143199 0.247513 0.143024 0.247513 0.144598 0.243756 0.145122 0.243238 0.146871 0.241425 0.146871
0 0.001218 0.301783 0.000946 0.319773 0.002060 0.321276 0.002060 0.323147 0.004145 0.322587 0.004974 0.321276 0.006503 0.321084 0.009003 0.318094 0.011645 0.317517 0.011503 0.313584 0.013031 0.314336 0.015531 0.311906 0.015246 0.308531 0.013860 0.305909 0.010803 0.306084 0.009003 0.302150
0 0.730855 0.417063 0.741736 0.437168 0.743549 0.436643 0.743808 0.435420 0.744974 0.433846 0.744845 0.429476 0.745751 0.429476 0.746010 0.425455 0.749767 0.419161 0.749508 0.412692 0.751062 0.411469 0.748731 0.410944 0.747435 0.411643 0.746010 0.411119 0.742513 0.410944 0.742513 0.412517 0.736166 0.412168 0.735907 0.414091 0.732021 0.413916
0 0.508549 0.394755 0.522150 0.375629 0.523057 0.390490 0.524352 0.391014 0.524093 0.399406 0.520984 0.400280 0.520466 0.397832 0.513601 0.398182 0.512047 0.396608
0 0.274585 0.513986 0.274585 0.529563 0.273290 0.529913 0.274067 0.549860 0.293523 0.532535 0.295855 0.532885 0.284184 0.521503
0 0.382720 0.480402 0.377280 0.493689 0.388031 0.494213 0.386218 0.487220 0.386088 0.485822
0 0.381464 0.557955 0.375764 0.565297 0.376023 0.566696 0.372785 0.570717 0.373303 0.573339 0.371101 0.575087 0.370194 0.583304 0.381205 0.583304 0.381593 0.584528 0.390920 0.585227 0.390661 0.578934 0.390013 0.578759 0.390013 0.574038 0.387034 0.570892 0.387163 0.568444 0.386127 0.568269 0.385997 0.563024 0.384573 0.562850 0.384702 0.559703
0 0.887280 0.524423 0.887021 0.563584 0.909430 0.547325 0.912021 0.546801 0.909301 0.542255 0.907876 0.542605 0.905544 0.538934 0.903472 0.539283 0.901658 0.535787 0.900104 0.535787
0 0.512202 0.704580 0.520389 0.704406 0.520389 0.705647 0.523251 0.705822 0.523497 0.708444 0.521813 0.708969 0.521813 0.712657 0.519611 0.713182 0.519339 0.715472 0.517513 0.718444 0.516101 0.717920 0.515583 0.717045 0.514534 0.715822 0.514663 0.712133 0.512850 0.711259 0.512979 0.706521
0 0.045453 0.745997 0.044806 0.753514 0.046231 0.753164 0.046619 0.764178 0.047267 0.764703 0.047267 0.768899 0.054650 0.769598 0.058795 0.763479 0.060350 0.764178 0.063718 0.759108 0.063459 0.756661 0.065661 0.756661 0.065661 0.753864 0.068640 0.753514 0.070065 0.751241 0.066567 0.745822 0.064883 0.745997 0.063459 0.744248 0.060350 0.744248 0.058148 0.741276 0.055039 0.741276 0.054262 0.740052 0.051282 0.739878 0.051153 0.741101 0.045712 0.741101 0.043122 0.744248 0.043769 0.746871
