0 0.216386 0.661416 0.216127 0.678199 0.217163 0.678549 0.217552 0.689388 0.219883 0.692360 0.224158 0.686941 0.225065 0.687640 0.232319 0.679423 0.234650 0.680647 0.234650 0.676101 0.236464 0.674878 0.238277 0.675052 0.238018 0.670507 0.234650 0.670157 0.233355 0.666486 0.231930 0.666486 0.230376 0.664913 0.227526 0.664213 0.227396 0.662990 0.224547 0.662815 0.224028 0.660192 0.221438 0.661066 0.219883 0.658969 0.215091 0.658444
0 0.343264 0.582797 0.343135 0.590839 0.344301 0.591014 0.344819 0.592762 0.348834 0.587168 0.350389 0.587168 0.356088 0.579650 0.356347 0.577203 0.351684 0.573182 0.349352 0.572832 0.348575 0.571608 0.342098 0.571783 0.341839 0.580524
0 0.040324 0.090734 0.045505 0.097378 0.045376 0.100350 0.052630 0.109615 0.053148 0.108392 0.055220 0.105594 0.055479 0.102972 0.057163 0.100350 0.056904 0.096503 0.057811 0.096329 0.057811 0.091434 0.059624 0.090909 0.059624 0.085664 0.057811 0.081643 0.052630 0.081993 0.052241 0.083392 0.046412 0.084091 0.045764 0.085664 0.044339 0.085490 0.043433 0.086538 0.040453 0.087587
0 0.046412 0.104720 0.043044 0.108392 0.043044 0.110490 0.038899 0.122552 0.038381 0.122552 0.037474 0.126923 0.036697 0.128497 0.037863 0.128846 0.038899 0.130070 0.050298 0.130420 0.050298 0.128846 0.054573 0.128671 0.054702 0.124301 0.053536 0.123252 0.053407 0.119231 0.052111 0.118531 0.051723 0.115035 0.049003 0.111713 0.049003 0.108916 0.048096 0.108042
0 0.085790 0.023077 0.085790 0.026049 0.083718 0.027797 0.083718 0.030594 0.082422 0.031119 0.081904 0.037587 0.080609 0.038636 0.080609 0.043182 0.079054 0.044056 0.079054 0.050699 0.083588 0.050699 0.084236 0.049126 0.085790 0.050874 0.086956 0.048776 0.088510 0.048776 0.089676 0.046853 0.094858 0.046853 0.098225 0.042832 0.097707 0.041958 0.097319 0.039336 0.096023 0.038462 0.096023 0.036364 0.089288 0.027797 0.089417 0.025000 0.087604 0.025175
0 0.127111 0.042308 0.128277 0.041259 0.130868 0.044406 0.130479 0.064860 0.128795 0.064685 0.128407 0.063287 0.125816 0.063287 0.125557 0.061888 0.123614 0.061189 0.121671 0.057692 0.118951 0.057517 0.118044 0.055944 0.116878 0.055769 0.116878 0.052972 0.119080 0.052448 0.119339 0.049650 0.120894 0.049126 0.123225 0.046154 0.125168 0.045804
0 0.117746 0.093059 0.121373 0.092185 0.121762 0.091136 0.123446 0.091136 0.125130 0.092360 0.125777 0.090787 0.130181 0.090437 0.131347 0.092710 0.131995 0.090437 0.134067 0.090612 0.134326 0.092010 0.139767 0.092360 0.139637 0.096906 0.138990 0.098129 0.138731 0.101276 0.137953 0.101976 0.137565 0.103724 0.134715 0.106346 0.135492 0.110192 0.133420 0.110367 0.133938 0.112640 0.131218 0.115612 0.131347 0.118234 0.128886 0.118934 0.127591 0.121031 0.127591 0.118234 0.125000 0.115262 0.125259 0.112640 0.122021 0.109318 0.122150 0.105297 0.120596 0.104598 0.120984 0.102675 0.118135 0.098829 0.119560 0.096906
0 0.179922 0.039388 0.180052 0.062640 0.178627 0.064913 0.178109 0.063164 0.174223 0.062990 0.173964 0.061416 0.171373 0.061416 0.171373 0.060192 0.169301 0.059668 0.166969 0.055647 0.165285 0.055647 0.164637 0.054423 0.162565 0.054073 0.161010 0.051276 0.164896 0.045157 0.166192 0.045157 0.168653 0.043409 0.168394 0.040437 0.171891 0.040262 0.172668 0.038864 0.174482 0.038164 0.174741 0.037290 0.178109 0.036766
0 0.039961 0.149108 0.040479 0.158374 0.041904 0.159773 0.040220 0.161346 0.041516 0.164143 0.044883 0.164318 0.045790 0.162395 0.046956 0.162220 0.053303 0.153829 0.055000 0.153829 0.058096 0.149283 0.056671 0.147010 0.055648 0.147010 0.054080 0.145087 0.051619 0.144913 0.046697 0.140017 0.040751 0.139843 0.038407 0.141591 0.038808 0.148584
0 0.045661 0.204528 0.062124 0.213444 0.062124 0.215192 0.058238 0.221661 0.056412 0.221836 0.048381 0.232675 0.047733 0.230577 0.046580 0.233199 0.044365 0.231976 0.043990 0.224458 0.042940 0.223584 0.042811 0.204878 0.044236 0.202955
0 0.031282 0.313094 0.035298 0.312570 0.037241 0.309423 0.037513 0.311346 0.039054 0.309248 0.039961 0.311171 0.041399 0.309423 0.044754 0.309598 0.044883 0.308024 0.050466 0.307500 0.050466 0.310122 0.049288 0.310472 0.048899 0.319738 0.047733 0.319913 0.049028 0.321486 0.048122 0.322710 0.048251 0.326031 0.047085 0.326381 0.046826 0.331801 0.045661 0.331801 0.045661 0.336871 0.041904 0.336871 0.041516 0.334073 0.040479 0.333899 0.040220 0.332850 0.038407 0.332850 0.038018 0.328129 0.035427 0.328304 0.035168 0.325857 0.032448 0.324983 0.032332 0.322360 0.028446 0.316941
0 0.014197 0.278129 0.013925 0.295437 0.015220 0.295962 0.015492 0.302255 0.018977 0.307325 0.023640 0.300682 0.024935 0.300507 0.032448 0.291066 0.031930 0.288794 0.033627 0.287570 0.031930 0.287045 0.029339 0.283024 0.027008 0.283899 0.026231 0.282150 0.023381 0.281276 0.023510 0.280227 0.020026 0.280052 0.019378 0.277605 0.018083 0.277605 0.017940 0.279178 0.015997 0.279353
0 0.062241 0.236171 0.060557 0.234948 0.059003 0.232500 0.058744 0.234073 0.056541 0.234073 0.046697 0.247185 0.046956 0.249108 0.042552 0.254178 0.042552 0.258024 0.044236 0.258549 0.045142 0.260297 0.048251 0.260472 0.049171 0.262045 0.052526 0.262045 0.052785 0.264143 0.059650 0.263794 0.060181 0.265717 0.062124 0.265367 0.062889 0.267290 0.063148 0.265542 0.065738 0.264668 0.066127 0.262920 0.065363 0.262045 0.064715 0.252605 0.063795 0.251206 0.063420 0.245087 0.062124 0.244388
0 0.077396 0.262395 0.078174 0.260647 0.079728 0.259948 0.079728 0.262570 0.081671 0.264143 0.080376 0.266766 0.081023 0.266941 0.081412 0.274108 0.082966 0.274283 0.082966 0.292115 0.079611 0.291766 0.079339 0.290192 0.075453 0.290367 0.075453 0.289143 0.073381 0.288794 0.072487 0.287220 0.070272 0.286871 0.070142 0.285472 0.067811 0.284598 0.067552 0.283374 0.063536 0.283024 0.063420 0.280402 0.062370 0.279178 0.062241 0.275507 0.064067 0.276731 0.070272 0.267465 0.071839 0.267465 0.075842 0.261871
0 0.162733 0.395962 0.162992 0.392465 0.161567 0.389493 0.158329 0.393514 0.158847 0.395262 0.155738 0.398584 0.156127 0.401556 0.153666 0.401556 0.153148 0.405227 0.150427 0.405752 0.150298 0.408724 0.148096 0.411346 0.148355 0.413094 0.153148 0.418339 0.154054 0.420787 0.167655 0.421486 0.168951 0.423234 0.169987 0.421661 0.171412 0.421486 0.171671 0.418514 0.170246 0.418164 0.169858 0.412395 0.168821 0.411696 0.168303 0.409773 0.167526 0.409073 0.167396 0.404703 0.166101 0.403129 0.166231 0.401206 0.164806 0.400507 0.164806 0.396836
0 0.000000 0.393217 0.000376 0.395962 0.001295 0.396661 0.001295 0.401381 0.002202 0.402605 0.002591 0.406451 0.003368 0.407150 0.003614 0.409598 0.005052 0.410647 0.004909 0.415017 0.006347 0.415542 0.006995 0.422010 0.008795 0.421836 0.009585 0.423759 0.010091 0.419563 0.012435 0.418689 0.012953 0.416416 0.016839 0.411521 0.016839 0.408724 0.020596 0.404878 0.020984 0.401731 0.022798 0.400332 0.022668 0.395962 0.021632 0.397010 0.021244 0.395087 0.018782 0.395437 0.018005 0.392990 0.016451 0.393339 0.015155 0.391766 0.005699 0.391241 0.005311 0.390017 0.000000 0.390350
0 0.021503 0.433549 0.029521 0.443689 0.030052 0.443164 0.032759 0.446661 0.034197 0.446486 0.035492 0.449283 0.035881 0.447710 0.036917 0.447710 0.037435 0.440892 0.038588 0.439843 0.038472 0.424808 0.039883 0.424283 0.040155 0.416241 0.038212 0.416066 0.037694 0.417815 0.033679 0.418339 0.033549 0.419213 0.029404 0.419563 0.028368 0.421486 0.024223 0.421661 0.023834 0.424108 0.020453 0.424983 0.017746 0.427955 0.018912 0.431801
0 0.079391 0.445437 0.077591 0.447710 0.076684 0.447360 0.073834 0.451031 0.072021 0.450682 0.071373 0.453654 0.068381 0.458374 0.066580 0.458199 0.066321 0.460647 0.062306 0.465717 0.063990 0.466066 0.064637 0.467990 0.067617 0.468339 0.068135 0.469913 0.070466 0.469738 0.071244 0.471136 0.074741 0.471136 0.075130 0.473234 0.079145 0.473059 0.079922 0.474283 0.081606 0.474458 0.084845 0.474808 0.085220 0.473409 0.084573 0.472360 0.084326 0.464318 0.082902 0.463619 0.082902 0.454878 0.080959 0.454178 0.081218 0.448234
0 0.105699 0.466416 0.106347 0.469738 0.108161 0.469388 0.109067 0.471486 0.110479 0.471486 0.111127 0.473759 0.114119 0.473759 0.114508 0.474633 0.115933 0.474808 0.116839 0.476556 0.119547 0.476381 0.119547 0.478129 0.120984 0.477430 0.122021 0.480577 0.124870 0.480227 0.125376 0.451556 0.124611 0.451381 0.124223 0.449633 0.125518 0.448584 0.124611 0.447010 0.124223 0.446311 0.122409 0.446136 0.120725 0.449458 0.119547 0.448584 0.117358 0.451031 0.115661 0.451381 0.113601 0.454528 0.112694 0.454003 0.111010 0.456976 0.110233 0.455052 0.105570 0.460997 0.104534 0.460997 0.103756 0.465717
0 0.032111 0.534948 0.030699 0.534423 0.021244 0.547710 0.020855 0.552080 0.022021 0.552430 0.022396 0.553829 0.025130 0.553479 0.025518 0.554878 0.028756 0.555577 0.029793 0.557850 0.037047 0.556801 0.037176 0.558899 0.041969 0.558899 0.042746 0.560297 0.045337 0.560647 0.045337 0.552080 0.044301 0.552430 0.044301 0.544563 0.043653 0.544038 0.042617 0.540017 0.041710 0.540017 0.041321 0.533199 0.040803 0.533199 0.040026 0.526031 0.037435 0.526031 0.037047 0.528304 0.034585 0.528654 0.032759 0.531276
0 0.051166 0.557150 0.053484 0.555402 0.054132 0.554178 0.056218 0.554178 0.056865 0.552605 0.060881 0.551906 0.061140 0.551381 0.063990 0.551031 0.065285 0.549283 0.066710 0.551206 0.066710 0.553829 0.067876 0.554353 0.067733 0.555577 0.067228 0.557675 0.067487 0.566241 0.066321 0.566241 0.065674 0.571136 0.065674 0.571311 0.064896 0.574633 0.063601 0.573059 0.061528 0.572885 0.058549 0.568164 0.055959 0.567990 0.055570 0.564668 0.053238 0.561521 0.050894 0.560822
0 0.169404 0.715734 0.170181 0.716434 0.170699 0.719056 0.171606 0.719231 0.172383 0.723776 0.174974 0.726923 0.174845 0.729720 0.176788 0.732010 0.177435 0.734441 0.180415 0.739003 0.182617 0.737063 0.183135 0.734441 0.185078 0.732168 0.185078 0.727640 0.186114 0.726224 0.186373 0.723776 0.187668 0.723776 0.187668 0.720647 0.189093 0.720455 0.188834 0.713112 0.172772 0.713287 0.172772 0.714161
0 0.274767 0.300787 0.274896 0.303234 0.273860 0.304633 0.273731 0.306206 0.272306 0.307605 0.272306 0.310752 0.270881 0.311276 0.271269 0.314073 0.269585 0.315122 0.269845 0.317920 0.279819 0.317570 0.280337 0.316171 0.281244 0.318094 0.283316 0.315472 0.282668 0.314948 0.282539 0.312150 0.281891 0.311626 0.281762 0.309178 0.280207 0.307605 0.279819 0.305507 0.276580 0.300262
0 0.260648 0.356731 0.277228 0.356906 0.276321 0.358304 0.276710 0.359178 0.268161 0.384353 0.266088 0.383829 0.263368 0.380157 0.263238 0.378584 0.259741 0.374213 0.258964 0.371766 0.256373 0.367745 0.256503 0.365647 0.255596 0.365297 0.255207 0.358479 0.260130 0.357780
0 0.296140 0.370367 0.298990 0.370892 0.298860 0.389773 0.300026 0.389948 0.300415 0.392220 0.299378 0.392920 0.299249 0.398689 0.296010 0.398864 0.295363 0.397290 0.293420 0.396941 0.292772 0.395017 0.290959 0.395367 0.290440 0.393969 0.288886 0.393969 0.287591 0.391521 0.285389 0.391346 0.283575 0.388549 0.281762 0.387850 0.281373 0.385577 0.285130 0.380332 0.286425 0.379983 0.287720 0.377885 0.289663 0.377360 0.291995 0.374038 0.293938 0.374038
0 0.209935 0.424371 0.211490 0.424545 0.217448 0.433112 0.218873 0.432937 0.222370 0.436783 0.222500 0.439930 0.223795 0.439755 0.226516 0.442727 0.224443 0.446573 0.220816 0.447622 0.220168 0.449371 0.215894 0.449021 0.215117 0.450420 0.210712 0.450594 0.209935 0.451818 0.206308 0.452692 0.206438 0.444301 0.207863 0.444476 0.207345 0.435734 0.208381 0.435734 0.208640 0.431538 0.209935 0.430140
0 0.229210 0.718584 0.229469 0.726626 0.228562 0.728199 0.229598 0.729598 0.228562 0.731171 0.227915 0.749528 0.229469 0.752150 0.230505 0.750227 0.234262 0.749703 0.235816 0.746906 0.237241 0.746731 0.237759 0.744808 0.241645 0.744458 0.242034 0.742185 0.243459 0.743234 0.246438 0.738689 0.248381 0.738864 0.250324 0.737115 0.246956 0.732920 0.245661 0.733269 0.244883 0.729423 0.242681 0.729423 0.240609 0.725752 0.239184 0.725927 0.238148 0.724353 0.235946 0.724353 0.235946 0.723129 0.234262 0.720682 0.232578 0.720682 0.232707 0.718759
0 0.075285 0.834615 0.075674 0.840035 0.073990 0.841259 0.074378 0.845979 0.072953 0.846329 0.072176 0.859091 0.081244 0.858042 0.081762 0.856818 0.084611 0.856294 0.085389 0.854720 0.087591 0.854895 0.089663 0.851399 0.091606 0.851049 0.091477 0.848776 0.089534 0.847727 0.088368 0.845804 0.087979 0.842832 0.085777 0.840909 0.084611 0.841259 0.081114 0.835490 0.079560 0.835490 0.076969 0.832692
0 0.126062 0.863986 0.128523 0.860490 0.132021 0.860140 0.132021 0.862063 0.132668 0.862587 0.132798 0.869580 0.133834 0.870804 0.134093 0.873951 0.135907 0.876049 0.135777 0.884441 0.136684 0.884965 0.136813 0.893706 0.135518 0.894231 0.134611 0.892483 0.133575 0.892832 0.132150 0.890909 0.130725 0.891259 0.129430 0.889860 0.128135 0.892133 0.126580 0.889336 0.124508 0.890035 0.124378 0.887587 0.120363 0.888112 0.120233 0.886364 0.118549 0.886189 0.118031 0.884266 0.113886 0.884266 0.113497 0.883392 0.112332 0.882168 0.123601 0.867483 0.125648 0.866783
0 0.140311 0.931119 0.144715 0.931643 0.144974 0.941958 0.146010 0.942133 0.146528 0.948427 0.145104 0.949476 0.144974 0.956294 0.140699 0.956469 0.138756 0.952797 0.136295 0.952797 0.136295 0.951573 0.134223 0.950874 0.133575 0.949476 0.131373 0.949301 0.128653 0.944930 0.132409 0.938986 0.134611 0.938636 0.135130 0.937413 0.137073 0.937063
0 0.193031 0.932867 0.193161 0.930594 0.194456 0.930070 0.197565 0.934091 0.198083 0.936014 0.198860 0.936538 0.199119 0.939860 0.199896 0.940734 0.200415 0.943182 0.201451 0.943706 0.201969 0.946329 0.204430 0.949476 0.204819 0.956294 0.198731 0.956119 0.198083 0.958392 0.196140 0.958042 0.195881 0.956469 0.188756 0.956294 0.187850 0.954720 0.186554 0.955769 0.186166 0.955594 0.184870 0.954021 0.184093 0.953671 0.183964 0.951923 0.185777 0.948776 0.186943 0.946853 0.187850 0.945455 0.187979 0.943357 0.188886 0.943182 0.189016 0.939860 0.190311 0.938112 0.191477 0.937238 0.191865 0.933916
0 0.482150 0.316521 0.504948 0.316346 0.504948 0.320367 0.495233 0.342745 0.494456 0.345542 0.492254 0.345017 0.491088 0.342570 0.488497 0.334178 0.486295 0.331556 0.485777 0.328934 0.485000 0.328934 0.485000 0.325262 0.483575 0.324738 0.483316 0.320542 0.482021 0.320192
0 0.258187 0.893531 0.259352 0.893182 0.261295 0.894930 0.261295 0.897028 0.265440 0.902098 0.265440 0.904021 0.269715 0.909441 0.269067 0.910839 0.270363 0.912587 0.270881 0.915035 0.268938 0.915210 0.268031 0.917483 0.266477 0.915385 0.265829 0.917483 0.250415 0.917657 0.250155 0.915734 0.251062 0.915035 0.251192 0.912413 0.252487 0.911364 0.252746 0.906469 0.253782 0.906119 0.253782 0.901573 0.254689 0.901049 0.255337 0.897552
0 0.261813 0.814510 0.261554 0.838462 0.263238 0.840385 0.264404 0.840385 0.265829 0.838986 0.266865 0.838986 0.267902 0.837413 0.269974 0.837238 0.271528 0.833916 0.274767 0.834091 0.279560 0.827797 0.279819 0.826224 0.278264 0.824476 0.277358 0.824476 0.274119 0.820105 0.272953 0.820629 0.272176 0.818881 0.269585 0.819056 0.269456 0.817133 0.267642 0.816958 0.267254 0.814860
0 0.400194 0.096469 0.400583 0.109755 0.401231 0.110280 0.401878 0.111329 0.403433 0.112028 0.406788 0.107308 0.408083 0.107133 0.411075 0.104510 0.410946 0.102762 0.408225 0.098217 0.406140 0.098217 0.405492 0.096469
0 0.396425 0.141399 0.396425 0.144196 0.395130 0.145245 0.395130 0.148916 0.396308 0.149790 0.397215 0.153636 0.395272 0.154161 0.395272 0.162552 0.396308 0.163077 0.396308 0.165524 0.395531 0.166573 0.395272 0.173042 0.396697 0.174266 0.397863 0.174441 0.398899 0.173042 0.400065 0.173042 0.401749 0.171643 0.403433 0.171294 0.405117 0.168322 0.406541 0.168147 0.409262 0.164476 0.411593 0.164126 0.414054 0.160629 0.415091 0.160804 0.417293 0.158182 0.416386 0.157133 0.416256 0.154510 0.414560 0.153811 0.411969 0.150664 0.410557 0.150839 0.410026 0.149266 0.408484 0.149091 0.407189 0.147168 0.405764 0.147168 0.403821 0.145070 0.402526 0.145594 0.401101 0.143497 0.399417 0.143846
0 0.413342 0.216731 0.412953 0.227448 0.410466 0.227622 0.408251 0.225699 0.407085 0.225524 0.405000 0.223409 0.402915 0.220769 0.401347 0.220245 0.399132 0.217080 0.396917 0.216731 0.395350 0.214790 0.395350 0.210752 0.411516 0.198269 0.414378 0.197902 0.414637 0.216206
0 0.409041 0.237483 0.404080 0.245035 0.403562 0.244161 0.400959 0.246801 0.400959 0.248741 0.395350 0.255420 0.395220 0.261923 0.398873 0.261923 0.399650 0.263864 0.403692 0.263339 0.403821 0.264563 0.408782 0.264913 0.409171 0.266678 0.414119 0.267203 0.414508 0.259283 0.413601 0.259108 0.413212 0.252780 0.411775 0.252255 0.411775 0.246626 0.410868 0.246626 0.410868 0.239948
0 0.464858 0.112133 0.464858 0.143077 0.461490 0.143776 0.461231 0.141503 0.459288 0.140629 0.458769 0.139930 0.456567 0.139755 0.456438 0.137133 0.452811 0.136434 0.450738 0.132762 0.448925 0.132937 0.446852 0.129615 0.444909 0.129091 0.444650 0.126818 0.446593 0.122273 0.448795 0.122273 0.450868 0.119126 0.454754 0.118601 0.457733 0.113706 0.460842 0.113531 0.461490 0.112133
0 0.456179 0.158462 0.457733 0.155839 0.459028 0.155839 0.459676 0.157762 0.461101 0.157238 0.463692 0.161434 0.464469 0.160734 0.465246 0.161608 0.467707 0.161783 0.468225 0.165629 0.470298 0.165804 0.473277 0.169650 0.473666 0.172098 0.471852 0.173147 0.468225 0.178916 0.466023 0.177867 0.465505 0.179615 0.463303 0.179266 0.462008 0.180839 0.460324 0.182063 0.459676 0.183811 0.456438 0.183986 0.455920 0.161084 0.457992 0.160385
0 0.572241 0.147045 0.572241 0.151066 0.573148 0.151766 0.573536 0.155612 0.574702 0.156661 0.574961 0.161906 0.576645 0.162430 0.576645 0.167675 0.577422 0.168024 0.577681 0.169948 0.579365 0.172920 0.579754 0.169598 0.582474 0.169248 0.582474 0.165577 0.588821 0.158584 0.589080 0.156136 0.591801 0.153339 0.592060 0.150717 0.588562 0.150717 0.587785 0.148794 0.584676 0.148794 0.584028 0.147045
0 0.650389 0.062832 0.668912 0.063007 0.671632 0.065629 0.670078 0.066154 0.669689 0.069126 0.668653 0.070000 0.668782 0.072972 0.665933 0.074720 0.665674 0.078217 0.664637 0.078741 0.664896 0.081189 0.660233 0.087133 0.658420 0.087133 0.657902 0.084161 0.654404 0.079965 0.654275 0.077343 0.653109 0.075944 0.653238 0.071748 0.652073 0.071399 0.651813 0.068427 0.650777 0.067727
0 0.651943 0.027168 0.653756 0.029091 0.654145 0.031713 0.655699 0.035210 0.656865 0.037483 0.656865 0.039930 0.658420 0.040280 0.658420 0.044126 0.660881 0.047098 0.660881 0.050420 0.662306 0.051119 0.662435 0.053566 0.663342 0.054091 0.663731 0.057063 0.665026 0.057587 0.665415 0.054266 0.671373 0.048322 0.670855 0.046049 0.673187 0.043077 0.673187 0.041503 0.675907 0.037657 0.675907 0.035210 0.676684 0.034860 0.677202 0.031538 0.678497 0.030839 0.678368 0.028217 0.673446 0.027867 0.673446 0.026294 0.652979 0.025944
0 0.757124 0.068252 0.752591 0.078392 0.752720 0.080664 0.751425 0.081888 0.751425 0.085734 0.761788 0.085909 0.761788 0.083811 0.766192 0.083811 0.764767 0.082413 0.764249 0.079441 0.763342 0.078916 0.762824 0.076469
0 0.695984 0.146224 0.697798 0.147972 0.697798 0.150245 0.701036 0.153916 0.700907 0.155664 0.703368 0.159685 0.703627 0.161259 0.706088 0.164406 0.706088 0.166329 0.708031 0.169126 0.709197 0.169126 0.712435 0.165629 0.712176 0.163531 0.713472 0.161958 0.713472 0.160385 0.714119 0.159685 0.714508 0.159510 0.714637 0.155140 0.715933 0.154266 0.716969 0.152867 0.717098 0.150594 0.718264 0.148671 0.718782 0.145175 0.720207 0.143776 0.720078 0.142203 0.698057 0.141853 0.696244 0.143077
0 0.783161 0.161084 0.778886 0.165979 0.778886 0.168077 0.777720 0.169301 0.777461 0.172797 0.775648 0.172972 0.769430 0.190629 0.770984 0.188706 0.771762 0.190979 0.786140 0.190455 0.787824 0.191853 0.790544 0.192203 0.791062 0.189930 0.794560 0.190455 0.792876 0.187308 0.793005 0.183986 0.791580 0.183636 0.791580 0.180664 0.790285 0.179965 0.790155 0.178741 0.788731 0.178916 0.788472 0.173671 0.786788 0.171923 0.786010 0.168252 0.784974 0.167727 0.784845 0.165280 0.783679 0.164406
0 0.821373 0.115455 0.820984 0.110559 0.818005 0.109685 0.816321 0.113881 0.814508 0.113706 0.812306 0.116678 0.811788 0.117378 0.810492 0.117378 0.806995 0.122448 0.804275 0.122797 0.805052 0.128217 0.807902 0.127517 0.807902 0.129091 0.810492 0.128916 0.810881 0.130664 0.813212 0.130664 0.813731 0.132238 0.814896 0.132063 0.817746 0.135909 0.821114 0.136084 0.821373 0.137657 0.822668 0.138357 0.822668 0.116853
0 0.911788 0.118951 0.919171 0.119126 0.919948 0.121049 0.921244 0.118776 0.922021 0.121049 0.922798 0.120874 0.923834 0.118951 0.926943 0.119126 0.927720 0.120874 0.929145 0.118776 0.929663 0.120175 0.935104 0.121049 0.935104 0.123322 0.934326 0.123846 0.934326 0.127168 0.931347 0.129091 0.931477 0.131888 0.930699 0.132762 0.930699 0.135559 0.927850 0.139231 0.927720 0.140629 0.927073 0.141329 0.926684 0.141329 0.926813 0.143951 0.922539 0.148846 0.922409 0.151294 0.920596 0.151294 0.919948 0.149371 0.917487 0.146224 0.917228 0.145175 0.916580 0.144126 0.915933 0.140979 0.913472 0.137133 0.913472 0.135909 0.912306 0.134685 0.912047 0.131014 0.911010 0.129266 0.910751 0.126643 0.909326 0.126469 0.909456 0.123147 0.908549 0.120699 0.911658 0.120874
0 0.467902 0.299038 0.468031 0.302885 0.469197 0.303584 0.469197 0.306731 0.470881 0.309353 0.471399 0.308479 0.471658 0.311276 0.476321 0.317745 0.477487 0.317745 0.477617 0.314948 0.478782 0.312850 0.478782 0.310927 0.479819 0.310577 0.480207 0.307430 0.481762 0.307255 0.481632 0.302535 0.482798 0.302360 0.482539 0.297115 0.472176 0.296591 0.471917 0.298339
0 0.553394 0.325262 0.553005 0.353059 0.555466 0.350437 0.556632 0.350262 0.556891 0.349738 0.558446 0.349738 0.559093 0.348339 0.562073 0.348164 0.568808 0.340822 0.570751 0.340822 0.571140 0.338024 0.569326 0.337150 0.567642 0.334178 0.565311 0.333654 0.561425 0.328234 0.560130 0.328409 0.559611 0.326311 0.556632 0.326661 0.555466 0.324738
0 0.731891 0.375087 0.729689 0.375262 0.729041 0.378409 0.728394 0.379108 0.728394 0.382255 0.727228 0.382780 0.726451 0.387675 0.725415 0.387850 0.725933 0.392920 0.724767 0.395367 0.743290 0.394318 0.744326 0.393269 0.744456 0.388549 0.742254 0.386101 0.742513 0.384528 0.740311 0.381906 0.739922 0.378234 0.737202 0.374738 0.737073 0.373864 0.735518 0.371241 0.732280 0.370717
0 0.700415 0.450962 0.700674 0.469668 0.699378 0.472290 0.697435 0.472290 0.694326 0.466696 0.692642 0.466696 0.691736 0.465472 0.690311 0.465122 0.688756 0.463549 0.688238 0.456556 0.691218 0.455857 0.692254 0.454458 0.693808 0.454633 0.696010 0.450962
0 0.791736 0.465472 0.803912 0.465122 0.805596 0.466871 0.804819 0.468619 0.804560 0.471241 0.802228 0.473689 0.801710 0.476311 0.800155 0.477535 0.799249 0.480157 0.797565 0.482255 0.795622 0.482080 0.794974 0.480507 0.794845 0.477885 0.792772 0.476311 0.792902 0.471066 0.791736 0.471416
0 0.662034 0.346871 0.674728 0.346171 0.674858 0.349493 0.671101 0.354038 0.670712 0.357360 0.670324 0.357885 0.669547 0.361206 0.667604 0.363129 0.666567 0.362955 0.665920 0.358409 0.664883 0.358234 0.665013 0.353339 0.663847 0.353164 0.663459 0.350192
0 0.418459 0.375892 0.428666 0.375699 0.428666 0.381084 0.427927 0.381696 0.427630 0.387290 0.426593 0.388077 0.426593 0.391871 0.425259 0.392273 0.424819 0.396066 0.423640 0.396066 0.423187 0.400472 0.421710 0.400262 0.414611 0.391084 0.414456 0.388881 0.412383 0.385087 0.412383 0.383689 0.410907 0.381486 0.411062 0.379685 0.412383 0.379685 0.413420 0.378094 0.418601 0.377902
0 0.367098 0.351329 0.372280 0.351136 0.372876 0.352727 0.377021 0.352727 0.378057 0.354318 0.381749 0.354930 0.382940 0.357517 0.383083 0.359510 0.382500 0.360524 0.382345 0.361923 0.375389 0.370507 0.376127 0.373497 0.374650 0.373094 0.373174 0.375490 0.371541 0.375699 0.371101 0.373497 0.369909 0.371503 0.369909 0.368112 0.368433 0.366906 0.367837 0.362308 0.366801 0.361521
0 0.463964 0.340664 0.469016 0.333671 0.469145 0.331923 0.471218 0.328951 0.471218 0.325804 0.473031 0.324056 0.474585 0.324056 0.474715 0.325455 0.475751 0.326853 0.475751 0.328951 0.476658 0.329825 0.477047 0.332448 0.478860 0.333497 0.479249 0.336993 0.479896 0.337343 0.480415 0.342762 0.473290 0.342587 0.472902 0.340839
0 0.371218 0.740997 0.366036 0.741346 0.364870 0.739598 0.364223 0.739598 0.364093 0.736976 0.366295 0.733829 0.366554 0.731906 0.368756 0.729633 0.369275 0.727010 0.370311 0.725612 0.370440 0.722990 0.374585 0.716871 0.376140 0.716871 0.376269 0.718619 0.377176 0.719843 0.377565 0.723164 0.378601 0.724213 0.379249 0.726486 0.379896 0.727185 0.380674 0.730157 0.381451 0.730682 0.381710 0.735577 0.384171 0.738724 0.383264 0.739248 0.383394 0.743269 0.372124 0.742395
0 0.504093 0.869091 0.506943 0.865962 0.510052 0.865769 0.510181 0.864021 0.513808 0.863689 0.515492 0.861941 0.515104 0.876958 0.514456 0.877325 0.513808 0.882203 0.510699 0.882570 0.502798 0.871713 0.503316 0.868934
0 0.468472 0.847605 0.468990 0.844983 0.470933 0.844790 0.471192 0.846206 0.473135 0.846206 0.477668 0.853007 0.479352 0.852850 0.485699 0.860192 0.485440 0.862622 0.483886 0.862815 0.482979 0.865245 0.480907 0.865087 0.479611 0.867343 0.478575 0.867185 0.477409 0.868217 0.474819 0.868059 0.474689 0.870490 0.470674 0.870140 0.469896 0.872587 0.464845 0.872080 0.465104 0.866469 0.466269 0.865437 0.467047 0.856696 0.467953 0.856696 0.467824 0.849510
0 0.420933 0.855979 0.413161 0.865594 0.413161 0.869965 0.411736 0.871888 0.412383 0.872430 0.412902 0.873462 0.420674 0.873829 0.421192 0.875385 0.431036 0.875734 0.430907 0.871014 0.430130 0.870682 0.429741 0.865962 0.429093 0.865437 0.428316 0.862273 0.426891 0.861224 0.427409 0.856154 0.426373 0.855979 0.426373 0.853881 0.423782 0.851451 0.422487 0.851451 0.421451 0.853357
0 0.646826 0.960122 0.645272 0.962395 0.646308 0.962570 0.646308 0.969563 0.646956 0.969738 0.647345 0.974983 0.648510 0.975332 0.649028 0.982675 0.650583 0.982850 0.660687 0.969738 0.660687 0.967115 0.663018 0.966241 0.663018 0.963619 0.657578 0.963269 0.656801 0.961696 0.653044 0.961171 0.652915 0.959598
0 0.674806 0.940367 0.672345 0.940017 0.672085 0.942640 0.685168 0.960122 0.685816 0.961346 0.686852 0.961171 0.687500 0.959598 0.688666 0.959598 0.688925 0.954528 0.690609 0.954353 0.690350 0.949633 0.691256 0.949283 0.690868 0.938269 0.693070 0.938094 0.692940 0.932150 0.692163 0.933724 0.684391 0.933549 0.684391 0.935297 0.680894 0.934948 0.680376 0.937220 0.676878 0.936696
0 0.703303 0.910822 0.703821 0.930927 0.702008 0.932850 0.704987 0.932850 0.705635 0.931801 0.707578 0.931801 0.708355 0.930052 0.711852 0.929878 0.712759 0.928654 0.714184 0.928304 0.717034 0.924808 0.718718 0.925157 0.718718 0.922185 0.717681 0.920612 0.715868 0.919563 0.714961 0.918864 0.713925 0.917640 0.713536 0.916241 0.711334 0.916066 0.710557 0.915192 0.709650 0.913269 0.707707 0.912920 0.706995 0.911189
0 0.735946 0.940542 0.735946 0.942640 0.734909 0.943864 0.734521 0.948584 0.733355 0.949108 0.733355 0.954178 0.732189 0.954178 0.732060 0.959073 0.731153 0.960122 0.730764 0.964843 0.729728 0.966416 0.733744 0.966066 0.734391 0.965017 0.741904 0.964843 0.742163 0.962920 0.748251 0.962745 0.748510 0.962220 0.752137 0.960997 0.750712 0.959423 0.750453 0.957850 0.740738 0.945612 0.740868 0.942640 0.739184 0.942815 0.738407 0.940892
0 0.797215 0.916766 0.794236 0.919738 0.793977 0.921661 0.792681 0.923759 0.793588 0.923934 0.794365 0.926381 0.803044 0.926731 0.803044 0.922010 0.802008 0.920962 0.801360 0.918339 0.798899 0.915017 0.797085 0.915017
0 0.774158 0.865017 0.774417 0.871311 0.776101 0.872185 0.776360 0.883899 0.776878 0.884073 0.777267 0.896836 0.778562 0.895087 0.779728 0.895087 0.782578 0.891416 0.783744 0.891766 0.790350 0.883199 0.790997 0.883199 0.795272 0.878479 0.795013 0.876031 0.793459 0.876031 0.793070 0.874458 0.790738 0.874808 0.789961 0.872710 0.785557 0.872885 0.784780 0.870787 0.782578 0.870962 0.782319 0.868689 0.780505 0.868689 0.779728 0.866766 0.777655 0.867465 0.777267 0.865542
0 0.698510 0.841941 0.701878 0.842290 0.701878 0.838269 0.700065 0.836171 0.699288 0.832150 0.698251 0.831451 0.698122 0.829528 0.695920 0.826381 0.695790 0.824108 0.692422 0.820087 0.690738 0.820087 0.690479 0.822185 0.689573 0.822885 0.689573 0.825507 0.687630 0.829003 0.687111 0.831626 0.685687 0.832150 0.685298 0.834598 0.684003 0.836346 0.684521 0.838269 0.683096 0.839143 0.682578 0.842115 0.681671 0.844038 0.697992 0.844213
0 0.982396 0.938846 0.978899 0.944615 0.977604 0.944266 0.975142 0.948112 0.973847 0.947937 0.969573 0.952657 0.968277 0.953182 0.968018 0.955629 0.970997 0.958601 0.971645 0.958077 0.972940 0.960350 0.974495 0.960000 0.974754 0.962273 0.977215 0.962448 0.978122 0.964196 0.979417 0.964371 0.980712 0.966294 0.982526 0.966119 0.983174 0.968566 0.986023 0.968392 0.986412 0.966119 0.988225 0.966643 0.987966 0.952832 0.987060 0.952832 0.987060 0.944091 0.986023 0.943566 0.985764 0.941469 0.986801 0.938846
0 0.827798 0.825559 0.828057 0.829406 0.825207 0.831853 0.825078 0.836573 0.824041 0.837622 0.823912 0.841993 0.822617 0.842692 0.822098 0.848112 0.821062 0.849510 0.822358 0.849510 0.822617 0.850559 0.825337 0.850909 0.826114 0.849336 0.835181 0.849685 0.835570 0.848112 0.842176 0.847762 0.841917 0.845664 0.840492 0.844441 0.840622 0.841993 0.836865 0.838147 0.836347 0.834825 0.832979 0.829056 0.832591 0.827308 0.831813 0.825210
0 0.760311 0.845664 0.759793 0.855280 0.752150 0.847587 0.750337 0.847587 0.750466 0.844441 0.748135 0.844441 0.744508 0.838322 0.747487 0.834650 0.749430 0.833776 0.750078 0.832378 0.755777 0.832028 0.757461 0.830280 0.760052 0.830629 0.760440 0.829056 0.762513 0.828881 0.762642 0.836923 0.761477 0.837273 0.761606 0.843217
0 0.826244 0.758077 0.828834 0.760524 0.828834 0.762972 0.834534 0.770664 0.836736 0.770490 0.838290 0.774336 0.840363 0.774685 0.840492 0.771888 0.841269 0.771189 0.841917 0.768392 0.842435 0.767867 0.843212 0.761224 0.844119 0.760524 0.843990 0.749860 0.841917 0.749860 0.841140 0.750559 0.837124 0.751958 0.837124 0.753182 0.832202 0.753531 0.831554 0.754231 0.828964 0.754406
0 0.955777 0.744091 0.955518 0.748287 0.956943 0.748811 0.957073 0.752133 0.958627 0.752657 0.958756 0.760000 0.960052 0.760000 0.960181 0.763846 0.961736 0.764021 0.968731 0.754580 0.968731 0.752308 0.972746 0.747063 0.972358 0.743042 0.966658 0.743042 0.966399 0.741818 0.959922 0.742168 0.959404 0.739371 0.956554 0.739371 0.954611 0.741469 0.954741 0.744441
0 0.841658 0.681853 0.841658 0.702308 0.840492 0.702483 0.839845 0.707902 0.837772 0.708077 0.835052 0.703881 0.833627 0.704755 0.831684 0.701259 0.829870 0.701084 0.828834 0.699510 0.826632 0.698986 0.826762 0.695664 0.825337 0.695490 0.830777 0.688846 0.833368 0.689196 0.836347 0.685524 0.837772 0.685699 0.838420 0.683776 0.839974 0.683776
0 0.980376 0.563322 0.977008 0.566643 0.977137 0.568234 0.974417 0.571381 0.974547 0.574685 0.971826 0.577308 0.971956 0.579406 0.967668 0.585717 0.974028 0.585175 0.974547 0.586748 0.983355 0.587273 0.983484 0.588864 0.987500 0.589213 0.988394 0.582745 0.986593 0.582552 0.986723 0.578531 0.985557 0.576783 0.985687 0.574161 0.984780 0.574003 0.984391 0.571014 0.983212 0.570507 0.983355 0.567517 0.982060 0.567010 0.982189 0.564388
0 0.898640 0.437797 0.898122 0.443759 0.899935 0.444108 0.899935 0.463497 0.896308 0.463339 0.895777 0.461923 0.893588 0.460874 0.892422 0.459843 0.890738 0.459493 0.890350 0.458094 0.887759 0.457552 0.887358 0.455804 0.885687 0.456154 0.883225 0.453182 0.885687 0.450035 0.886334 0.446381 0.888653 0.445857 0.888653 0.444790 0.890997 0.444108 0.891386 0.442517 0.893718 0.442010 0.897345 0.436766
0 0.890479 0.388689 0.888536 0.391993 0.889054 0.394283 0.886593 0.396906 0.886593 0.400927 0.885557 0.402308 0.884767 0.404056 0.884003 0.405105 0.883355 0.410699 0.882319 0.411224 0.881930 0.418566 0.884909 0.418916 0.885946 0.417010 0.894883 0.417343 0.895013 0.415787 0.902396 0.415594 0.902396 0.411923 0.900194 0.409143 0.900194 0.405979 0.896697 0.401801 0.896697 0.399528 0.894106 0.397238 0.893718 0.393741 0.891891 0.392535
0 0.819106 0.409143 0.830505 0.408951 0.830894 0.411416 0.827772 0.414388 0.828174 0.416661 0.825583 0.418566 0.825453 0.421713 0.822992 0.425210 0.822591 0.427308 0.817940 0.433776 0.817293 0.428531 0.816256 0.428182 0.816386 0.424528 0.813666 0.420507 0.813523 0.418759 0.812630 0.416818 0.812630 0.414913 0.811464 0.414038 0.811075 0.408794 0.812759 0.408951 0.814171 0.407552 0.817681 0.406853
0 0.840674 0.383217 0.840868 0.385542 0.841645 0.385874 0.841904 0.390787 0.843588 0.391469 0.843199 0.396713 0.845013 0.397063 0.844236 0.401801 0.845790 0.402308 0.846179 0.405804 0.849935 0.401276 0.849676 0.398986 0.854974 0.393741 0.855117 0.389563 0.857707 0.386941 0.857448 0.384668 0.846826 0.384668 0.846826 0.382920
0 0.776580 0.277745 0.793420 0.277920 0.793290 0.279843 0.792383 0.282465 0.791088 0.282465 0.791347 0.285087 0.789663 0.285612 0.790181 0.290857 0.787332 0.293654 0.787720 0.296801 0.786684 0.297150 0.786166 0.300297 0.783964 0.302395 0.783705 0.298549 0.782798 0.298724 0.782798 0.296276 0.780207 0.292430 0.780207 0.290682 0.777746 0.289808 0.776969 0.287010 0.775155 0.286661 0.774378 0.281066 0.773601 0.280192 0.775415 0.279318
0 0.542785 0.424790 0.542396 0.443846 0.541231 0.443846 0.541101 0.453112 0.539935 0.454161 0.538381 0.454161 0.535013 0.448916 0.533329 0.448741 0.532422 0.448217 0.530738 0.447517 0.525168 0.440350 0.525168 0.436678 0.526464 0.436154 0.527111 0.434580 0.530997 0.433881 0.531386 0.432308 0.534106 0.430559 0.535531 0.428811 0.536956 0.428636 0.537733 0.427587 0.539935 0.426713 0.540453 0.425839
0 0.598886 0.433479 0.586839 0.449913 0.586710 0.451661 0.587746 0.452535 0.588005 0.454283 0.592927 0.454108 0.593705 0.455507 0.595777 0.455507 0.597461 0.457430 0.600959 0.457780 0.601347 0.455682 0.601347 0.460052 0.602513 0.457430 0.603808 0.459528 0.604715 0.459353 0.605881 0.459003 0.606399 0.449388 0.604974 0.449213 0.605233 0.441696 0.603808 0.441346 0.603808 0.434878 0.602383 0.431906 0.601347 0.433479
0 0.615466 0.461626 0.616114 0.468269 0.614819 0.468619 0.614948 0.471416 0.612746 0.471591 0.613135 0.478584 0.611969 0.479808 0.611969 0.483129 0.610544 0.484703 0.610155 0.490822 0.613394 0.491521 0.613653 0.490122 0.621036 0.488549 0.621425 0.487325 0.625181 0.487325 0.625440 0.485227 0.628290 0.485402 0.630751 0.483654 0.630751 0.481206 0.626088 0.475787 0.626088 0.472640 0.624275 0.469843 0.622073 0.470192 0.620518 0.468094 0.620389 0.465647 0.617668 0.461976
0 0.413472 0.466364 0.409585 0.471434 0.408938 0.480000 0.408290 0.481049 0.408031 0.489091 0.407254 0.489790 0.406736 0.498357 0.411140 0.497832 0.411658 0.496608 0.415285 0.496084 0.415803 0.494685 0.417746 0.494336 0.418135 0.493112 0.422798 0.492937 0.423575 0.491014 0.426166 0.491014 0.426166 0.489615 0.428756 0.488916 0.427461 0.487692 0.427461 0.484720 0.418782 0.473182 0.417228 0.473706 0.417098 0.470035
0 0.408420 0.524406 0.424482 0.524231 0.424482 0.530000 0.415933 0.550455 0.413860 0.548706 0.411399 0.545035 0.410881 0.542238 0.406865 0.536993 0.406477 0.530524 0.404793 0.527378 0.404663 0.526154 0.408031 0.526853
0 0.333679 0.532972 0.331865 0.534720 0.331736 0.539615 0.327073 0.554301 0.326684 0.554825 0.326684 0.558846 0.327461 0.559021 0.327979 0.560769 0.329534 0.560594 0.330311 0.558671 0.338860 0.558846 0.339249 0.557098 0.343782 0.557273 0.344171 0.555699 0.346632 0.555699 0.347150 0.553427 0.343135 0.548007 0.342746 0.546608 0.336010 0.536294
0 0.420453 0.645350 0.417474 0.648322 0.417474 0.652517 0.414624 0.656538 0.415402 0.659510 0.412293 0.663182 0.412293 0.667203 0.419806 0.667727 0.421360 0.665979 0.430427 0.665804 0.430557 0.663007 0.429262 0.662308 0.429132 0.660559 0.426541 0.657587 0.426282 0.654965 0.425117 0.653916 0.424728 0.651643
0 0.494288 0.620699 0.490272 0.620350 0.489883 0.629091 0.490661 0.629441 0.491179 0.636084 0.492604 0.636958 0.493122 0.638881 0.494158 0.635734 0.501282 0.626643 0.501282 0.625420 0.500894 0.624196 0.500505 0.622098 0.494935 0.622098
0 0.549080 0.632937 0.549339 0.640804 0.550246 0.641154 0.550117 0.651818 0.551671 0.651818 0.552448 0.659685 0.553484 0.656713 0.554521 0.657587 0.559702 0.649895 0.560997 0.650420 0.567474 0.642028 0.567474 0.640629 0.564754 0.639755 0.564754 0.638357 0.562293 0.638706 0.562293 0.637133 0.559054 0.636434 0.558666 0.634685 0.554391 0.634685 0.554391 0.633112
0 0.546490 0.759161 0.558018 0.758811 0.558536 0.760385 0.564106 0.760734 0.564365 0.762657 0.563329 0.763357 0.563459 0.767028 0.559702 0.771049 0.559702 0.773671 0.553744 0.781189 0.552578 0.781538 0.551930 0.777692 0.551023 0.777168 0.550894 0.773322 0.549339 0.772972 0.549598 0.769301 0.547915 0.767902 0.547655 0.764755 0.546619 0.764056
0 0.569806 0.740629 0.569935 0.751993 0.570712 0.751993 0.571231 0.760559 0.572655 0.760734 0.572915 0.764231 0.575376 0.764056 0.583925 0.751643 0.586386 0.751993 0.587940 0.749720 0.587940 0.746399 0.588718 0.745524 0.587552 0.743601 0.586256 0.743427 0.585350 0.741853 0.580427 0.740979 0.580168 0.739930 0.577189 0.739406 0.576412 0.736958 0.573303 0.736783 0.572785 0.735734 0.567992 0.736084 0.567992 0.738531
0 0.596490 0.738357 0.593640 0.742028 0.593640 0.744650 0.592085 0.744825 0.591049 0.748147 0.591049 0.753042 0.589236 0.753566 0.590013 0.758462 0.599598 0.758636 0.599728 0.756713 0.601153 0.759161 0.602189 0.756888 0.606464 0.757413 0.606205 0.752343 0.602578 0.747622 0.602448 0.745350 0.600117 0.742902 0.599728 0.739755
0 0.525453 0.526241 0.521049 0.532360 0.521049 0.534283 0.518588 0.534808 0.518199 0.540227 0.520272 0.540402 0.520920 0.541626 0.522733 0.541801 0.523381 0.543724 0.528174 0.543899 0.529210 0.545647 0.529598 0.545822 0.529598 0.536731 0.527785 0.534983 0.528433 0.532360 0.527785 0.530612 0.527526 0.527465
0 0.640091 0.579038 0.639961 0.584808 0.640997 0.585682 0.641516 0.594073 0.642552 0.594423 0.642681 0.600717 0.644624 0.602815 0.645402 0.602815 0.656930 0.588654 0.656541 0.585857 0.655246 0.583934 0.653951 0.583934 0.653044 0.582010 0.647733 0.581836 0.647733 0.581136 0.642681 0.580087 0.642163 0.578864
0 0.734495 0.654196 0.734624 0.657867 0.736308 0.659091 0.734495 0.660839 0.734106 0.662937 0.735661 0.663636 0.736179 0.674650 0.736697 0.674650 0.737604 0.682343 0.739028 0.680070 0.740324 0.679895 0.743951 0.674301 0.744987 0.674476 0.747189 0.670979 0.748355 0.671678 0.753795 0.665035 0.753666 0.662413 0.751852 0.663287 0.750427 0.659615 0.746541 0.659441 0.745635 0.657343 0.743562 0.657343 0.742915 0.655594 0.740583 0.655594 0.739935 0.654196
0 0.778536 0.583566 0.779184 0.591783 0.777241 0.592483 0.776982 0.600524 0.776075 0.602448 0.776334 0.604720 0.777759 0.605070 0.779313 0.602622 0.781775 0.602622 0.782293 0.601399 0.787733 0.601049 0.787992 0.599476 0.788899 0.598776 0.790194 0.597028 0.792655 0.597552 0.781645 0.581643 0.780350 0.581818 0.779961 0.583916
0 0.844145 0.629406 0.841554 0.629406 0.841684 0.626608 0.843756 0.624510 0.845829 0.624161 0.846218 0.622587 0.849197 0.622063 0.850104 0.621364 0.854378 0.620664 0.854637 0.619266 0.858135 0.619091 0.859689 0.617168 0.860207 0.628881 0.859171 0.629580 0.858394 0.635874 0.857617 0.636049 0.857487 0.642517 0.855933 0.644965 0.853731 0.644965 0.853601 0.642867 0.851658 0.643566 0.850881 0.640420 0.849715 0.640420 0.849585 0.638147 0.847902 0.638322 0.843109 0.632203 0.844145 0.631154
0 0.846399 0.577133 0.855596 0.590245 0.853394 0.588846 0.852098 0.588846 0.850674 0.590420 0.846140 0.590769 0.845233 0.592343 0.843161 0.592517 0.843031 0.586573 0.844585 0.586224 0.844326 0.580979 0.845881 0.580280
