0 0.552215 0.501678 0.552215 0.504930 0.547526 0.509545 0.547668 0.512028 0.544832 0.515490 0.545531 0.517972 0.541982 0.524108 0.551075 0.526031 0.553212 0.528531 0.563018 0.526608 0.563873 0.524301 0.562163 0.522955 0.561308 0.517203 0.559883 0.516259 0.559598 0.511643 0.555194 0.501871
0 0.478472 0.512220 0.460984 0.522587 0.466671 0.530822 0.468238 0.531014 0.477474 0.540227 0.478614 0.541766 0.479741 0.541766 0.479883 0.537150 0.481593 0.535052 0.481593 0.522780 0.483161 0.520857 0.483161 0.512220
0 0.428018 0.475402 0.425324 0.482500 0.425039 0.489983 0.434987 0.489213 0.434417 0.486521 0.433990 0.483654 0.432565 0.482692
0 0.525648 0.447972 0.528484 0.447780 0.529054 0.445874 0.540842 0.445297 0.541269 0.450472 0.540142 0.451434 0.536438 0.465052 0.534741 0.463322 0.532604 0.462745 0.531321 0.459283 0.530907 0.458339 0.528912 0.456224 0.528912 0.453339
0 0.631218 0.412885 0.637617 0.412500 0.638044 0.413846 0.642876 0.414598 0.643588 0.416329 0.645142 0.416906 0.640738 0.423042 0.640738 0.424965 0.638187 0.427832 0.636049 0.431486 0.634495 0.429371 0.633925 0.426311 0.632215 0.425157 0.632073 0.418252 0.631075 0.417675
0 0.501399 0.166731 0.501399 0.168479 0.500492 0.169703 0.500622 0.183514 0.502176 0.183514 0.510855 0.177570 0.511244 0.174423 0.507746 0.170052 0.506580 0.169353 0.506192 0.168479
0 0.827927 0.963287 0.818355 0.976206 0.825039 0.978514 0.826490 0.979738 0.832254 0.979388 0.832383 0.977098 0.830687 0.973899 0.830816 0.970017
0 0.714262 0.923829 0.715311 0.928427 0.716619 0.930192 0.716749 0.942413 0.717798 0.942762 0.718718 0.958514 0.721334 0.954091 0.723433 0.954266 0.729728 0.945769 0.731166 0.945070 0.736813 0.937640 0.739171 0.933916 0.737073 0.933916 0.728549 0.928776 0.726062 0.927727 0.722915 0.924545 0.720687 0.924353 0.719767 0.922937
0 0.522539 0.816556 0.529275 0.816731 0.529534 0.817955 0.536788 0.818304 0.538990 0.820052 0.527850 0.837535 0.523446 0.824423 0.522668 0.823374
0 0.423187 0.843129 0.413601 0.884388 0.419171 0.884038 0.440933 0.877220 0.443135 0.876871 0.444041 0.875472 0.446503 0.874598 0.442876 0.870227 0.442487 0.867780 0.440933 0.867255 0.440026 0.864283
0 0.610946 0.697692 0.612332 0.696748 0.612332 0.694108 0.609262 0.693916 0.608847 0.695245 0.606606 0.695804 0.606477 0.697133 0.603679 0.697308 0.603679 0.700332 0.605777 0.700699 0.606334 0.702220 0.607863 0.702587 0.609547 0.704283 0.611075 0.704283
0 0.346762 0.924073 0.348316 0.964808 0.372668 0.943829
0 0.169676 0.676381 0.141179 0.711696 0.153355 0.712745 0.154262 0.714143 0.158666 0.713969 0.159313 0.715367 0.161775 0.715717 0.163588 0.717115 0.167345 0.717640 0.169417 0.719388 0.172655 0.719563 0.172785 0.721311 0.174987 0.721486 0.177319 0.722885 0.180298 0.722360 0.179650 0.715192 0.178873 0.712920 0.177966 0.708374 0.177448 0.704528 0.176671 0.701556 0.175635 0.700332 0.175505 0.691066 0.174598 0.690892 0.174210 0.683899 0.173433 0.683724 0.173303 0.680577 0.172137 0.679353 0.171749 0.676731
0 0.189365 0.579178 0.180687 0.597360 0.185350 0.597185 0.186256 0.599108 0.195712 0.599108 0.195842 0.595612 0.195065 0.592815 0.194806 0.589318 0.194028 0.587920 0.194028 0.584773 0.192474 0.585122 0.191826 0.581451
0 0.071671 0.473689 0.082940 0.474388 0.082681 0.478252 0.081516 0.480507 0.078407 0.486801 0.076852 0.486801 0.075168 0.489948 0.074780 0.484703 0.072319 0.484371 0.072319 0.480507 0.071541 0.480507
0 0.086943 0.298776 0.117124 0.298951 0.102746 0.336538
0 0.407435 0.267500 0.398886 0.285332 0.414301 0.287780 0.413912 0.280962
0 0.301438 0.419441 0.302461 0.433601 0.306477 0.433077 0.308161 0.430629 0.309858 0.431154 0.313342 0.424336 0.310881 0.421888
0 0.294197 0.482605 0.273148 0.518811 0.308925 0.523077
0 0.854573 0.780367 0.879702 0.788059 0.877111 0.789983 0.876723 0.793304 0.871541 0.799423 0.871412 0.802045 0.862863 0.812010 0.861438 0.812360 0.859236 0.810962 0.859365 0.806416 0.857940 0.804493 0.857552 0.798549 0.856775 0.798199 0.856516 0.794003 0.855350 0.792955 0.854573 0.790507 0.853925 0.789458
0 0.942785 0.744703 0.936697 0.752220 0.937345 0.755017 0.932552 0.760437 0.933977 0.762185 0.935142 0.763234 0.938381 0.763759 0.940583 0.765157 0.943821 0.765157 0.945505 0.766731 0.949909 0.767255 0.949391 0.762885 0.947837 0.762010 0.947707 0.755892 0.947060 0.755542 0.946282 0.750472 0.945764 0.749948 0.945246 0.745227
0 0.956127 0.797850 0.955997 0.814283 0.956904 0.815332 0.957552 0.817780 0.960013 0.817780 0.961438 0.815857 0.962863 0.815857 0.965583 0.812185 0.966360 0.812885 0.971282 0.805717 0.971282 0.804668
0 0.687940 0.148164 0.685609 0.151836 0.685479 0.161101 0.685609 0.167045 0.686904 0.168969 0.687940 0.169318 0.689236 0.167920 0.692863 0.167395 0.694547 0.164073 0.695972 0.164423 0.696878 0.161626 0.699080 0.162150 0.699210 0.158304 0.698433 0.156906 0.698303 0.154108 0.697008 0.154108 0.695583 0.152360 0.693510 0.152185 0.693122 0.150087 0.689236 0.150612
0 0.008601 0.939458 0.018575 0.940332 0.017668 0.946976 0.015337 0.948199 0.015596 0.951871 0.012617 0.952745 0.010803 0.949598 0.010155 0.947500 0.009767 0.946976 0.008860 0.944196 0.007953 0.943322 0.008860 0.942605
0 0.295337 0.404056 0.290155 0.409825 0.291969 0.413497 0.295466 0.414021 0.296244 0.415769 0.297927 0.415734 0.297409 0.406503
0 0.484650 0.869371 0.484650 0.880909 0.488536 0.880734 0.489313 0.879685 0.491256 0.879510 0.492422 0.877238 0.494495 0.876713 0.491516 0.872517 0.490350 0.872343 0.488018 0.869021
0 0.152992 0.850577 0.164391 0.854598 0.157267 0.864913
0 0.164326 0.769108 0.164326 0.774056 0.176269 0.795140 0.183614 0.774371 0.184534 0.771591 0.184534 0.769423
0 0.239378 0.025524 0.231399 0.041049 0.231645 0.045087 0.234145 0.045087 0.235142 0.045769 0.246865 0.046101 0.246865 0.041049 0.244624 0.034983 0.244119 0.031294
0 0.282306 0.042395 0.289793 0.084161 0.290790 0.084161 0.295026 0.078776 0.296528 0.077762 0.311503 0.057885 0.311256 0.055192 0.314249 0.053846 0.309262 0.050140 0.305259 0.049808 0.304521 0.047797 0.300272 0.046434 0.291295 0.043741 0.289793 0.041049
0 0.286541 0.096294 0.256347 0.109755 0.279560 0.138042
0 0.339456 0.047448 0.337202 0.094266 0.368148 0.074056
0 0.326826 0.122692 0.328381 0.122867 0.339003 0.135629 0.338744 0.137902 0.337448 0.138601 0.335246 0.139650 0.333692 0.140699 0.330583 0.141224 0.328381 0.143147 0.323847 0.143147 0.323847 0.134580 0.325142 0.133182 0.325531 0.125315
0 0.429521 0.103986 0.458277 0.094545 0.451023 0.132133 0.447655 0.132657 0.445453 0.128986 0.445453 0.126713
0 0.467992 0.026189 0.477319 0.020944 0.476930 0.037028
0 0.110298 0.688427 0.104080 0.699091 0.107966 0.701189 0.109909 0.702413 0.112565 0.703497 0.112241 0.691399
0 0.073070 0.222325 0.072422 0.228269 0.073199 0.229143 0.074106 0.236136 0.076308 0.235962 0.079806 0.231941 0.080712 0.231941 0.084080 0.228794 0.081619 0.223899 0.077215 0.224073 0.076438 0.222675
0 0.084728 0.155192 0.085246 0.161136 0.086671 0.162885 0.086541 0.166731 0.088614 0.168129 0.089650 0.169353 0.094184 0.163409 0.094313 0.160962 0.095997 0.159038 0.095997 0.156941 0.094184 0.157815 0.094054 0.155192
0 0.606464 0.098846 0.617604 0.101993 0.618769 0.103741 0.619806 0.102168 0.622655 0.101469 0.623562 0.099895 0.625505 0.100245 0.626541 0.104266 0.629780 0.106189 0.632630 0.106189 0.634702 0.109860 0.632889 0.111608 0.631593 0.115280 0.626023 0.122448 0.625764 0.124196 0.619547 0.132587 0.619806 0.136259 0.617474 0.136259 0.613847 0.140280 0.611904 0.139406 0.610609 0.128916 0.608666 0.128392 0.608536 0.124021 0.607500 0.123322 0.607370 0.119476 0.606593 0.117203 0.604780 0.113881 0.606982 0.112657 0.605168 0.110734 0.604780 0.107937 0.603744 0.107238 0.603484 0.097972
0 0.842733 0.532010 0.828031 0.554301 0.828523 0.557203 0.843731 0.561206 0.845868 0.562990 0.851321 0.562098 0.853303 0.559213 0.850661 0.557640 0.850168 0.553409 0.846528 0.543374 0.846036 0.538706 0.845052 0.531783
0 0.808873 0.610490 0.822150 0.601206 0.821904 0.615280 0.821671 0.617832 0.820959 0.618794 0.817876 0.615594 0.814093 0.615594
