0 0.896205 0.934021 0.896464 0.941538 0.897370 0.942063 0.897370 0.949056 0.898925 0.949231 0.899054 0.957273 0.900220 0.957797 0.900091 0.964266 0.901386 0.964441 0.901775 0.968287 0.902811 0.968636 0.906308 0.963566 0.908769 0.963217 0.916153 0.952902 0.917319 0.952727 0.919003 0.951154 0.919650 0.948706 0.923536 0.943112 0.923018 0.940839 0.921852 0.941014 0.920816 0.939266 0.917319 0.939441 0.916930 0.937867 0.912267 0.937692 0.911360 0.936119 0.910453 0.935944 0.908640 0.934021 0.904495 0.933322 0.903459 0.931399 0.900997 0.931748 0.899961 0.930175 0.897500 0.930175 0.895039 0.932448
0 0.694521 0.012657 0.691775 0.042500 0.689573 0.042133 0.689443 0.044913 0.690816 0.046031 0.690544 0.050297 0.689573 0.051224 0.689301 0.059755 0.721723 0.043427 0.720492 0.041958 0.720350 0.040280 0.714301 0.031573 0.713199 0.031941 0.709223 0.025822 0.707293 0.026556 0.707021 0.023409 0.705790 0.023409 0.704961 0.019336 0.702487 0.019878 0.697409 0.011538
0 0.765544 0.016171 0.769806 0.020822 0.769806 0.022850 0.772280 0.027308 0.773096 0.031381 0.781891 0.044913 0.786153 0.033794 0.788756 0.031189 0.788756 0.027308 0.790272 0.025822 0.790687 0.022675 0.792332 0.020629 0.795492 0.010804 0.796036 0.009878 0.796451 0.005420 0.781891 0.005787 0.781205 0.007273 0.776813 0.007465 0.776813 0.005612 0.773096 0.005979 0.772966 0.005979 0.763484 0.006731 0.763899 0.007832 0.764858 0.013584
0 0.756749 0.041573 0.756891 0.080140 0.757992 0.080332 0.758951 0.108689 0.761282 0.105734 0.763756 0.104615 0.778459 0.091276 0.782034 0.090892 0.797137 0.076993 0.798653 0.076993 0.799197 0.072535 0.765272 0.046591 0.764313 0.044545 0.761839 0.044545 0.758951 0.040280
0 0.903083 0.028916 0.903083 0.040455 0.903731 0.042028 0.904119 0.044301 0.905674 0.045874 0.904378 0.047797 0.904896 0.049895 0.906580 0.051993 0.906062 0.054790 0.906710 0.057063 0.907098 0.058636 0.909430 0.059510 0.911632 0.056364 0.911891 0.054441 0.913834 0.054615 0.917073 0.049196 0.918497 0.049196 0.928860 0.035035 0.930285 0.035210 0.931451 0.033462 0.932358 0.032762 0.932487 0.030315 0.934041 0.028741 0.932098 0.028217 0.931580 0.026993 0.928212 0.026818 0.927047 0.024895 0.925751 0.024371 0.925363 0.022622 0.919145 0.022972 0.917591 0.021049 0.915907 0.021049 0.913964 0.018776 0.912150 0.018252 0.912021 0.017902 0.908653 0.017727 0.907876 0.015979 0.903342 0.016154 0.902565 0.014580 0.900363 0.014231 0.901399 0.025420
0 0.621917 0.351678 0.656632 0.374755 0.654948 0.378776 0.654041 0.378776 0.648472 0.386469 0.646658 0.386294 0.639404 0.395210 0.637720 0.393986 0.633187 0.401329 0.630725 0.401503 0.621140 0.412692 0.619715 0.411993 0.618679 0.410420 0.618031 0.398531 0.616865 0.398531 0.616477 0.382273 0.615699 0.381573 0.615570 0.368462 0.614404 0.366189 0.614275 0.348007 0.618161 0.351853
0 0.747383 0.587902 0.749974 0.590332 0.750492 0.593671 0.751658 0.597675 0.754378 0.600297 0.753990 0.605909 0.757228 0.611311 0.761114 0.606783 0.761114 0.604318 0.767461 0.589808 0.767979 0.587552
0 0.579987 0.538654 0.580259 0.552290 0.579210 0.552115 0.579210 0.560682 0.577668 0.562605 0.576490 0.563479 0.573381 0.557710 0.571697 0.557885 0.569754 0.554388 0.567552 0.553689 0.567552 0.551241 0.565609 0.550717 0.565220 0.548269 0.566775 0.545997 0.568601 0.546871 0.570661 0.542150 0.572992 0.541801 0.575972 0.538304
0 0.484521 0.536731 0.484404 0.540577 0.485052 0.542325 0.485946 0.555087 0.486593 0.557010 0.486723 0.560157 0.487889 0.561906 0.488666 0.570472 0.489702 0.571696 0.489702 0.576941 0.492681 0.576941 0.497863 0.570297 0.506541 0.559808 0.511982 0.559458 0.513549 0.557710 0.513795 0.550367 0.512254 0.548969 0.511852 0.547570 0.508096 0.547395 0.507720 0.546171 0.504987 0.545997 0.503562 0.543899 0.501360 0.543549 0.499676 0.542150 0.497474 0.542675 0.497358 0.540402 0.494767 0.540227 0.493199 0.538304 0.490997 0.538129 0.489443 0.537955 0.489054 0.536731
0 0.409391 0.600542 0.392435 0.623619 0.392435 0.626591 0.391140 0.629213 0.391788 0.629213 0.393199 0.630787 0.395674 0.631311 0.396969 0.634108 0.409780 0.632535 0.410427 0.633934 0.420013 0.634458 0.421049 0.635332 0.430000 0.635857 0.430000 0.637605 0.436205 0.637255 0.436723 0.634458 0.436075 0.633584 0.435039 0.628689 0.433355 0.625542 0.432448 0.621171 0.431541 0.620997 0.431153 0.616801 0.430505 0.614878 0.429728 0.611556 0.428705 0.610507 0.427785 0.607185 0.427008 0.602465 0.420402 0.583584 0.418990 0.583934 0.414832 0.589003 0.415104 0.590577
0 0.716451 0.185629 0.716580 0.190524 0.715415 0.190350 0.715285 0.197517 0.719819 0.196993 0.720207 0.195420 0.725130 0.195245 0.725130 0.191923 0.721244 0.186678 0.721244 0.183531 0.718653 0.183531 0.718005 0.184930
0 0.253821 0.257360 0.253562 0.270647 0.250194 0.270997 0.249547 0.269248 0.245920 0.269598 0.245661 0.267850 0.242552 0.265927 0.242163 0.263304 0.245790 0.259283 0.246308 0.258584 0.247863 0.257535 0.249547 0.257010 0.250453 0.255962 0.251878 0.255612
0 0.501256 0.260455 0.493614 0.260455 0.493484 0.261503 0.485842 0.262727 0.484417 0.264650 0.484806 0.266748 0.486101 0.267098 0.485583 0.270070 0.488303 0.272343 0.488821 0.275140 0.498277 0.288776 0.499573 0.288601 0.502293 0.285105 0.502293 0.279510 0.503459 0.278811 0.503199 0.274965 0.504754 0.273916 0.504754 0.269545 0.505790 0.269021 0.506179 0.266399 0.507474 0.265524 0.507215 0.258706 0.502293 0.259056
0 0.362720 0.459371 0.363873 0.464878 0.369119 0.476923 0.368925 0.481364 0.372228 0.485559 0.374935 0.485559 0.375130 0.483199 0.379016 0.478497 0.379016 0.476661 0.380181 0.474825 0.380376 0.473252 0.384054 0.468794 0.384054 0.465140 0.386192 0.464353 0.386192 0.461993 0.384249 0.461993 0.383083 0.460682 0.374352 0.459895 0.373769 0.458059 0.365039 0.458059
0 0.423251 0.429528 0.425181 0.433706 0.426736 0.433969 0.451567 0.450472 0.454093 0.454406 0.456425 0.454143 0.457202 0.393392 0.454870 0.394178 0.454482 0.392080 0.447694 0.397308 0.447111 0.399143 0.417422 0.424808 0.419365 0.427955
0 0.641373 0.210035 0.641373 0.219825 0.642150 0.220524 0.642539 0.238881 0.643316 0.240280 0.642668 0.242028 0.642798 0.243427 0.643575 0.244476 0.644352 0.251294 0.664041 0.232587 0.665078 0.232937 0.665725 0.229790 0.666762 0.229091 0.671813 0.224720 0.671813 0.221573 0.671425 0.221573 0.656788 0.210035 0.655492 0.209860 0.652124 0.208986 0.650829 0.208636 0.649922 0.206713 0.647850 0.206538 0.647332 0.205140 0.645648 0.205315 0.644870 0.202867 0.640078 0.203042 0.639819 0.208986
0 0.793666 0.730524 0.772293 0.730699 0.772422 0.734895 0.774365 0.738392 0.774365 0.740490 0.775790 0.741014 0.776179 0.744336 0.778510 0.747832 0.778899 0.750629 0.780842 0.753601 0.781490 0.758147 0.783692 0.760769 0.793666 0.789441 0.794702 0.791713 0.795479 0.791713 0.799754 0.787168 0.799624 0.784021 0.801438 0.782273 0.805194 0.774231 0.808044 0.768287 0.822163 0.736294 0.822293 0.734196 0.819054 0.734895 0.818536 0.732448 0.793536 0.732448
0 0.813614 0.802902 0.815427 0.805175 0.816334 0.808322 0.817759 0.808671 0.818407 0.810245 0.821386 0.815839 0.823329 0.816189 0.828640 0.823357 0.828640 0.818462 0.829417 0.818287 0.829676 0.811469 0.830972 0.810944 0.831231 0.803776 0.833303 0.801853 0.835376 0.802378 0.833174 0.798357 0.832526 0.793811 0.831231 0.795210 0.828769 0.795210 0.827863 0.796608 0.824883 0.796783 0.824365 0.799231 0.819573 0.798881 0.818925 0.801154 0.815687 0.800629
0 0.862448 0.778601 0.859339 0.780874 0.858562 0.783846 0.857785 0.784720 0.857526 0.787517 0.856619 0.791189 0.855324 0.792063 0.855712 0.794336 0.853640 0.795210 0.853769 0.798182 0.851826 0.800979 0.851308 0.802727 0.850142 0.804476 0.850142 0.809545 0.847552 0.812343 0.847811 0.813916 0.887189 0.814091 0.887189 0.812343 0.886282 0.810594 0.885894 0.807098 0.884987 0.807972 0.884469 0.804126 0.881749 0.802727 0.881619 0.799580 0.880712 0.798881 0.880583 0.797308 0.870350 0.772133 0.870220 0.770210 0.866982 0.766014 0.862966 0.767238
0 0.914858 0.908671 0.916541 0.908147 0.917060 0.911469 0.921334 0.917413 0.922759 0.917063 0.924054 0.920210 0.925609 0.920734 0.926386 0.924580 0.929495 0.924755 0.929365 0.920385 0.931438 0.919161 0.930790 0.913392 0.932215 0.911818 0.932733 0.907448 0.933640 0.907273 0.933769 0.899930 0.934547 0.898706 0.934935 0.896259 0.935972 0.895035 0.936360 0.885245 0.937526 0.884371 0.937785 0.881748 0.934547 0.881224 0.934288 0.882273 0.931438 0.882448 0.930790 0.883147 0.927163 0.884371 0.926256 0.886294 0.923925 0.884371 0.923925 0.886119 0.921075 0.886294 0.921075 0.887168 0.916801 0.888042 0.916282 0.889441 0.911490 0.889965 0.910972 0.891189 0.907345 0.891364 0.905661 0.893986 0.912396 0.902727 0.911490 0.903601
0 0.575868 0.985385 0.577681 0.985559 0.577940 0.988357 0.579236 0.987832 0.588821 0.994126 0.593614 0.993601 0.594132 0.989406 0.592707 0.988182 0.592707 0.987133 0.594132 0.985210 0.594132 0.983112 0.593096 0.982762 0.593225 0.967552 0.592448 0.967203 0.591153 0.965804 0.590635 0.966678 0.589080 0.966853 0.586101 0.970000 0.584935 0.970000 0.584417 0.971224 0.582345 0.971573 0.581438 0.973846 0.579883 0.974021 0.575479 0.979266 0.574573 0.979441 0.573148 0.981538
0 0.295674 0.333444 0.302953 0.337028 0.303212 0.340594 0.304806 0.341486 0.306658 0.341836 0.307189 0.343444 0.309041 0.343269 0.315518 0.353269 0.315790 0.351836 0.316710 0.351486 0.316710 0.347727 0.318433 0.346136 0.318433 0.339703 0.319896 0.337727 0.320155 0.329878 0.320816 0.329528 0.321218 0.322010 0.322409 0.320944 0.321878 0.313444 0.323329 0.312552 0.323601 0.306119 0.322267 0.305944 0.322008 0.307727 0.317902 0.308094 0.304547 0.315052 0.302293 0.315052 0.302422 0.316836 0.296606 0.317010 0.295285 0.317920 0.293692 0.317727 0.291839 0.320420 0.291969 0.324161 0.293692 0.326311 0.293692 0.329703 0.295544 0.329703
0 0.084430 0.120559 0.077422 0.144318 0.076775 0.144528 0.076930 0.152010 0.081334 0.152238 0.083135 0.150472 0.094689 0.150035 0.094689 0.148934 0.096658 0.148269 0.096969 0.141451 0.094845 0.140577 0.094845 0.137273 0.091593 0.134860 0.092254 0.133322 0.090453 0.130682 0.089482 0.126713
0 0.916179 0.160909 0.927707 0.169476 0.928744 0.169476 0.928614 0.173147 0.925764 0.176119 0.925376 0.175944 0.922396 0.180140 0.920712 0.180140 0.917474 0.183811 0.912811 0.183462 0.914495 0.181713 0.914754 0.178042 0.913459 0.177517 0.913459 0.171573 0.915402 0.171049 0.915142 0.166329 0.913847 0.166154 0.913459 0.163007 0.914754 0.160909
0 0.212461 0.054790 0.212591 0.058986 0.211554 0.059161 0.210777 0.067902 0.210130 0.068776 0.209482 0.075420 0.208575 0.074545 0.208575 0.081888 0.207409 0.082238 0.207539 0.086434 0.206632 0.087133 0.206114 0.093601 0.204689 0.094825 0.204301 0.101294 0.203782 0.101818 0.203264 0.107937 0.202358 0.108462 0.203005 0.115629 0.208187 0.114755 0.244197 0.101294 0.246140 0.101993 0.246140 0.097622 0.239663 0.088706 0.239663 0.086958 0.219715 0.060909 0.219974 0.057762 0.218808 0.057587 0.215699 0.053741
0 0.192681 0.250192 0.193718 0.252465 0.196697 0.253514 0.197604 0.254563 0.219236 0.265402 0.226101 0.270647 0.227655 0.273269 0.229080 0.272745 0.230117 0.270822 0.230376 0.260682 0.229210 0.260682 0.229210 0.239528 0.228174 0.238654 0.229728 0.235682 0.227655 0.236381 0.227915 0.216976 0.226490 0.216451 0.226619 0.209108 0.223899 0.212955 0.222085 0.213129 0.221049 0.214878 0.220272 0.214878 0.217163 0.219773 0.215350 0.219773 0.212111 0.224143 0.210816 0.223969 0.205376 0.231311 0.204728 0.230262 0.201101 0.234283 0.199935 0.234283 0.196308 0.239178 0.195531 0.239178 0.191386 0.244598 0.189184 0.245472 0.188925 0.247570 0.189961 0.249143 0.190350 0.249493
0 0.205764 0.281136 0.205635 0.283234 0.206541 0.284633 0.206930 0.292675 0.207837 0.293899 0.208225 0.298269 0.209650 0.299318 0.209262 0.307885 0.204080 0.308234 0.202915 0.306136 0.198381 0.306311 0.197992 0.304388 0.195142 0.303864 0.194236 0.302115 0.190609 0.302290 0.190091 0.297570 0.191645 0.297220 0.192034 0.293549 0.193718 0.293724 0.199935 0.286206 0.199935 0.283409 0.201749 0.282710 0.201878 0.282010
0 0.017163 0.380612 0.016775 0.379913 0.002785 0.379213 0.002785 0.385157 0.003821 0.386206 0.003821 0.389878 0.006801 0.392850 0.006930 0.394948 0.007837 0.396871 0.007448 0.399318 0.009391 0.400717 0.009391 0.403514 0.012111 0.406311 0.012111 0.406836 0.012630 0.409808 0.015479 0.414178 0.017940 0.412080 0.017940 0.410507 0.020661 0.406836 0.020531 0.405087 0.022604 0.401766 0.022733 0.399668 0.024806 0.397220 0.025842 0.394073 0.027008 0.393374 0.027008 0.390227 0.028174 0.389178 0.028174 0.381486 0.017293 0.382185
0 0.158381 0.599633 0.157863 0.604003 0.159288 0.604878 0.159288 0.609598 0.162267 0.613094 0.162655 0.616066 0.174054 0.637920 0.173925 0.640892 0.178070 0.647010 0.178718 0.644213 0.180661 0.641941 0.180920 0.639143 0.193225 0.611696 0.192707 0.609073 0.194391 0.608199 0.194262 0.605402 0.195427 0.604528 0.195298 0.599283 0.163562 0.599633 0.162396 0.602080 0.161360 0.599283
0 0.094624 0.478864 0.107707 0.500192 0.107707 0.502290 0.111464 0.507185 0.111593 0.508759 0.116127 0.516101 0.116386 0.515052 0.119106 0.512080 0.118847 0.507185 0.120402 0.506661 0.120402 0.503689 0.122085 0.502115 0.129598 0.473444 0.130894 0.473094 0.130764 0.467675 0.132578 0.464878 0.123640 0.465402 0.122733 0.466976 0.121438 0.464528 0.120790 0.466626 0.112889 0.466626 0.112500 0.468899 0.103044 0.468899 0.102137 0.470472 0.096567 0.470297 0.095402 0.471696 0.093847 0.472045 0.093070 0.478864
0 0.037642 0.190070 0.034067 0.191171 0.034067 0.193374 0.037332 0.198654 0.037332 0.201294 0.038303 0.203042 0.040751 0.203269 0.041723 0.206346 0.047759 0.214930 0.048899 0.214930 0.049067 0.212063 0.049702 0.210752 0.050207 0.205909 0.051813 0.206346 0.051813 0.201958 0.053122 0.201066 0.052953 0.194476 0.054106 0.193811 0.054262 0.185664 0.049391 0.185664 0.049067 0.186766 0.044016 0.186993 0.043355 0.188304
0 0.073653 0.503479 0.073912 0.531276 0.077150 0.531276 0.077409 0.529528 0.079093 0.529178 0.081554 0.526206 0.083368 0.526031 0.084145 0.524633 0.085311 0.525682 0.086477 0.523409 0.088290 0.523059 0.089197 0.521836 0.091140 0.520962 0.094767 0.516416 0.093990 0.515367 0.093342 0.513444 0.090492 0.513969 0.084793 0.505227 0.083627 0.505402 0.081684 0.502605 0.079093 0.501381 0.078964 0.500507 0.076632 0.499458 0.075725 0.498759 0.075596 0.502080
0 0.576736 0.657570 0.586839 0.657745 0.586710 0.661241 0.584249 0.664038 0.584508 0.666311 0.580622 0.671031 0.579067 0.671031 0.579585 0.665612 0.578549 0.665612 0.578031 0.663339 0.576606 0.662290
0 0.062772 0.599808 0.063420 0.602780 0.065751 0.602605 0.066010 0.605052 0.067953 0.604178 0.067953 0.605927 0.070415 0.606451 0.071839 0.608024 0.074301 0.608549 0.074819 0.610647 0.076244 0.610647 0.076244 0.608549 0.077539 0.608374 0.077539 0.578479 0.076373 0.580577 0.075725 0.580577 0.074948 0.578654 0.073782 0.578654 0.071839 0.581451 0.069378 0.582325 0.068990 0.583374 0.066528 0.584248 0.065363 0.586171 0.062124 0.586696 0.057073 0.592815 0.057332 0.595437 0.059793 0.598934
0 0.267189 0.919266 0.276256 0.930979 0.276775 0.918916 0.277811 0.917692 0.278070 0.909126 0.279236 0.909126 0.279624 0.904231 0.281049 0.903706 0.281308 0.897587 0.282215 0.897063 0.282085 0.880979 0.280661 0.882727 0.275350 0.883077 0.274573 0.884476 0.272759 0.884650 0.272111 0.886049 0.267448 0.886399 0.266930 0.887972 0.265117 0.888322 0.264210 0.889545 0.259417 0.889720 0.258510 0.891643 0.254754 0.891469 0.253588 0.892692 0.251775 0.893392 0.251386 0.895839 0.253718 0.898112 0.254106 0.901783 0.255661 0.901783 0.256308 0.905280 0.258769 0.905629 0.258769 0.907028 0.261101 0.911399 0.262655 0.911049 0.262785 0.914021 0.264987 0.913846 0.266801 0.915944
