0 0.054456 0.137535 0.054456 0.135087 0.058342 0.134563 0.058083 0.139108 0.059378 0.139633 0.059508 0.150297 0.055751 0.150297 0.055751 0.148549 0.053808 0.148549 0.052772 0.146626 0.051088 0.146626 0.050570 0.145052 0.049793 0.145052 0.051995 0.141381 0.052254 0.138409
0 0.120065 0.138531 0.146528 0.174458 0.155868 0.130699 0.156010 0.129860 0.156166 0.126154 0.150505 0.125944 0.150505 0.127395 0.147293 0.127395 0.146373 0.128829 0.141943 0.129038 0.140868 0.130699 0.137655 0.130892 0.137655 0.131923 0.134145 0.132343 0.132617 0.135227 0.131386 0.133164 0.130777 0.134615 0.128782 0.134825 0.128938 0.135857 0.122215 0.135857
0 0.662306 0.892413 0.661010 0.894860 0.659456 0.899056 0.659326 0.902552 0.658161 0.903951 0.658549 0.906573 0.656995 0.907797 0.656865 0.909895 0.655570 0.910420 0.655829 0.915664 0.654016 0.915490 0.654145 0.920559 0.651943 0.922832 0.651943 0.925455 0.650389 0.926329 0.650389 0.931049 0.649352 0.932273 0.649223 0.934720 0.647798 0.934720 0.647798 0.938392 0.646244 0.940490 0.646503 0.942587 0.648316 0.943986 0.650518 0.942762 0.650648 0.941364 0.656865 0.941364 0.658161 0.942587 0.661788 0.941713 0.663472 0.940490 0.676166 0.940140 0.676166 0.938217 0.683290 0.938566 0.683808 0.937343 0.685233 0.936818 0.682383 0.931923 0.682513 0.931049 0.679275 0.926329 0.679275 0.924580 0.676554 0.920035 0.675648 0.918287 0.675259 0.916888 0.675259 0.915315 0.671373 0.910594 0.670725 0.907622 0.667487 0.903427 0.666969 0.902028 0.665415 0.900105
0 0.411710 0.155297 0.406658 0.161049 0.406658 0.164196 0.404585 0.164196 0.404197 0.168217 0.402124 0.167535 0.397720 0.174003 0.397850 0.176958 0.395777 0.176626 0.378161 0.200559 0.378808 0.200909 0.379715 0.202657 0.381788 0.202308 0.382435 0.204406 0.385415 0.204406 0.386192 0.205629 0.390725 0.205629 0.391503 0.207745 0.394611 0.207745 0.395130 0.209650 0.398368 0.209301 0.399016 0.211049 0.402642 0.211241 0.403938 0.213147 0.408083 0.213147 0.408342 0.214371 0.411580 0.215087 0.412228 0.216486 0.415725 0.216294 0.416891 0.217867 0.420648 0.218234 0.421036 0.219458 0.425699 0.220332 0.425959 0.213147 0.425052 0.213339 0.424793 0.205472 0.423497 0.204930 0.423756 0.198129 0.422202 0.197413 0.422720 0.190420 0.421036 0.190262 0.421036 0.185524 0.418964 0.185367 0.420000 0.177657 0.418575 0.178024 0.418187 0.171031 0.417150 0.172063 0.416891 0.163164 0.415984 0.162972 0.415984 0.159301 0.417021 0.159301 0.416891 0.155804 0.416373 0.155647 0.415596 0.153549 0.413782 0.153706 0.413523 0.155455
0 0.537565 0.809441 0.542694 0.830787 0.542824 0.834983 0.545155 0.834808 0.545285 0.833759 0.547228 0.834283 0.547098 0.831136 0.549819 0.828514 0.551503 0.828514 0.552280 0.824843 0.560570 0.814353 0.560699 0.809808 0.558238 0.809633 0.556425 0.807535 0.549689 0.807535 0.549041 0.805262 0.542953 0.805437 0.542824 0.804738 0.535829 0.804213
0 0.497202 0.872413 0.497073 0.863671 0.499922 0.866993 0.502383 0.866993 0.502254 0.871888 0.503420 0.872063 0.503420 0.876608 0.505233 0.878182 0.504974 0.882378 0.506010 0.883252 0.505622 0.890594 0.507824 0.892517 0.507435 0.898811 0.508731 0.899336 0.508601 0.910874 0.504456 0.910350 0.503808 0.908601 0.500829 0.908601 0.500052 0.907028 0.496684 0.907203 0.496036 0.906154 0.494352 0.905804 0.493446 0.903182 0.488005 0.903706 0.488005 0.902483 0.485285 0.901958 0.484896 0.900559 0.482694 0.900210 0.482176 0.898462 0.479845 0.898636 0.478938 0.896713 0.477124 0.896014 0.478420 0.893566 0.479585 0.894266 0.490207 0.879056 0.491891 0.879231 0.494741 0.875385 0.495000 0.872413
0 0.536632 0.601976 0.543225 0.611766 0.546347 0.611766 0.546593 0.606871 0.547642 0.607045 0.547383 0.593759 0.546347 0.593759 0.545298 0.595157 0.543614 0.596206 0.543225 0.597955 0.539611 0.597430
0 0.444560 0.871014 0.444417 0.873374 0.439158 0.879073 0.439456 0.882238 0.436826 0.884388 0.436826 0.886364 0.434495 0.889703 0.434197 0.893059 0.435661 0.893444 0.436541 0.894633 0.447772 0.894441 0.448938 0.896399 0.450246 0.896608 0.450829 0.894825 0.453601 0.894633 0.453459 0.892273 0.452435 0.891678 0.451995 0.886766 0.451269 0.886556 0.450972 0.882430 0.449663 0.882430 0.449080 0.879073 0.448199 0.879860 0.447915 0.876713 0.446891 0.875140 0.447189 0.872972
0 0.414365 0.884388 0.414365 0.887552 0.413199 0.887937 0.413342 0.892657 0.410868 0.895612 0.410868 0.898566 0.422241 0.898374 0.422098 0.895612 0.421075 0.894633 0.420777 0.893059 0.418744 0.889703 0.418303 0.886958 0.416554 0.884003
0 0.103355 0.849493 0.103653 0.865175 0.102280 0.863724 0.100609 0.863724 0.099845 0.862080 0.097396 0.861451 0.095868 0.858164 0.095415 0.857745 0.097707 0.855682 0.099223 0.852378 0.101373 0.851976
0 0.200181 0.688811 0.213264 0.688811 0.213653 0.695804 0.208990 0.706119 0.208342 0.708916 0.205492 0.709441 0.205104 0.706294 0.201995 0.704545 0.202254 0.700699 0.199404 0.697902 0.199534 0.695629 0.198368 0.695629 0.198575 0.690909
0 0.023096 0.488794 0.026205 0.491241 0.026464 0.496836 0.028148 0.496836 0.028536 0.499808 0.030220 0.499808 0.029573 0.501906 0.032811 0.506976 0.035402 0.506801 0.035142 0.509773 0.037345 0.509948 0.038381 0.513269 0.043303 0.520962 0.045894 0.520612 0.045505 0.523759 0.051334 0.531276 0.052759 0.531451 0.053148 0.529353 0.054443 0.529353 0.054184 0.525157 0.055738 0.524108 0.055220 0.519913 0.056645 0.518689 0.056645 0.512570 0.057811 0.511346 0.058070 0.505927 0.059236 0.505227 0.059365 0.499633 0.060790 0.499458 0.060272 0.494738 0.061826 0.493689 0.061697 0.488619 0.062863 0.487745 0.063122 0.479878 0.064547 0.480052 0.064547 0.472360 0.063122 0.472185 0.061826 0.473759 0.058847 0.473934 0.058718 0.475682 0.057681 0.475682 0.057034 0.472360 0.055738 0.475507 0.051334 0.475857 0.050427 0.477255 0.049003 0.476381 0.047837 0.476906 0.046671 0.475332 0.045376 0.476556 0.041360 0.477080 0.040453 0.477955 0.037863 0.478654 0.038122 0.480402 0.032552 0.480752 0.030738 0.483549 0.029313 0.484073 0.028148 0.481976 0.027759 0.483899 0.025168 0.483899 0.025168 0.486346
0 0.352474 0.315437 0.352604 0.330315 0.351179 0.330839 0.350661 0.336608 0.350013 0.337133 0.349624 0.346941 0.348459 0.347815 0.347940 0.358147 0.347293 0.358322 0.347150 0.366014 0.345725 0.367238 0.345583 0.374056 0.342474 0.374231 0.336775 0.364965 0.334184 0.364965 0.334184 0.362517 0.332383 0.362517 0.326541 0.353409 0.324987 0.353234 0.311244 0.333636 0.348070 0.315962 0.349093 0.314510 0.352073 0.314161
0 0.645479 0.274615 0.647552 0.274266 0.654158 0.281608 0.654288 0.283881 0.656490 0.287028 0.657267 0.290175 0.659080 0.289476 0.659469 0.292273 0.661801 0.295769 0.662060 0.298392 0.661023 0.300490 0.654935 0.300490 0.654288 0.302413 0.649883 0.301888 0.648847 0.303462 0.638614 0.304685 0.638744 0.299615 0.639650 0.299266 0.639650 0.295769 0.641205 0.295769 0.641205 0.290350 0.642111 0.289650 0.642630 0.284930 0.643407 0.284580 0.643925 0.279860 0.645609 0.279336
0 0.682655 0.281608 0.682267 0.294196 0.683562 0.295245 0.683951 0.310629 0.684858 0.310629 0.685246 0.325839 0.686541 0.326713 0.686801 0.345594 0.688484 0.345769 0.688225 0.355035 0.695350 0.345769 0.697163 0.345944 0.699754 0.342098 0.700661 0.343147 0.704288 0.337378 0.706231 0.337378 0.707785 0.335629 0.709598 0.335455 0.726049 0.317797 0.727215 0.317622 0.730712 0.313951 0.730324 0.311853 0.728122 0.311678 0.728122 0.310105 0.724236 0.309755 0.723329 0.306434 0.720997 0.305385 0.719573 0.303811 0.717500 0.302413 0.716075 0.302413 0.715298 0.300664 0.712578 0.300664 0.712578 0.298741 0.711023 0.298916 0.709598 0.297343 0.706490 0.296993 0.705972 0.296119 0.705324 0.295245 0.704935 0.293671 0.701308 0.293671 0.700402 0.291923 0.699106 0.292273 0.698199 0.290175 0.695868 0.290175 0.695609 0.288776 0.694573 0.288252 0.693536 0.286503 0.691334 0.286329 0.690168 0.285105 0.687837 0.284930 0.687319 0.283007 0.684858 0.282832
0 0.733951 0.301538 0.734728 0.306958 0.733174 0.308706 0.733174 0.312378 0.732396 0.313951 0.732137 0.316224 0.731101 0.316224 0.730583 0.320420 0.730065 0.321469 0.729547 0.327238 0.728640 0.327238 0.728122 0.332308 0.726956 0.332308 0.727345 0.334580 0.725790 0.335979 0.725272 0.343497 0.724236 0.344196 0.723977 0.351364 0.721775 0.353287 0.721645 0.360280 0.720479 0.361329 0.720609 0.363776 0.719313 0.364650 0.719313 0.370070 0.764909 0.356084 0.770997 0.356084 0.770868 0.354685 0.772163 0.353811 0.767500 0.349441 0.767759 0.345944 0.765427 0.345769 0.765427 0.343497 0.757915 0.333706 0.757785 0.330035 0.748847 0.319545 0.748977 0.317448 0.742370 0.308881 0.742370 0.306084 0.741205 0.306084 0.740816 0.304336 0.739132 0.304161 0.738096 0.299790
0 0.880583 0.341224 0.880065 0.350664 0.879028 0.351888 0.879676 0.355035 0.878251 0.355385 0.877863 0.358182 0.875790 0.358357 0.875661 0.356783 0.873847 0.356958 0.873070 0.353636 0.870997 0.354161 0.870479 0.350140 0.868666 0.347692 0.866852 0.347867 0.866852 0.346993 0.868666 0.346469 0.869443 0.344895 0.872422 0.344720 0.872811 0.343147 0.875402 0.342797 0.876049 0.340699
0 0.911153 0.365524 0.907915 0.365175 0.907915 0.362552 0.904935 0.358357 0.903769 0.359056 0.898847 0.352063 0.898847 0.349266 0.896516 0.349441 0.896127 0.347692 0.893925 0.347692 0.894961 0.345420 0.894961 0.344720 0.896904 0.344720 0.897422 0.342797 0.901049 0.342448 0.901438 0.341224 0.904806 0.340874 0.905453 0.338951 0.908951 0.338776 0.909339 0.338077 0.911153 0.336678 0.911930 0.335804 0.915168 0.335280 0.916075 0.333706 0.918536 0.333357 0.919313 0.332483 0.923070 0.331259 0.923199 0.330559 0.926438 0.329685 0.926179 0.328112 0.929547 0.327762 0.930065 0.326713 0.932785 0.326538 0.929547 0.359056 0.927604 0.361503 0.928640 0.362727 0.927474 0.365350 0.927604 0.371818 0.925920 0.372517 0.926308 0.376538 0.925142 0.377587 0.924624 0.380385 0.924236 0.380909 0.923070 0.378811 0.922034 0.380559 0.919054 0.380210 0.919313 0.379161 0.919832 0.378112 0.918666 0.377762 0.918666 0.374441 0.917630 0.374091 0.917111 0.371643 0.915168 0.371993 0.912837 0.369196 0.910764 0.369021 0.910635 0.367448 0.912060 0.367098
0 0.892681 0.886976 0.901101 0.882955 0.901490 0.893969 0.900583 0.894668 0.900194 0.898164 0.897733 0.898164 0.896567 0.896591 0.896697 0.892920 0.893847 0.893094
0 0.789054 0.926661 0.792940 0.927185 0.794365 0.925962 0.796956 0.925262 0.797733 0.924563 0.805376 0.923164 0.805376 0.921766 0.810687 0.920892 0.811205 0.919493 0.816386 0.919318 0.817034 0.918094 0.821049 0.917570 0.813407 0.955507 0.813148 0.961276 0.810298 0.961451 0.802137 0.950437 0.802137 0.948689 0.790350 0.933129 0.790350 0.931556 0.789313 0.929808
0 0.458290 0.065909 0.458031 0.064336 0.456995 0.066608 0.455699 0.066783 0.455440 0.076399 0.457254 0.076923 0.457124 0.087063 0.458420 0.087413 0.458420 0.097727 0.459456 0.098077 0.459715 0.104895 0.461010 0.104720 0.461269 0.106294 0.463212 0.106119 0.466580 0.101224 0.468135 0.101399 0.471891 0.096154 0.473705 0.096154 0.479275 0.087762 0.481218 0.087238 0.485881 0.081469 0.484845 0.081119 0.483808 0.078671 0.482513 0.078671 0.482254 0.076923 0.479534 0.077098 0.479404 0.074476 0.476813 0.075175 0.475259 0.072203 0.468653 0.072028 0.468264 0.070280 0.466192 0.070455 0.465155 0.068531 0.461399 0.068706 0.460622 0.066259
0 0.710570 0.776294 0.705130 0.786783 0.705130 0.788531 0.703446 0.789930 0.703964 0.792203 0.699171 0.797622 0.699301 0.800944 0.692824 0.808636 0.693601 0.809685 0.686218 0.818776 0.686865 0.821049 0.685052 0.821224 0.683497 0.824895 0.685570 0.824895 0.686347 0.826469 0.692694 0.826643 0.693472 0.828042 0.700596 0.827867 0.700855 0.829965 0.706813 0.829790 0.706943 0.831189 0.714585 0.832063 0.715363 0.833811 0.721451 0.833636 0.722617 0.835734 0.725466 0.835559 0.724819 0.829441 0.713808 0.790979 0.713549 0.786434 0.713031 0.785734 0.711995 0.779965 0.711218 0.779266
0 0.727021 0.078182 0.734534 0.086923 0.734534 0.090944 0.736865 0.090769 0.737124 0.093916 0.742176 0.094091 0.742306 0.091294 0.742953 0.091294 0.743083 0.087622 0.744508 0.087622 0.744637 0.079231 0.746192 0.078881 0.745933 0.072063 0.746839 0.071364 0.747228 0.063671 0.746580 0.063497 0.745544 0.061399 0.744896 0.063497 0.742694 0.062972 0.742306 0.064196 0.737124 0.064720 0.737383 0.066119 0.732332 0.066643 0.732332 0.067867 0.727021 0.068392 0.725596 0.069790 0.724948 0.069790 0.722876 0.072762 0.725078 0.074685 0.725207 0.077657
0 0.839067 0.137972 0.841528 0.140769 0.841528 0.153357 0.835052 0.154056 0.834145 0.152133 0.830777 0.152308 0.830389 0.151084 0.828187 0.150035 0.827021 0.147413 0.821580 0.148462 0.820674 0.146538 0.818083 0.146189 0.818472 0.142692 0.821192 0.142168 0.821062 0.138147 0.822746 0.137972 0.827409 0.131503 0.827409 0.129755 0.829611 0.130105 0.830000 0.128881 0.832073 0.127657 0.832720 0.124685 0.834663 0.122587 0.836347 0.122587 0.837254 0.124510 0.837772 0.125734 0.837902 0.128182 0.839326 0.129406
