1 0.857422 0.072273 0.862254 0.074388 0.861334 0.074213 0.862306 0.073234 0.864262 0.073234 0.866205 0.071294 0.873044 0.071294 0.875000 0.073234 0.875000 0.076171 0.874028 0.077150 0.874028 0.083007 0.873044 0.083986 0.873044 0.089843 0.872073 0.090822 0.872073 0.091801 0.870117 0.093741 0.870117 0.095699 0.868161 0.097657 0.865233 0.097657 0.861334 0.093741 0.859378 0.093741 0.854495 0.088864 0.854495 0.085944 0.856451 0.083986 0.856451 0.083007 0.855466 0.082028 0.853510 0.082028 0.852539 0.081049 0.852539 0.079108 0.858394 0.073234
0 0.534352 0.966801 0.518251 1.000000 0.547254 1.000000 0.538756 0.974493
0 0.806503 0.961556 0.803187 1.000000 0.824767 1.000000 0.836943 0.990052 0.811554 0.964003
0 0.830078 0.951591 0.858705 0.955437 0.844456 0.990227 0.834223 0.968199 0.830337 0.958934
0 0.370065 0.973671 0.357358 1.000000 0.381516 1.000000
1 0.000000 0.024406 0.001956 0.024406 0.002927 0.025385 0.003912 0.025385 0.012694 0.034178 0.013666 0.034178 0.015622 0.036136 0.018549 0.036136 0.020505 0.038094 0.021490 0.038094 0.026373 0.042972 0.026373 0.043951 0.027345 0.044930 0.027345 0.045892 0.028316 0.046871 0.027345 0.047850 0.027345 0.048829 0.024417 0.051766 0.023433 0.051766 0.011723 0.063479 0.010738 0.062500 0.007811 0.065437 0.006839 0.065437 0.005855 0.066399 0.003912 0.066399 0.002927 0.065437 0.000972 0.067378 0.000000 0.067378 0.000065 0.025262
1 0.076166 0.010734 0.075194 0.011713 0.075194 0.012692 0.074223 0.013671 0.074223 0.016608 0.075194 0.017570 0.075194 0.019528 0.076166 0.020507 0.076166 0.025385 0.077150 0.026364 0.077150 0.034178 0.078122 0.035157 0.078122 0.041014 0.079106 0.041993 0.079106 0.044930 0.080078 0.045892 0.080078 0.055664 0.081049 0.056643 0.081049 0.058601 0.082034 0.059563 0.082034 0.060542 0.083990 0.062500 0.086917 0.062500 0.090816 0.058601 0.090816 0.057622 0.092772 0.055664 0.092772 0.054685 0.095699 0.051766 0.095699 0.050787 0.096684 0.049808 0.096684 0.047850 0.104495 0.040035 0.104495 0.039056 0.111334 0.032220 0.111334 0.030280 0.112306 0.029301 0.112306 0.028322 0.107422 0.023444 0.104495 0.023444 0.103510 0.022465 0.100583 0.022465 0.096684 0.018549 0.094728 0.018549 0.092772 0.016608 0.089845 0.016608 0.088873 0.015629 0.087889 0.015629 0.084961 0.012692 0.083990 0.013671 0.077021 0.010927
1 0.116205 0.061521 0.125000 0.070315 0.125000 0.071294 0.125972 0.072273 0.125972 0.073234 0.128912 0.076171 0.126956 0.078129 0.125972 0.078129 0.121088 0.083007 0.120117 0.082028 0.118161 0.082028 0.115233 0.084965 0.114262 0.083986 0.113277 0.083986 0.112306 0.083007 0.111334 0.083007 0.110350 0.082028 0.110350 0.081049 0.109378 0.080070 0.109378 0.076171 0.110350 0.075192 0.110350 0.073234 0.111334 0.072273 0.111334 0.070315 0.112306 0.069336 0.112306 0.066399 0.113277 0.065437 0.115570 0.061888 0.115233 0.061521
1 0.168951 0.056643 0.167966 0.057622 0.165039 0.057622 0.164067 0.058601 0.162111 0.058601 0.153316 0.067378 0.151373 0.067378 0.147461 0.071294 0.147461 0.072273 0.146490 0.073234 0.146490 0.074213 0.145505 0.075192 0.145505 0.076171 0.147461 0.078129 0.147461 0.079108 0.151373 0.083007 0.152345 0.083007 0.154301 0.084965 0.156244 0.084965 0.165039 0.093741 0.167966 0.093741 0.169922 0.091801 0.169922 0.086906 0.170894 0.085944 0.170894 0.080070 0.169922 0.079108 0.169922 0.077150 0.168951 0.076171 0.168951 0.075192 0.169922 0.074213 0.169922 0.071294 0.169365 0.057605
1 0.260738 0.066399 0.260738 0.067378 0.261723 0.068357 0.261723 0.069336 0.258795 0.072273 0.258795 0.074213 0.259767 0.075192 0.259767 0.081049 0.255855 0.084965 0.252927 0.084965 0.251956 0.083986 0.250972 0.083986 0.250000 0.083007 0.249028 0.083007 0.245117 0.086906 0.245117 0.087885 0.243161 0.089843 0.240233 0.086906 0.240233 0.084965 0.239262 0.083986 0.240233 0.083007 0.240233 0.079108 0.239262 0.078129 0.239262 0.077150 0.240233 0.076171 0.240233 0.075192 0.238277 0.073234 0.238277 0.072273 0.237306 0.071294 0.237306 0.068357 0.240233 0.065437 0.242189 0.067378 0.244145 0.067378 0.247073 0.070315 0.251399 0.061241 0.250972 0.060542 0.251956 0.060542 0.255855 0.064458 0.258795 0.064458
1 0.631839 0.102535 0.636723 0.107430 0.636723 0.108392 0.637694 0.109371 0.637694 0.110350 0.638666 0.111329 0.638666 0.113287 0.639650 0.114266 0.639650 0.115227 0.644534 0.120122 0.644534 0.121101 0.647461 0.124021 0.647461 0.125000 0.649417 0.126958 0.649417 0.127937 0.653316 0.131836 0.653316 0.133794 0.654301 0.134773 0.654301 0.137692 0.650389 0.141608 0.648433 0.141608 0.647461 0.140629 0.646490 0.140629 0.640622 0.146486 0.638666 0.146486 0.638666 0.147465 0.636723 0.149406 0.629883 0.149406 0.628912 0.150385 0.626956 0.150385 0.625972 0.149406 0.619145 0.149406 0.616205 0.146486 0.616205 0.141608 0.618161 0.139650 0.618161 0.137692 0.620117 0.135734 0.620117 0.130857 0.621088 0.129878 0.621088 0.125979 0.622073 0.125000 0.622073 0.124021 0.623044 0.123042 0.623044 0.120122 0.624028 0.119143 0.624028 0.115227 0.625000 0.114266 0.625000 0.107430 0.626956 0.105472 0.630777 0.103007 0.629883 0.102535
1 0.115233 0.887692 0.112889 0.887622 0.112306 0.886713 0.111334 0.887692 0.111334 0.888671 0.110350 0.889650 0.110350 0.892570 0.109378 0.893549 0.109378 0.895507 0.108394 0.896486 0.108394 0.899406 0.105466 0.902343 0.105466 0.906259 0.106451 0.907220 0.106451 0.908199 0.108394 0.910157 0.114262 0.910157 0.115233 0.909178 0.116205 0.909178 0.117189 0.908199 0.119145 0.908199 0.120117 0.907220 0.122073 0.907220 0.124028 0.905280 0.124028 0.902343 0.122073 0.900385 0.122073 0.898444 0.121088 0.897465 0.121088 0.896486 0.120117 0.895507 0.120117 0.894528 0.118161 0.892570 0.118161 0.891608 0.117189 0.890629 0.117189 0.889650
1 0.424806 0.012692 0.425777 0.013671 0.425777 0.015629 0.427733 0.017570 0.427733 0.018549 0.429689 0.020507 0.429689 0.024406 0.430661 0.025385 0.431645 0.025385 0.434573 0.028322 0.434573 0.030280 0.435544 0.031259 0.435544 0.032220 0.436528 0.033199 0.436528 0.034178 0.438472 0.036136 0.439456 0.036136 0.440427 0.037115 0.441412 0.036136 0.441412 0.035157 0.445311 0.031259 0.445311 0.027343 0.450194 0.022465 0.450194 0.021486 0.453122 0.018549 0.453122 0.016608 0.455078 0.014650 0.455078 0.013671 0.456049 0.012692 0.456049 0.011713 0.458990 0.008794 0.458990 0.007815 0.461917 0.004878 0.461917 0.003899 0.462889 0.002937 0.462889 0.000979 0.461917 0.000000 0.426360 0.000542 0.425777 0.000000 0.425777 0.005857 0.426762 0.006836 0.426762 0.008794 0.424806 0.010734
1 0.418951 0.101556 0.419922 0.101556 0.420894 0.100594 0.423834 0.100594 0.425777 0.102535 0.427733 0.102535 0.429689 0.104493 0.430661 0.104493 0.433588 0.107430 0.433588 0.111329 0.428705 0.116206 0.428705 0.117185 0.427733 0.118164 0.426762 0.118164 0.424806 0.120122 0.422850 0.120122 0.421878 0.119143 0.421878 0.118164 0.420894 0.117185 0.420894 0.113287 0.418951 0.111329 0.418951 0.108392 0.419922 0.107430 0.419767 0.101801
1 0.345622 0.099545 0.344728 0.098636 0.343756 0.098636 0.342772 0.099615 0.341801 0.099615 0.333990 0.107430 0.333990 0.111329 0.337889 0.115227 0.338873 0.115227 0.340816 0.117185 0.341801 0.117185 0.342772 0.118164 0.345699 0.118164 0.347655 0.116206 0.347655 0.107430 0.346684 0.106451
1 0.290039 0.252937 0.287111 0.255857 0.287111 0.256836 0.286127 0.257815 0.286127 0.261713 0.282228 0.265629 0.281244 0.265629 0.280272 0.266608 0.266606 0.266608 0.264650 0.268549 0.261723 0.268549 0.259767 0.270507 0.251956 0.270507 0.250000 0.268549 0.250000 0.267570 0.249028 0.266608 0.249028 0.265629 0.250000 0.264650 0.250000 0.262692 0.250972 0.261713 0.250972 0.258794 0.251956 0.257815 0.251956 0.254878 0.252927 0.253899 0.252927 0.251958 0.253912 0.250979 0.253912 0.250000 0.254883 0.249021 0.254883 0.248042 0.255855 0.247063 0.255855 0.244143 0.256839 0.243164 0.256839 0.242185 0.257811 0.241206 0.257811 0.238287 0.258795 0.237308 0.258795 0.235350 0.259767 0.234371 0.259767 0.231451 0.260738 0.230472 0.264262 0.225524 0.263666 0.224615 0.269534 0.230472 0.269534 0.231451 0.270505 0.232430 0.270505 0.235350 0.274417 0.239266 0.274417 0.240227 0.276373 0.242185 0.276373 0.244143 0.277345 0.245122 0.277345 0.246101 0.282228 0.250979 0.284184 0.250979 0.285155 0.250000 0.287111 0.250000
1 0.334961 0.324213 0.335933 0.323234 0.338873 0.323234 0.349611 0.333986 0.349611 0.334965 0.353510 0.338864 0.353510 0.339843 0.359378 0.345699 0.360350 0.345699 0.364262 0.349615 0.365233 0.349615 0.369145 0.353514 0.369145 0.356451 0.364262 0.361329 0.361334 0.361329 0.359378 0.363287 0.358394 0.363287 0.355466 0.366206 0.354495 0.366206 0.353510 0.367185 0.350583 0.367185 0.347655 0.370122 0.345699 0.370122 0.343756 0.372063 0.342772 0.372063 0.340816 0.374021 0.338873 0.374021 0.335933 0.376958 0.332034 0.376958 0.330078 0.375000 0.330078 0.370122 0.331049 0.369143 0.331049 0.361329 0.332034 0.360350 0.332034 0.334965 0.333005 0.333986 0.333005 0.330070 0.333990 0.330070 0.335272 0.324843
1 0.388666 0.283199 0.387694 0.284178 0.388666 0.285157 0.388666 0.288094 0.387681 0.288392 0.386723 0.288094 0.385738 0.289056 0.385738 0.290035 0.384767 0.291014 0.384767 0.293951 0.385738 0.294930 0.385738 0.297850 0.386723 0.298829 0.386723 0.312500 0.387694 0.313479 0.387694 0.314458 0.389650 0.316399 0.391606 0.316399 0.395505 0.312500 0.395505 0.311521 0.397461 0.309563 0.397461 0.308601 0.401373 0.304685 0.402345 0.304685 0.403316 0.303706 0.403316 0.302727 0.404301 0.301766 0.404301 0.300787 0.405272 0.299808 0.405272 0.298829 0.404301 0.297850 0.404301 0.296871 0.400389 0.292972 0.397461 0.292972 0.391606 0.287115 0.391606 0.284178 0.390622 0.283199
1 0.510738 0.289056 0.511723 0.290035 0.511723 0.291014 0.513666 0.292972 0.514650 0.292972 0.515622 0.291993 0.516606 0.291993 0.517578 0.292972 0.518549 0.291993 0.518549 0.291014 0.519534 0.290035 0.520505 0.290035 0.524417 0.286136 0.526373 0.286136 0.533199 0.279301 0.534184 0.279301 0.539067 0.274406 0.541995 0.274406 0.545894 0.270507 0.547850 0.270507 0.552733 0.265629 0.552733 0.261713 0.547850 0.256836 0.546878 0.256836 0.547850 0.256836 0.542966 0.251958 0.542966 0.250979 0.541995 0.250000 0.541995 0.248042 0.541010 0.247063 0.541010 0.245122 0.541995 0.244143 0.541995 0.243164 0.541010 0.242185 0.541010 0.239266 0.539067 0.237308 0.537111 0.237308 0.534184 0.240227 0.533199 0.240227 0.531244 0.242185 0.530272 0.242185 0.526373 0.246101 0.525389 0.246101 0.522461 0.249021 0.522461 0.250000 0.516593 0.250839 0.515622 0.250000 0.514650 0.250979 0.514650 0.251958 0.513666 0.252937 0.512694 0.252937 0.510738 0.254878 0.510738 0.255857 0.507811 0.258794 0.507811 0.261713 0.509767 0.263671 0.509767 0.270507 0.512694 0.273444 0.512694 0.276364 0.511723 0.277343 0.511723 0.279301 0.512694 0.280280 0.512694 0.283199 0.511723 0.284178 0.511723 0.286136 0.510738 0.287115
1 0.456049 0.413094 0.458990 0.416014 0.458990 0.416993 0.459961 0.417972 0.459961 0.418951 0.461917 0.420892 0.461917 0.423829 0.462889 0.424808 0.462889 0.426766 0.463873 0.427727 0.463873 0.429685 0.461917 0.431643 0.459961 0.431643 0.458990 0.432622 0.450194 0.432622 0.449223 0.431643 0.449223 0.427727 0.451166 0.425787 0.451166 0.422850 0.452150 0.421871 0.452150 0.420892 0.453122 0.419930 0.453122 0.417972 0.454106 0.416993 0.456153 0.413706
1 0.569339 0.224615 0.569339 0.222657 0.568355 0.221678 0.568355 0.213864 0.564456 0.209965 0.564456 0.204108 0.565764 0.190804 0.565427 0.190437 0.558588 0.190437 0.557617 0.191399 0.555661 0.191399 0.551762 0.195315 0.549806 0.195315 0.546878 0.198234 0.545894 0.198234 0.543951 0.200192 0.541995 0.200192 0.540039 0.202150 0.538083 0.202150 0.536127 0.204108 0.533199 0.204108 0.528316 0.208986 0.528316 0.209965 0.530272 0.211906 0.530272 0.212885 0.531244 0.213864 0.531244 0.214843 0.540039 0.223636 0.541995 0.223636 0.543951 0.225594 0.543951 0.226556 0.544922 0.227535 0.544922 0.228514 0.547850 0.231451 0.547850 0.232430 0.557617 0.242185 0.559573 0.242185 0.561528 0.240227 0.561528 0.231451 0.566412 0.226556 0.567383 0.226556
1 0.672850 0.154301 0.671878 0.155280 0.669922 0.155280 0.666995 0.158199 0.666995 0.160157 0.658199 0.168951 0.655272 0.168951 0.653316 0.166993 0.650389 0.166993 0.648433 0.168951 0.647461 0.168951 0.646490 0.169930 0.646490 0.170892 0.647461 0.171871 0.647461 0.172850 0.646490 0.173829 0.646490 0.174808 0.645505 0.175787 0.645505 0.176766 0.644534 0.177727 0.644534 0.180664 0.643549 0.181643 0.643549 0.184563 0.641606 0.186521 0.641606 0.188479 0.638666 0.191399 0.638666 0.193357 0.637694 0.194336 0.637694 0.199213 0.638666 0.200192 0.649417 0.200192 0.651373 0.202150 0.654301 0.202150 0.655272 0.203129 0.656244 0.202150 0.655272 0.203129 0.656244 0.204108 0.656244 0.206049 0.659184 0.208986 0.659184 0.215822 0.660155 0.216801 0.660155 0.219720 0.662111 0.221678 0.662111 0.222657 0.663083 0.223636 0.663083 0.225594 0.664067 0.226556 0.665039 0.226556 0.666995 0.224615 0.666995 0.223636 0.668951 0.221678 0.669922 0.221678 0.674806 0.216801 0.674806 0.215822 0.681645 0.208986 0.681645 0.208007 0.685544 0.204108 0.688472 0.204108 0.696295 0.196294 0.696295 0.195315 0.695311 0.194336 0.695311 0.188479 0.693355 0.186521 0.693355 0.185542 0.692383 0.184563 0.688472 0.184563 0.686528 0.182622 0.685544 0.182622 0.684573 0.181643 0.683588 0.181643 0.682617 0.180664 0.682617 0.179685 0.680661 0.177727 0.680661 0.174808 0.679689 0.173829 0.679689 0.169930 0.678705 0.168951 0.678705 0.164056 0.675777 0.161136 0.673497 0.155000
1 0.655272 0.221678 0.653316 0.219720 0.652345 0.219720 0.651373 0.218741 0.649236 0.218969 0.648433 0.218741 0.644534 0.214843 0.642578 0.214843 0.641606 0.213864 0.640622 0.213864 0.629883 0.224615 0.629883 0.225594 0.619145 0.236329 0.619145 0.237308 0.617189 0.239266 0.617189 0.241206 0.618161 0.242185 0.620117 0.242185 0.624028 0.246101 0.626956 0.246101 0.628912 0.248042 0.629883 0.248042 0.630855 0.249021 0.632811 0.249021 0.633795 0.250000 0.635738 0.250000 0.636723 0.250979 0.636723 0.251958 0.644534 0.259773 0.644534 0.260734 0.646490 0.262692 0.649417 0.259773 0.649417 0.254878 0.650389 0.253899 0.650389 0.251958 0.651373 0.250979 0.651373 0.246101 0.652345 0.245122 0.652345 0.243164 0.653316 0.242185 0.653316 0.237308 0.654301 0.236329 0.654301 0.235350 0.655272 0.234371
1 0.689456 0.330070 0.689456 0.332028 0.690427 0.333007 0.689456 0.333986 0.689456 0.334965 0.688472 0.335944 0.688472 0.337885 0.689456 0.338864 0.689456 0.341801 0.687500 0.343741 0.687500 0.348636 0.686528 0.349615 0.687500 0.348636 0.687500 0.350594 0.686528 0.351556 0.686528 0.365227 0.684573 0.367185 0.684573 0.369143 0.683588 0.370122 0.683588 0.371101 0.684573 0.372063 0.684573 0.375979 0.681645 0.378899 0.679689 0.378899 0.676762 0.375979 0.676762 0.375000 0.667966 0.366206 0.666995 0.366206 0.665039 0.364266 0.662111 0.364266 0.660155 0.366206 0.659184 0.366206 0.657228 0.368164 0.656244 0.368164 0.654301 0.370122 0.653316 0.370122 0.648433 0.375000 0.647461 0.375000 0.645505 0.376958 0.643549 0.376958 0.639650 0.380857 0.638666 0.380857 0.636723 0.382815 0.635738 0.382815 0.634767 0.383794 0.633795 0.383794 0.632811 0.382815 0.632811 0.376958 0.633795 0.375979 0.633795 0.373042 0.632811 0.372063 0.632811 0.370122 0.633795 0.369143 0.633795 0.345699 0.634767 0.344720 0.633795 0.343741 0.632811 0.343741 0.630855 0.341801 0.629883 0.341801 0.625000 0.336906 0.625000 0.335944 0.625972 0.334965 0.625972 0.333986 0.631839 0.328129 0.633795 0.328129 0.640622 0.321294 0.642578 0.321294 0.647461 0.316399 0.649417 0.316399 0.651373 0.314458 0.652345 0.314458 0.654301 0.312500 0.657228 0.312500 0.659184 0.310542 0.660155 0.311521 0.664754 0.308479 0.664067 0.307622 0.665039 0.308601 0.665039 0.328129 0.664067 0.329108 0.664067 0.335944 0.665039 0.336906 0.669922 0.336906 0.671878 0.334965 0.672850 0.334965 0.675777 0.332028 0.676762 0.332028 0.678705 0.330070 0.680661 0.330070 0.682617 0.328129 0.687500 0.328129
1 0.627927 0.278322 0.628912 0.277343 0.633795 0.277343 0.634767 0.278322 0.635738 0.277343 0.639650 0.277343 0.641606 0.279301 0.649417 0.279301 0.652345 0.282220 0.652345 0.286136 0.649417 0.289056 0.649417 0.291993 0.647461 0.293951 0.647461 0.294930 0.643549 0.298829 0.643549 0.299808 0.641606 0.301766 0.641606 0.303706 0.637694 0.307622 0.634767 0.304685 0.634767 0.303706 0.632811 0.301766 0.632811 0.298829 0.631839 0.297850 0.631839 0.294930 0.630855 0.293951 0.630855 0.291993 0.629883 0.291014 0.629883 0.290035 0.628912 0.289056 0.628912 0.287115 0.627927 0.286136 0.627927 0.285157 0.628912 0.284178 0.628692 0.278566
1 0.512694 0.366206 0.513355 0.362622 0.512694 0.362308 0.515622 0.359371 0.517578 0.359371 0.519534 0.357430 0.522461 0.357430 0.523433 0.356451 0.525389 0.356451 0.526373 0.355472 0.528316 0.355472 0.529301 0.354493 0.533199 0.354493 0.535155 0.352535 0.538083 0.352535 0.541995 0.356451 0.541995 0.366206 0.540039 0.368164 0.540039 0.370122 0.537111 0.373042 0.537111 0.376958 0.536127 0.377937 0.536127 0.378899 0.535155 0.379878 0.535155 0.380857 0.534184 0.381836 0.534184 0.382815 0.532228 0.384773 0.532228 0.386713 0.527345 0.391608 0.523433 0.387692 0.523433 0.386713 0.522461 0.385734 0.522461 0.384773 0.521490 0.383794 0.521490 0.380857 0.520505 0.379878 0.520505 0.376958 0.519534 0.375979 0.519534 0.375000 0.516606 0.372063 0.516606 0.371101 0.514650 0.369143 0.514650 0.368164
1 0.595699 0.348636 0.597655 0.350594 0.597655 0.351556 0.605466 0.359371 0.607422 0.359371 0.608394 0.358392 0.608394 0.354493 0.609378 0.353514 0.609378 0.350594 0.610350 0.349615 0.610350 0.348636 0.611334 0.347657 0.611334 0.343741 0.608394 0.340822 0.605466 0.340822 0.604495 0.341801 0.602539 0.341801 0.600583 0.343741 0.599611 0.343741 0.596658 0.347762 0.595699 0.347657
1 0.204106 0.885734 0.211917 0.885734 0.213873 0.887692 0.215816 0.887692 0.217772 0.889650 0.220699 0.889650 0.221684 0.890629 0.229495 0.890629 0.231451 0.892570 0.235350 0.892570 0.236334 0.893549 0.236334 0.897465 0.235350 0.898444 0.235350 0.901364 0.230466 0.906259 0.230466 0.907220 0.228510 0.909178 0.228510 0.911136 0.224611 0.915035 0.224611 0.917972 0.219728 0.922850 0.219728 0.924808 0.216801 0.927727 0.216801 0.928706 0.215816 0.929685 0.214845 0.929685 0.212889 0.927727 0.212889 0.926766 0.211917 0.925787 0.211917 0.921871 0.210933 0.920892 0.210933 0.918951 0.208005 0.916014 0.207034 0.916014 0.203122 0.912115 0.203122 0.906259 0.204106 0.905280 0.205078 0.905280 0.207034 0.903322 0.203174 0.886748 0.203122 0.886713
1 0.534184 0.340822 0.534184 0.338864 0.536127 0.336906 0.536127 0.335944 0.540039 0.332028 0.541995 0.332028 0.542966 0.331049 0.544922 0.331049 0.545894 0.330070 0.546878 0.330070 0.551762 0.334965 0.561528 0.334965 0.563472 0.333007 0.566412 0.333007 0.567383 0.333986 0.576166 0.333986 0.577150 0.333007 0.578122 0.333007 0.581049 0.335944 0.581049 0.338864 0.580078 0.339843 0.580078 0.341801 0.579106 0.342780 0.579106 0.343741 0.578122 0.344720 0.578122 0.346678 0.577150 0.347657 0.577150 0.348636 0.576166 0.349615 0.576166 0.352535 0.575194 0.353514 0.575194 0.354493 0.573238 0.356451 0.573238 0.359371 0.572267 0.360350 0.572267 0.363287 0.571295 0.364266 0.571295 0.365227 0.570311 0.366206 0.570311 0.367185 0.569339 0.368164 0.569339 0.372063 0.568355 0.373042 0.568355 0.375000 0.567383 0.375979 0.567383 0.376958 0.566412 0.377937 0.566412 0.378899 0.562500 0.382815 0.548951 0.351259 0.548834 0.350594 0.547850 0.351556 0.546878 0.350594 0.546878 0.348636 0.545894 0.347657 0.545894 0.346678 0.542966 0.343741 0.540039 0.343741 0.539067 0.344720 0.538083 0.344720
1 0.615233 0.513671 0.615233 0.511713 0.612306 0.508794 0.613277 0.507815 0.613277 0.506836 0.611334 0.504878 0.611334 0.500000 0.612306 0.499021 0.612306 0.496101 0.611334 0.495122 0.611334 0.490227 0.609378 0.488287 0.609378 0.480472 0.607422 0.478514 0.608394 0.477535 0.608394 0.472657 0.606386 0.469895 0.605466 0.469720 0.602539 0.469720 0.600583 0.471678 0.598627 0.471678 0.595699 0.474615 0.595699 0.475594 0.596684 0.476556 0.596684 0.477535 0.595699 0.478514 0.595699 0.479493 0.591801 0.483392 0.591801 0.484371 0.589845 0.486329 0.589845 0.487308 0.583990 0.493164 0.583990 0.494143 0.583005 0.495122 0.583005 0.496101 0.580078 0.499021 0.580078 0.500000 0.579106 0.500979 0.579106 0.502937 0.581049 0.504878 0.582034 0.504878 0.583990 0.506836 0.587889 0.506836 0.588873 0.507815 0.592772 0.507815 0.594728 0.509773 0.597655 0.509773 0.599611 0.511713 0.600583 0.511713 0.602539 0.513671 0.605466 0.513671 0.607422 0.515629 0.609378 0.515629 0.610350 0.516608 0.612306 0.516608
1 0.333990 0.414056 0.332034 0.416014 0.332034 0.416993 0.331049 0.417972 0.331049 0.421871 0.330078 0.422850 0.330078 0.425787 0.328122 0.427727 0.328122 0.428706 0.327150 0.429685 0.327150 0.433601 0.324223 0.436521 0.322267 0.436521 0.319339 0.439458 0.319339 0.443357 0.320311 0.444336 0.320311 0.445315 0.321295 0.446294 0.321295 0.448234 0.322267 0.449213 0.322267 0.450192 0.324223 0.452150 0.324223 0.454108 0.325194 0.455070 0.325194 0.457028 0.326166 0.458007 0.326166 0.458986 0.327150 0.459965 0.327150 0.461906 0.328122 0.462885 0.328122 0.464843 0.329106 0.465822 0.329106 0.467780 0.330078 0.468741 0.330078 0.469720 0.331049 0.470699 0.331049 0.472657 0.332034 0.473636 0.332034 0.476556 0.333005 0.477535 0.333005 0.478514 0.334961 0.480472 0.334961 0.483392 0.335933 0.484371 0.335933 0.486329 0.340816 0.491206 0.342772 0.489266 0.342772 0.488287 0.343756 0.487308 0.343756 0.486329 0.344728 0.485350 0.344728 0.484371 0.346684 0.482430 0.346684 0.479493 0.347655 0.478514 0.347655 0.477535 0.348627 0.476556 0.348627 0.474615 0.349611 0.473636 0.349611 0.471678 0.351567 0.469720 0.351567 0.467780 0.352539 0.466801 0.352539 0.465822 0.353510 0.464843 0.353510 0.462885 0.357422 0.458986 0.357422 0.456049 0.359378 0.454108 0.359378 0.453129 0.360350 0.452150 0.360350 0.451171 0.361334 0.450192 0.361334 0.448234 0.363277 0.446294 0.363277 0.440437 0.361334 0.438479 0.351567 0.438479 0.346684 0.433601 0.346684 0.431643 0.344728 0.429685 0.344728 0.428706 0.343756 0.427727 0.343756 0.425787 0.340816 0.422850 0.340816 0.421871 0.339845 0.420892 0.339845 0.418951 0.337889 0.416993 0.337889 0.416014 0.336917 0.415035 0.334702 0.414371
1 0.138666 0.555664 0.138666 0.558601 0.137694 0.559563 0.137694 0.562500 0.135738 0.564458 0.135738 0.567378 0.133795 0.569336 0.133795 0.571294 0.131839 0.573234 0.131839 0.576171 0.129883 0.578129 0.129883 0.580070 0.126956 0.583007 0.126956 0.585944 0.125972 0.586906 0.125972 0.587885 0.127927 0.589843 0.127927 0.591801 0.128912 0.592780 0.128912 0.600594 0.128912 0.599615 0.127927 0.600594 0.123044 0.600594 0.122073 0.599615 0.111334 0.599615 0.109378 0.597657 0.096684 0.597657 0.094728 0.595699 0.088873 0.595699 0.087889 0.594720 0.087889 0.589843 0.090816 0.586906 0.090816 0.585944 0.091801 0.584965 0.091801 0.583986 0.092772 0.583007 0.092772 0.580070 0.095699 0.577150 0.095699 0.574213 0.100583 0.569336 0.100583 0.567378 0.102539 0.565437 0.113769 0.547850 0.113277 0.546871 0.116205 0.549808 0.116205 0.551766 0.117189 0.552727 0.117189 0.554685 0.118161 0.555664 0.120117 0.553706 0.136723 0.553706
1 0.085933 0.723636 0.085933 0.726556 0.086917 0.727535 0.086917 0.733392 0.087889 0.734371 0.087889 0.735350 0.088873 0.736329 0.088873 0.738287 0.089845 0.739266 0.089845 0.746101 0.090816 0.747063 0.090816 0.749021 0.091801 0.750000 0.091801 0.752937 0.092772 0.753899 0.092772 0.758794 0.093756 0.759773 0.093756 0.761713 0.092772 0.762692 0.092772 0.763671 0.093756 0.764650 0.093756 0.769528 0.094728 0.770507 0.094728 0.771486 0.095699 0.772465 0.095699 0.773444 0.096684 0.774406 0.098627 0.774406 0.102539 0.770507 0.103510 0.770507 0.107422 0.766608 0.109378 0.768549 0.108394 0.769528 0.108394 0.770507 0.109378 0.771486 0.109378 0.772465 0.111334 0.774406 0.113277 0.774406 0.114262 0.775385 0.117189 0.775385 0.118161 0.776364 0.121088 0.776364 0.122073 0.777343 0.128912 0.777343 0.129883 0.776364 0.132811 0.779301 0.135738 0.779301 0.137694 0.777343 0.137694 0.776364 0.138666 0.775385 0.138666 0.774406 0.139650 0.773444 0.139650 0.767570 0.138666 0.766608 0.138666 0.765629 0.137694 0.764650 0.137694 0.763671 0.135738 0.761713 0.132811 0.761713 0.128912 0.765629 0.127927 0.765629 0.126956 0.764650 0.126956 0.763671 0.125972 0.762692 0.125972 0.760734 0.124028 0.758794 0.124028 0.756836 0.123044 0.755857 0.123044 0.753899 0.122073 0.752937 0.122073 0.751958 0.119145 0.749021 0.119145 0.748042 0.121088 0.746101 0.121088 0.743164 0.124028 0.740227 0.124028 0.736329 0.121088 0.733392 0.118161 0.733392 0.117189 0.732430 0.115233 0.732430 0.113277 0.730472 0.110350 0.730472 0.108394 0.728514 0.105466 0.728514 0.103510 0.726556 0.102539 0.726556 0.100583 0.724615 0.099611 0.724615 0.098627 0.725594 0.088316 0.721976 0.087889 0.721678
1 0.049806 0.687500 0.048834 0.688479 0.045894 0.688479 0.041995 0.684563 0.041995 0.681643 0.039067 0.678706 0.039067 0.677727 0.038083 0.676766 0.038083 0.675787 0.035155 0.672850 0.035155 0.671871 0.034184 0.670892 0.034184 0.669930 0.033199 0.668951 0.033199 0.666993 0.053407 0.662920 0.052733 0.662115 0.053705 0.663094 0.053705 0.671871 0.052733 0.672850 0.052733 0.675787 0.051762 0.676766 0.051762 0.682622 0.049806 0.684563
1 0.098627 0.834965 0.098627 0.824213 0.095699 0.821294 0.095699 0.818357 0.096684 0.817378 0.096684 0.816399 0.094793 0.808899 0.094728 0.808601 0.091801 0.808601 0.087889 0.812500 0.087889 0.813479 0.077150 0.824213 0.077150 0.826171 0.083005 0.832028 0.085933 0.832028 0.086917 0.833007 0.087889 0.833007 0.088873 0.833986 0.089845 0.833986 0.090816 0.834965 0.092772 0.834965 0.094728 0.836906 0.096684 0.836906
0 0.425091 0.724213 0.416995 0.763531 0.447137 0.753706 0.437021 0.735944
0 0.795350 0.597552 0.783549 0.613287 0.801321 0.619983 0.799132 0.602867
1 0.299806 0.780280 0.298834 0.781259 0.293951 0.781259 0.292966 0.782220 0.291995 0.782220 0.288083 0.786136 0.286127 0.786136 0.284184 0.788094 0.283199 0.788094 0.281244 0.790035 0.278316 0.790035 0.275389 0.792972 0.274417 0.792972 0.271490 0.795892 0.271490 0.797850 0.272461 0.798829 0.272461 0.799808 0.276373 0.803706 0.276373 0.804685 0.279301 0.807622 0.280272 0.807622 0.282228 0.809563 0.283199 0.809563 0.285155 0.811521 0.285155 0.812500 0.288083 0.815437 0.288083 0.816399 0.292966 0.821294 0.295894 0.821294 0.297850 0.819336 0.297850 0.810542 0.298834 0.809563 0.298834 0.800787 0.297850 0.799808 0.297850 0.795892 0.298834 0.794930 0.299961 0.780979
1 0.283199 0.714843 0.283199 0.719720 0.284184 0.720699 0.284184 0.725594 0.285155 0.726556 0.285155 0.728514 0.284184 0.729493 0.284184 0.733392 0.283199 0.734371 0.283199 0.737308 0.281244 0.739266 0.281244 0.742185 0.283199 0.744143 0.284184 0.744143 0.287111 0.747063 0.287111 0.748042 0.289067 0.750000 0.289067 0.750979 0.290039 0.751958 0.290039 0.752937 0.291010 0.753899 0.291010 0.757815 0.291995 0.758794 0.291995 0.761713 0.292966 0.762692 0.292966 0.764650 0.293951 0.765629 0.293951 0.766608 0.294922 0.767570 0.294922 0.770507 0.296878 0.772465 0.297850 0.772465 0.301762 0.768549 0.302733 0.768549 0.306645 0.772465 0.307617 0.771486 0.307617 0.768549 0.308588 0.767570 0.308588 0.766608 0.309573 0.765629 0.312500 0.765629 0.313472 0.766608 0.315427 0.766608 0.316412 0.765629 0.316412 0.753899 0.315427 0.752937 0.315427 0.739266 0.314456 0.738287 0.314456 0.726556 0.313472 0.725594 0.313472 0.723636 0.314456 0.722657 0.314456 0.715822 0.311528 0.712885 0.308588 0.712885 0.303705 0.717780 0.302733 0.717780 0.301762 0.716801 0.300777 0.716801 0.299806 0.715822 0.293951 0.715822 0.292966 0.714843 0.291995 0.715822 0.284158 0.715245
1 0.404301 0.813479 0.404301 0.814458 0.403316 0.815437 0.403316 0.819336 0.402345 0.820315 0.402345 0.822273 0.403316 0.823234 0.403316 0.836906 0.404301 0.837885 0.404301 0.838864 0.406244 0.840822 0.406244 0.846678 0.407228 0.847657 0.407228 0.848636 0.406244 0.849615 0.406244 0.851556 0.402345 0.855472 0.402345 0.859371 0.407228 0.864266 0.407228 0.867185 0.411127 0.871101 0.412111 0.871101 0.417966 0.865227 0.418951 0.866206 0.418951 0.867185 0.417966 0.868164 0.417966 0.871101 0.416995 0.872063 0.416995 0.874021 0.416010 0.875000 0.416010 0.875979 0.415039 0.876958 0.415039 0.877937 0.414067 0.878899 0.414067 0.881836 0.413083 0.882815 0.413083 0.885734 0.410155 0.888671 0.410155 0.892570 0.409184 0.893549 0.409184 0.896486 0.408199 0.897465 0.408199 0.898444 0.406244 0.900385 0.406244 0.903322 0.408199 0.905280 0.411127 0.905280 0.412111 0.904301 0.415039 0.904301 0.416010 0.903322 0.425777 0.903322 0.426762 0.902343 0.429689 0.902343 0.430661 0.901364 0.436528 0.901364 0.437500 0.900385 0.438472 0.900385 0.439456 0.899406 0.449223 0.899406 0.450194 0.898444 0.454106 0.898444 0.455078 0.897465 0.455078 0.894528 0.453122 0.892570 0.453122 0.888671 0.450194 0.885734 0.450194 0.882815 0.449223 0.881836 0.449223 0.880857 0.445311 0.876958 0.445311 0.874021 0.442383 0.871101 0.442383 0.855472 0.441412 0.854493 0.436528 0.854493 0.434573 0.852535 0.436528 0.850594 0.438472 0.850594 0.439456 0.849615 0.441412 0.849615 0.443355 0.847657 0.443355 0.842780 0.445311 0.840822 0.445311 0.839843 0.442383 0.836906 0.441412 0.836906 0.436528 0.832028 0.436528 0.829108 0.435544 0.828129 0.435544 0.823234 0.434573 0.822273 0.434573 0.818357 0.433588 0.817378 0.427733 0.823234 0.420894 0.823234 0.418951 0.821294 0.417966 0.821294 0.414067 0.817378 0.413083 0.817378 0.412111 0.816399 0.411127 0.816399 0.409184 0.814458 0.405790 0.813147 0.405272 0.812500
1 0.376956 0.562500 0.378912 0.562500 0.380855 0.564458 0.382811 0.564458 0.385738 0.567378 0.386723 0.567378 0.388666 0.569336 0.391606 0.569336 0.398433 0.576171 0.400389 0.576171 0.404301 0.580070 0.406244 0.580070 0.409184 0.583007 0.411127 0.583007 0.415039 0.586906 0.415039 0.590822 0.401373 0.604493 0.400389 0.604493 0.391606 0.613287 0.392578 0.613287 0.383795 0.622063 0.381839 0.622063 0.378912 0.619143 0.378912 0.616206 0.377927 0.615227 0.377927 0.613287 0.378912 0.612308 0.378912 0.605472 0.377927 0.604493 0.377927 0.595699 0.376956 0.594720 0.376956 0.591801 0.375972 0.590822 0.375972 0.587885 0.376956 0.586906 0.375972 0.585944 0.375972 0.579108 0.376956 0.578129 0.377111 0.562605
1 0.469728 0.646486 0.469728 0.651364 0.470699 0.652343 0.470699 0.655280 0.471684 0.656259 0.471684 0.657220 0.472655 0.658199 0.472655 0.659178 0.475583 0.662115 0.475583 0.663094 0.476567 0.664056 0.476567 0.665035 0.478510 0.666993 0.478510 0.668951 0.481451 0.671871 0.481451 0.674808 0.483394 0.676766 0.483394 0.677727 0.484378 0.678706 0.484378 0.679685 0.485350 0.680664 0.485350 0.682622 0.488277 0.685542 0.488277 0.686521 0.490233 0.688479 0.494145 0.684563 0.494145 0.683601 0.495117 0.682622 0.494145 0.681643 0.496088 0.679685 0.496088 0.676766 0.497073 0.675787 0.497073 0.673829 0.498044 0.672850 0.498044 0.670892 0.499028 0.669930 0.499028 0.668951 0.500000 0.667972 0.500000 0.666014 0.500972 0.665035 0.500972 0.663094 0.501956 0.662115 0.501956 0.660157 0.502927 0.659178 0.502927 0.658199 0.503912 0.657220 0.503912 0.655280 0.504883 0.654301 0.504883 0.652343 0.505855 0.651364 0.505855 0.645507 0.504883 0.644528 0.492189 0.644528 0.490233 0.646486 0.491205 0.647465 0.470376 0.646871
1 0.526373 0.688479 0.528316 0.686521 0.530272 0.686521 0.532228 0.684563 0.537111 0.684563 0.539067 0.682622 0.542966 0.682622 0.543951 0.681643 0.546878 0.681643 0.548834 0.679685 0.551762 0.679685 0.555661 0.675787 0.559573 0.675787 0.563472 0.679685 0.563472 0.680664 0.564456 0.681643 0.564456 0.684563 0.563472 0.685542 0.563472 0.686521 0.562500 0.687500 0.563472 0.688479 0.563472 0.690437 0.562500 0.691399 0.562500 0.694336 0.561528 0.695315 0.561528 0.696294 0.560544 0.697273 0.560544 0.702150 0.559573 0.703129 0.559573 0.708007 0.558588 0.708986 0.558588 0.709965 0.557617 0.710944 0.557617 0.717780 0.559573 0.719720 0.560544 0.719720 0.564456 0.723636 0.564456 0.726556 0.563472 0.727535 0.563472 0.728514 0.561528 0.730472 0.558588 0.730472 0.556645 0.728514 0.551762 0.728514 0.548834 0.725594 0.548834 0.724615 0.545894 0.721678 0.545894 0.719720 0.541995 0.715822 0.541995 0.714843 0.541010 0.713864 0.541010 0.712885 0.538083 0.709965 0.538083 0.708986 0.533199 0.704108 0.533199 0.703129 0.532228 0.702150 0.527241 0.688829
1 0.573238 0.003899 0.573238 0.004878 0.575194 0.006836 0.576166 0.006836 0.577150 0.007815 0.577150 0.009773 0.579106 0.011713 0.583005 0.011713 0.584961 0.013671 0.586917 0.013671 0.588873 0.015629 0.590816 0.015629 0.591801 0.016608 0.593756 0.016608 0.598627 0.021486 0.599611 0.021486 0.602539 0.018549 0.603510 0.019528 0.603510 0.021486 0.606451 0.018549 0.606451 0.017570 0.605466 0.016608 0.605466 0.015629 0.608394 0.012692 0.608394 0.011713 0.606451 0.009773 0.606451 0.008794 0.607422 0.007815 0.606451 0.006836 0.607422 0.005857 0.605466 0.003899 0.605466 0.001958 0.603510 0.000000 0.577591 -0.000385 0.577150 0.000000
1 0.646308 0.000000 0.645505 0.000000 0.646490 0.000979 0.646490 0.001958 0.647461 0.002937 0.647461 0.004878 0.644534 0.007815 0.642578 0.007815 0.641606 0.006836 0.636723 0.006836 0.635738 0.007815 0.635738 0.018549 0.636723 0.019528 0.636723 0.026364 0.637694 0.027343 0.637694 0.029301 0.636723 0.030280 0.636723 0.038094 0.637694 0.039056 0.637694 0.041014 0.638666 0.041993 0.638666 0.043951 0.639650 0.044930 0.639650 0.051766 0.640622 0.052727 0.640622 0.054685 0.641606 0.055664 0.641606 0.058601 0.640622 0.059563 0.643549 0.062500 0.645505 0.062500 0.651373 0.056643 0.651373 0.054685 0.652345 0.053706 0.653316 0.053706 0.655272 0.051766 0.655272 0.050787 0.657228 0.048829 0.657228 0.047850 0.661127 0.043951 0.661127 0.042972 0.668951 0.035157 0.668951 0.034178 0.673834 0.029301 0.673834 0.028322 0.674806 0.027343 0.674806 0.024406 0.675777 0.023444 0.674806 0.022465 0.670894 0.022465 0.666995 0.018549 0.665039 0.018549 0.663083 0.016608 0.663083 0.011713 0.671114 0.000350
1 0.714845 0.100594 0.712889 0.102535 0.711917 0.102535 0.709961 0.104493 0.709961 0.106451 0.711917 0.108392 0.711917 0.110350 0.710933 0.111329 0.710933 0.113287 0.712889 0.115227 0.712889 0.117185 0.713873 0.118164 0.713873 0.119143 0.714845 0.120122 0.714845 0.121101 0.716801 0.123042 0.716801 0.128899 0.717772 0.129878 0.717772 0.130857 0.718756 0.131836 0.718756 0.133794 0.719728 0.134773 0.719728 0.138671 0.720699 0.139650 0.720699 0.141608 0.719728 0.142570 0.717772 0.142570 0.712889 0.147465 0.712889 0.149406 0.716801 0.153322 0.716801 0.157220 0.719728 0.160157 0.719728 0.162115 0.720699 0.163094 0.720699 0.164056 0.721684 0.165035 0.721684 0.166993 0.719728 0.168951 0.719728 0.171871 0.723627 0.175787 0.724611 0.175787 0.725583 0.174808 0.727539 0.176766 0.727539 0.177727 0.729495 0.179685 0.729495 0.180664 0.730466 0.181643 0.730466 0.182622 0.734378 0.186521 0.735350 0.186521 0.737306 0.184563 0.737306 0.183601 0.738277 0.182622 0.738277 0.181643 0.741205 0.178706 0.741205 0.177727 0.740233 0.176766 0.740233 0.174808 0.743161 0.171871 0.743161 0.164056 0.745117 0.162115 0.745117 0.161136 0.746088 0.160157 0.746088 0.159178 0.748044 0.157220 0.748044 0.154301 0.749028 0.153322 0.749028 0.152343 0.750000 0.151364 0.750000 0.149406 0.750972 0.148444 0.750972 0.146486 0.751956 0.145507 0.751956 0.143549 0.748044 0.139650 0.746088 0.139650 0.737306 0.130857 0.736334 0.131836 0.737306 0.130857 0.737306 0.129878 0.736334 0.128899 0.737306 0.127937 0.737306 0.126958 0.738277 0.125979 0.748070 0.110507 0.748044 0.110350 0.747073 0.109371 0.747073 0.108392 0.743161 0.104493 0.737306 0.104493 0.736334 0.103514 0.735350 0.103514 0.734378 0.104493 0.732422 0.104493 0.730466 0.102535 0.720699 0.102535 0.718756 0.100594
1 0.782228 0.046871 0.789067 0.046871 0.791010 0.048829 0.792966 0.048829 0.799806 0.055664 0.800777 0.055664 0.802733 0.057622 0.803705 0.057622 0.809573 0.063479 0.810544 0.063479 0.811528 0.062500 0.813472 0.064458 0.813472 0.065437 0.814456 0.066399 0.815427 0.066399 0.818355 0.069336 0.819339 0.069336 0.822267 0.072273 0.822267 0.073234 0.820311 0.075192 0.820311 0.076171 0.822267 0.078129 0.821295 0.078129 0.812500 0.086906 0.811528 0.086906 0.810544 0.087885 0.810544 0.088864 0.809573 0.089843 0.809573 0.091801 0.806645 0.094720 0.806645 0.096678 0.805661 0.097657 0.805661 0.098636 0.804689 0.099615 0.804689 0.101556 0.803705 0.102535 0.803705 0.107430 0.804689 0.108392 0.804689 0.109371 0.805661 0.110350 0.805661 0.121101 0.804689 0.122063 0.803705 0.121101 0.801762 0.121101 0.800777 0.120122 0.794922 0.120122 0.792966 0.122063 0.787111 0.122063 0.784184 0.125000 0.784184 0.126958 0.783199 0.126958 0.782228 0.127937 0.780272 0.125979 0.780272 0.122063 0.779301 0.121101 0.779301 0.118164 0.774417 0.113287 0.771490 0.113287 0.770505 0.112308 0.770505 0.111329 0.769534 0.110350 0.769534 0.108392 0.768549 0.107430 0.768549 0.106451 0.769534 0.105472 0.769534 0.103514 0.770505 0.102535 0.770505 0.094720 0.774417 0.090822 0.775389 0.090822 0.779301 0.086906 0.779301 0.085944 0.780272 0.084965 0.780272 0.083007 0.783199 0.080070 0.783199 0.073234 0.782228 0.072273 0.782228 0.064458 0.783199 0.063479 0.783199 0.061521 0.782228 0.060542 0.782228 0.058601 0.781244 0.057622 0.781244 0.056643 0.780272 0.055664 0.780272 0.053706 0.781360 0.048969 0.781244 0.048829 0.781244 0.047850
1 0.885738 0.022465 0.885738 0.023444 0.886723 0.024406 0.886723 0.028322 0.889650 0.031259 0.889650 0.033199 0.891606 0.035157 0.891606 0.038094 0.892578 0.039056 0.892578 0.040035 0.893549 0.041014 0.893549 0.046871 0.895505 0.048829 0.895505 0.049808 0.896490 0.050787 0.896490 0.052727 0.897461 0.053706 0.897461 0.058601 0.899417 0.060542 0.899417 0.064458 0.902345 0.067378 0.904301 0.067378 0.909184 0.062500 0.910155 0.062500 0.911127 0.061521 0.911127 0.060542 0.913083 0.058601 0.913083 0.053706 0.916995 0.049808 0.916995 0.048829 0.917966 0.047850 0.917966 0.044930 0.919922 0.042972 0.919922 0.041993 0.922850 0.039056 0.922850 0.037115 0.923834 0.036136 0.923834 0.035157 0.924806 0.034178 0.924806 0.033199 0.926762 0.031259 0.926762 0.029301 0.927733 0.028322 0.927733 0.027343 0.930661 0.024406 0.930661 0.022465 0.924806 0.016608 0.921878 0.016608 0.920894 0.015629 0.919922 0.016608 0.916995 0.016608 0.915039 0.018549 0.912111 0.015629 0.904301 0.015629 0.903316 0.016608 0.902345 0.016608 0.901373 0.015629 0.901373 0.014650 0.900389 0.013671 0.898433 0.015629 0.892578 0.015629 0.887189 0.018374 0.886723 0.017570 0.886723 0.021486
1 0.921878 0.006836 0.924806 0.009773 0.925777 0.008794 0.926762 0.008794 0.928705 0.010734 0.928705 0.011713 0.931645 0.014650 0.932617 0.013671 0.933588 0.014650 0.934573 0.014650 0.935544 0.013671 0.937500 0.015629 0.940427 0.015629 0.941412 0.016608 0.943355 0.016608 0.944339 0.017570 0.945311 0.017570 0.946295 0.016608 0.946295 0.015629 0.951166 0.010734 0.951166 0.007815 0.950194 0.006836 0.950194 0.004878 0.949223 0.003899 0.949223 0.001958 0.947267 0.000000 0.925790 0.000017 0.925777 0.000000 0.925777 0.000979 0.922850 0.003899 0.922850 0.005857
1 0.808588 0.413094 0.809573 0.414056 0.811528 0.414056 0.814456 0.416993 0.814456 0.417972 0.815427 0.418951 0.816412 0.418951 0.819339 0.421871 0.819339 0.423829 0.823238 0.427727 0.823238 0.429685 0.831049 0.437500 0.831049 0.438479 0.833990 0.441399 0.833990 0.444336 0.833005 0.445315 0.833005 0.449213 0.833990 0.450192 0.833990 0.452150 0.835933 0.454108 0.835933 0.458007 0.836917 0.458986 0.836917 0.459965 0.835933 0.460944 0.819339 0.460944 0.817383 0.462885 0.811528 0.462885 0.808588 0.465822 0.807617 0.464843 0.806645 0.465822 0.805661 0.465822 0.804689 0.466801 0.803705 0.466801 0.798834 0.461906 0.798834 0.458007 0.799806 0.457028 0.799806 0.453129 0.800777 0.452150 0.800777 0.451171 0.801762 0.450192 0.801762 0.446294 0.802733 0.445315 0.802733 0.438479 0.803705 0.437500 0.803705 0.435542 0.802733 0.434563 0.802733 0.426766 0.803705 0.425787 0.803705 0.420892 0.804689 0.419930 0.809028 0.413969
1 0.786127 0.125000 0.787111 0.125979 0.786127 0.125979 0.785155 0.126958 0.784184 0.126958 0.779301 0.131836 0.779301 0.138671 0.777345 0.140629 0.777345 0.141608 0.776373 0.142570 0.777345 0.143549 0.777345 0.146486 0.775389 0.148444 0.775389 0.151364 0.774417 0.152343 0.774417 0.155280 0.773433 0.156259 0.774417 0.157220 0.771490 0.160157 0.771490 0.165035 0.770505 0.166014 0.770505 0.168951 0.774417 0.172850 0.787111 0.172850 0.789067 0.170892 0.803705 0.170892 0.802733 0.171871 0.805661 0.174808 0.805661 0.175787 0.807617 0.177727 0.808588 0.177727 0.810544 0.175787 0.810544 0.174808 0.811528 0.173829 0.811528 0.164056 0.812500 0.163094 0.812500 0.162115 0.813472 0.161136 0.813472 0.158199 0.812500 0.157220 0.812500 0.156259 0.814456 0.154301 0.814456 0.150385 0.815427 0.149406 0.815427 0.146486 0.818355 0.143549 0.818355 0.142570 0.816412 0.140629 0.816412 0.139650 0.817383 0.138671 0.817383 0.136713 0.819339 0.134773 0.819339 0.133794 0.817383 0.131836 0.817383 0.130857 0.816412 0.129878 0.816412 0.127937 0.815427 0.126958 0.812500 0.126958 0.810544 0.128899 0.807617 0.128899 0.803705 0.132815 0.801762 0.132815 0.800777 0.133794 0.798834 0.133794 0.796878 0.135734 0.795894 0.135734 0.794922 0.134773 0.786192 0.125769
1 0.833990 0.105472 0.834961 0.106451 0.842772 0.106451 0.847655 0.111329 0.847655 0.112308 0.850583 0.115227 0.851567 0.115227 0.858394 0.122063 0.859378 0.122063 0.862306 0.125000 0.864262 0.125000 0.865233 0.124021 0.867189 0.124021 0.868161 0.125000 0.870117 0.125000 0.871088 0.125979 0.869145 0.127937 0.869145 0.128899 0.870117 0.129878 0.870117 0.130857 0.875000 0.135734 0.875000 0.136713 0.870117 0.141608 0.869145 0.141608 0.859378 0.151364 0.859378 0.152343 0.857422 0.154301 0.857422 0.158199 0.854495 0.161136 0.854495 0.163094 0.855466 0.164056 0.855466 0.165035 0.851567 0.168951 0.851567 0.178706 0.847655 0.182622 0.846684 0.182622 0.842772 0.178706 0.843756 0.177727 0.843756 0.176766 0.841801 0.174808 0.841801 0.173829 0.840816 0.172850 0.840816 0.171871 0.835933 0.166993 0.835933 0.166014 0.833990 0.164056 0.833990 0.162115 0.832034 0.160157 0.831049 0.160157 0.830078 0.159178 0.830078 0.156259 0.829106 0.155280 0.829106 0.154301 0.827150 0.152343 0.827150 0.151364 0.822267 0.146486 0.822267 0.144528 0.821295 0.143549 0.821295 0.141608 0.820311 0.140629 0.820311 0.139650 0.819339 0.138671 0.819339 0.136713 0.822267 0.133794 0.823238 0.133794 0.827150 0.129878 0.829106 0.129878 0.831049 0.127937 0.831049 0.123042 0.832034 0.122063 0.832034 0.120122 0.831049 0.119143 0.831049 0.118164 0.832034 0.117185 0.832034 0.112308 0.831049 0.111329 0.831049 0.110350 0.834935 0.106364
1 0.686528 0.425787 0.689456 0.428706 0.689456 0.430664 0.688472 0.431643 0.688472 0.435542 0.687500 0.436521 0.687500 0.437500 0.686528 0.438479 0.686528 0.440437 0.685544 0.441399 0.685544 0.442378 0.684573 0.443357 0.684573 0.444336 0.683588 0.445315 0.683588 0.448234 0.682617 0.449213 0.682617 0.451171 0.681645 0.452150 0.681645 0.453129 0.680661 0.454108 0.680661 0.455070 0.679689 0.456049 0.679689 0.461906 0.678705 0.462885 0.678705 0.464843 0.675777 0.467780 0.674806 0.467780 0.670894 0.471678 0.670894 0.473636 0.669922 0.474615 0.669922 0.478514 0.668951 0.479493 0.668951 0.486329 0.667966 0.487308 0.666010 0.487308 0.664067 0.485350 0.663083 0.485350 0.656244 0.478514 0.655272 0.478514 0.653316 0.476556 0.652345 0.476556 0.638666 0.462885 0.638666 0.459965 0.639650 0.458986 0.641606 0.458986 0.643549 0.457028 0.644534 0.458007 0.644534 0.457028 0.647461 0.454108 0.649417 0.454108 0.651373 0.452150 0.652345 0.452150 0.656244 0.448234 0.656244 0.446294 0.653316 0.443357 0.648433 0.443357 0.647461 0.442378 0.653420 0.430367 0.653316 0.429685 0.660155 0.429685 0.661127 0.428706 0.662111 0.428706 0.663083 0.429685 0.666995 0.429685 0.668951 0.427727 0.677733 0.427727 0.679689 0.425787
1 0.699223 0.264650 0.700194 0.263671 0.712889 0.263671 0.713873 0.262692 0.714845 0.262692 0.721360 0.257430 0.720699 0.256836 0.721684 0.255857 0.722655 0.256836 0.724611 0.256836 0.726567 0.258794 0.726567 0.259773 0.728510 0.261713 0.728510 0.266608 0.731451 0.269528 0.731451 0.271486 0.732422 0.272465 0.732422 0.275385 0.735350 0.278322 0.735350 0.281259 0.737306 0.283199 0.737306 0.284178 0.738277 0.285157 0.738277 0.288094 0.740233 0.290035 0.740233 0.291993 0.743161 0.294930 0.743161 0.296871 0.746088 0.299808 0.746088 0.301766 0.745117 0.302727 0.745117 0.303706 0.741205 0.307622 0.738277 0.307622 0.736334 0.305664 0.733394 0.305664 0.732422 0.304685 0.731451 0.305664 0.729495 0.303706 0.728510 0.303706 0.726567 0.305664 0.719728 0.305664 0.717772 0.303706 0.715816 0.305664 0.703122 0.305664 0.702150 0.304685 0.702150 0.303706 0.703122 0.302727 0.703122 0.297850 0.704106 0.296871 0.704106 0.295892 0.703122 0.294930 0.703122 0.293951 0.705078 0.291993 0.705078 0.287115 0.704106 0.286136 0.704106 0.283199 0.703122 0.282220 0.703122 0.280280 0.702150 0.279301 0.702150 0.275385 0.700194 0.273444 0.700194 0.271486 0.699223 0.270507
1 0.751956 0.443357 0.751956 0.430664 0.748044 0.426766 0.750000 0.424808 0.750972 0.424808 0.750000 0.423829 0.750000 0.421871 0.749028 0.420892 0.750000 0.419930 0.750000 0.418951 0.749028 0.417972 0.750000 0.416993 0.750000 0.411136 0.750972 0.410157 0.751956 0.411136 0.753251 0.403059 0.752927 0.402343 0.753912 0.401364 0.756839 0.401364 0.758795 0.403322 0.759767 0.403322 0.761723 0.405280 0.763666 0.405280 0.765622 0.407220 0.768549 0.407220 0.771490 0.410157 0.775389 0.410157 0.777345 0.412115 0.781244 0.412115 0.783199 0.414056 0.785155 0.414056 0.787111 0.416014 0.787111 0.418951 0.783199 0.422850 0.783199 0.424808 0.771490 0.436521 0.770505 0.436521 0.766606 0.440437 0.765622 0.440437 0.762694 0.443357 0.761723 0.443357 0.759767 0.445315 0.756839 0.445315 0.755855 0.446294 0.754883 0.446294
1 0.839845 0.508794 0.841801 0.510734 0.844728 0.510734 0.845699 0.511713 0.847655 0.511713 0.848627 0.510734 0.849611 0.510734 0.853510 0.506836 0.855466 0.506836 0.858394 0.503899 0.858394 0.502937 0.857422 0.501958 0.857422 0.499021 0.849611 0.491206 0.849611 0.490227 0.848627 0.489266 0.845816 0.489913 0.845699 0.489266 0.843756 0.489266 0.842772 0.490227 0.843756 0.491206 0.843756 0.492185 0.842772 0.493164 0.842772 0.497063 0.841801 0.498042 0.841801 0.500979 0.840816 0.501958 0.840816 0.503899 0.839845 0.504878
1 0.708005 0.532220 0.706567 0.528199 0.706049 0.527343 0.672850 0.527343 0.670894 0.529301 0.670894 0.531259 0.671878 0.532220 0.671878 0.536136 0.675777 0.540035 0.675777 0.542972 0.677733 0.544930 0.677733 0.545892 0.678705 0.546871 0.678705 0.550787 0.681645 0.553706 0.681645 0.554685 0.682617 0.555664 0.682617 0.556643 0.683588 0.557622 0.683588 0.559563 0.684573 0.560542 0.683588 0.561521 0.683588 0.562500 0.685544 0.564458 0.685544 0.565437 0.686528 0.566399 0.686528 0.567378 0.688472 0.569336 0.691412 0.569336 0.693355 0.567378 0.693355 0.566399 0.694339 0.565437 0.694339 0.563479 0.695311 0.562500 0.695311 0.561521 0.696295 0.560542 0.696295 0.558601 0.697267 0.557622 0.697267 0.556643 0.699223 0.554685 0.699223 0.552727 0.700194 0.551766 0.700194 0.548829 0.701166 0.547850 0.701166 0.545892 0.702150 0.544930 0.702150 0.542972 0.705078 0.540035 0.705078 0.539056 0.706049 0.538094 0.706049 0.537115 0.707034 0.536136 0.707034 0.533199
1 0.033199 0.364266 0.030907 0.365559 0.030272 0.365227 0.029301 0.366206 0.029301 0.370122 0.030272 0.371101 0.030272 0.376958 0.032228 0.378899 0.032228 0.385734 0.033199 0.386713 0.033199 0.387692 0.034184 0.388671 0.035155 0.388671 0.043951 0.379878 0.043951 0.378899 0.045894 0.376958 0.045894 0.375000 0.046878 0.374021 0.046878 0.372063 0.044922 0.370122 0.043951 0.370122 0.040039 0.366206 0.037111 0.366206 0.036127 0.365227 0.035155 0.365227 0.034184 0.364266
1 0.122876 0.420804 0.122073 0.419930 0.121088 0.418951 0.117189 0.418951 0.115233 0.420892 0.112306 0.420892 0.110350 0.422850 0.108394 0.422850 0.105466 0.425787 0.105466 0.426766 0.108394 0.429685 0.108394 0.430664 0.110350 0.432622 0.111334 0.432622 0.110350 0.432622 0.111334 0.433601 0.111334 0.435542 0.116205 0.440437 0.118161 0.440437 0.119145 0.439458 0.119145 0.440437
1 0.180661 0.443357 0.180661 0.444336 0.179689 0.445315 0.179689 0.455070 0.178705 0.456049 0.178705 0.458007 0.179689 0.458986 0.179689 0.463864 0.178705 0.464843 0.178705 0.465822 0.172850 0.471678 0.172850 0.472657 0.171878 0.473636 0.171878 0.478514 0.175777 0.482430 0.176762 0.482430 0.179689 0.485350 0.181645 0.485350 0.183588 0.487308 0.184573 0.487308 0.186528 0.489266 0.188472 0.489266 0.191412 0.492185 0.193355 0.492185 0.195311 0.494143 0.194339 0.495122 0.195311 0.494143 0.197267 0.496101 0.198238 0.496101 0.202150 0.500000 0.204106 0.500000 0.208990 0.504878 0.211917 0.504878 0.213873 0.506836 0.215816 0.506836 0.217772 0.504878 0.217772 0.503899 0.218756 0.502937 0.218756 0.480472 0.219728 0.479493 0.219728 0.478514 0.221684 0.476556 0.222655 0.476556 0.224611 0.474615 0.224611 0.470699 0.223627 0.469720 0.221684 0.469720 0.219728 0.467780 0.217772 0.467780 0.212889 0.462885 0.209961 0.462885 0.208005 0.460944 0.181425 0.443881
1 0.159793 0.529371 0.159184 0.529301 0.164067 0.534178 0.164067 0.535157 0.165039 0.536136 0.165039 0.537115 0.166010 0.538094 0.166010 0.540035 0.166995 0.541014 0.166995 0.541993 0.167966 0.542972 0.167966 0.543951 0.165039 0.546871 0.164067 0.546871 0.162111 0.548829 0.157228 0.548829 0.154301 0.545892 0.154301 0.544930 0.153316 0.543951 0.153316 0.542972 0.154301 0.541993 0.154301 0.538094 0.155272 0.537115 0.155272 0.536136 0.156244 0.535157
1 0.135738 0.805664 0.135738 0.808601 0.136723 0.809563 0.136723 0.812500 0.135738 0.813479 0.135738 0.824213 0.134767 0.825192 0.134767 0.826171 0.133795 0.827150 0.133795 0.837885 0.132811 0.838864 0.132811 0.850594 0.130855 0.852535 0.129883 0.852535 0.121088 0.843741 0.120117 0.843741 0.118161 0.841801 0.119145 0.840822 0.118161 0.841801 0.117189 0.840822 0.111334 0.840822 0.109378 0.838864 0.106451 0.838864 0.103510 0.835944 0.103510 0.833986 0.104495 0.833007 0.104495 0.830070 0.106451 0.828129 0.106451 0.827150 0.107422 0.826171 0.107422 0.824213 0.108394 0.823234 0.109378 0.823234 0.115233 0.817378 0.116205 0.817378 0.120117 0.813479 0.120117 0.812500 0.123044 0.809563 0.123044 0.808601 0.127927 0.803706 0.128912 0.803706 0.129883 0.804685 0.133174 0.803129 0.132811 0.802727
1 0.601567 0.817378 0.599611 0.819336 0.599611 0.821294 0.595699 0.825192 0.595699 0.827150 0.594728 0.828129 0.594728 0.829108 0.593756 0.830070 0.594728 0.831049 0.594728 0.832028 0.600583 0.837885 0.600583 0.838864 0.608394 0.846678 0.607422 0.845699 0.609378 0.843741 0.609378 0.837885 0.610350 0.836906 0.610350 0.835944 0.611334 0.834965 0.611334 0.832028 0.613277 0.830070 0.613277 0.828129 0.614262 0.827150 0.614262 0.825192 0.613277 0.824213 0.611334 0.824213 0.608394 0.821294 0.605466 0.821294 0.602085 0.817605
0 0.854495 0.392570 0.853510 0.393549 0.853510 0.396486 0.852539 0.397465 0.852539 0.398444 0.850583 0.400385 0.850583 0.401364 0.845699 0.406259 0.844728 0.405280 0.844728 0.404301 0.843756 0.403322 0.843756 0.402343 0.841801 0.400385 0.841801 0.397465 0.839845 0.395507 0.839845 0.394528 0.841801 0.392570 0.853951 0.391661 0.853510 0.391608
1 0.658199 0.814458 0.661127 0.817378 0.661127 0.819336 0.662111 0.820315 0.662111 0.822273 0.663083 0.823234 0.663083 0.826171 0.664067 0.827150 0.664067 0.831049 0.667966 0.834965 0.667966 0.837885 0.668951 0.838864 0.668951 0.841801 0.670894 0.843741 0.670894 0.844720 0.671878 0.845699 0.671878 0.848636 0.672850 0.849615 0.672850 0.850594 0.675777 0.853514 0.675777 0.856451 0.679689 0.860350 0.679689 0.861329 0.677733 0.863287 0.675777 0.863287 0.673834 0.865227 0.672850 0.865227 0.670894 0.867185 0.670894 0.870122 0.679689 0.878899 0.679689 0.880857 0.676762 0.883794 0.675777 0.883794 0.673834 0.885734 0.672850 0.885734 0.668951 0.889650 0.664067 0.889650 0.662111 0.891608 0.660155 0.891608 0.657228 0.894528 0.655272 0.894528 0.653316 0.896486 0.652345 0.896486 0.650389 0.898444 0.647461 0.898444 0.644534 0.901364 0.641606 0.901364 0.639650 0.899406 0.639650 0.896486 0.640622 0.895507 0.640622 0.882815 0.639650 0.881836 0.639650 0.879878 0.635738 0.875979 0.635738 0.871101 0.636723 0.870122 0.636723 0.866206 0.637694 0.865227 0.637694 0.864266 0.638666 0.863287 0.638666 0.859371 0.640622 0.857430 0.640622 0.855472 0.639650 0.854493 0.639650 0.852535 0.640622 0.851556 0.640622 0.850594 0.641606 0.849615 0.641606 0.841801 0.642578 0.840822 0.642578 0.839843 0.643549 0.838864 0.643549 0.830070 0.644534 0.829108 0.644534 0.827150 0.645505 0.826171 0.645505 0.822273 0.648355 0.817972 0.647461 0.817378 0.648433 0.817378 0.651373 0.820315 0.652345 0.820315
1 0.705078 0.858392 0.706049 0.859371 0.706049 0.861329 0.707034 0.862308 0.707034 0.866206 0.708005 0.867185 0.708005 0.869143 0.708990 0.870122 0.708990 0.874021 0.711917 0.876958 0.711917 0.878899 0.712889 0.879878 0.713873 0.879878 0.715816 0.877937 0.716801 0.877937 0.720699 0.874021 0.720699 0.871101 0.719728 0.870122 0.719728 0.860350 0.718756 0.859371 0.705427 0.858671
1 0.897461 0.938479 0.897461 0.941399 0.899417 0.943357 0.899417 0.952150 0.897461 0.954108 0.897461 0.957028 0.895505 0.958986 0.895505 0.960944 0.899417 0.964843 0.915039 0.964843 0.916010 0.965822 0.917966 0.965822 0.918951 0.966801 0.920894 0.966801 0.921878 0.967780 0.925777 0.967780 0.927733 0.969720 0.930661 0.969720 0.935544 0.964843 0.940427 0.969720 0.941412 0.969720 0.943355 0.971678 0.944339 0.971678 0.945311 0.972657 0.946295 0.972657 0.947267 0.973636 0.949223 0.971678 0.949223 0.969720 0.951166 0.967780 0.951166 0.965822 0.950194 0.964843 0.950194 0.962885 0.954106 0.958986 0.954106 0.950192 0.951166 0.947273 0.951166 0.946294 0.950194 0.945315 0.950194 0.922850 0.948238 0.920892 0.945311 0.920892 0.939456 0.926766 0.937500 0.926766 0.936528 0.927727 0.933588 0.927727 0.932617 0.928706 0.932617 0.930664 0.931645 0.931643 0.931645 0.932622 0.925777 0.938479 0.924806 0.938479 0.923834 0.937500 0.921878 0.937500 0.920894 0.936521 0.919922 0.936521 0.913666 0.920944 0.913083 0.920892 0.911127 0.922850 0.911127 0.923829 0.906244 0.928706 0.906244 0.929685
1 0.860350 0.241206 0.859378 0.242185 0.858394 0.241206 0.853510 0.241206 0.852539 0.242185 0.847655 0.242185 0.846684 0.241206 0.844728 0.241206 0.842772 0.239266 0.840816 0.239266 0.838873 0.237308 0.832034 0.237308 0.830078 0.239266 0.828122 0.239266 0.827150 0.240227 0.827150 0.241206 0.825194 0.243164 0.825194 0.245122 0.822267 0.248042 0.820311 0.248042 0.819339 0.249021 0.819339 0.252937 0.820311 0.253899 0.820311 0.254878 0.821295 0.255857 0.821295 0.256836 0.823238 0.258794 0.823238 0.260734 0.824223 0.261713 0.824223 0.263671 0.822267 0.265629 0.822267 0.269528 0.821295 0.270507 0.821295 0.271486 0.820311 0.272465 0.820311 0.279301 0.819339 0.280280 0.819339 0.281259 0.815427 0.285157 0.815427 0.287115 0.819339 0.291014 0.817383 0.292972 0.817383 0.294930 0.819339 0.296871 0.822267 0.296871 0.823238 0.295892 0.823238 0.292972 0.824223 0.291993 0.824223 0.290035 0.826166 0.288094 0.829106 0.288094 0.831049 0.290035 0.831049 0.291993 0.833990 0.294930 0.834961 0.294930 0.836917 0.296871 0.839845 0.296871 0.843756 0.292972 0.843756 0.290035 0.842772 0.289056 0.842772 0.287115 0.838873 0.283199 0.838873 0.281259 0.839845 0.280280 0.839845 0.279301 0.841801 0.277343 0.840816 0.277343 0.841801 0.277343 0.843756 0.279301 0.843756 0.281259 0.845699 0.283199 0.848627 0.280280 0.848627 0.278322 0.847655 0.277343 0.848627 0.276364 0.848627 0.275385 0.850583 0.273444 0.850583 0.267570 0.851567 0.266608 0.851567 0.264650 0.852539 0.263671 0.852539 0.262692 0.853510 0.261713 0.853510 0.258794 0.854495 0.257815 0.860402 0.241713
0 0.161127 0.378899 0.161127 0.374021 0.163083 0.372063 0.163083 0.365227 0.164067 0.364266 0.164067 0.362308 0.165039 0.361329 0.165039 0.348636 0.169922 0.343741 0.177889 0.320542 0.177733 0.320315 0.178705 0.319336 0.179689 0.319336 0.180661 0.320315 0.180661 0.321294 0.181645 0.322273 0.181645 0.324213 0.187500 0.330070 0.187500 0.331049 0.188472 0.332028 0.188472 0.334965 0.191412 0.337885 0.191412 0.338864 0.194339 0.341801 0.194339 0.342780 0.195311 0.343741 0.195311 0.345699 0.199223 0.349615 0.199223 0.350594 0.201166 0.352535 0.203122 0.352535 0.207034 0.356451 0.207034 0.363287 0.208990 0.365227 0.208990 0.369143 0.208005 0.370122 0.206049 0.370122 0.204106 0.372063 0.203122 0.372063 0.201166 0.374021 0.191412 0.374021 0.188472 0.376958 0.174806 0.376958 0.170894 0.380857 0.163083 0.380857
0 0.201166 0.568357 0.200194 0.569336 0.199223 0.569336 0.167966 0.600594 0.166995 0.600594 0.161127 0.606451 0.161127 0.607430 0.160155 0.608392 0.160155 0.610350 0.163083 0.613287 0.164067 0.613287 0.166995 0.616206 0.167966 0.616206 0.171878 0.620122 0.174806 0.620122 0.178705 0.624021 0.181645 0.624021 0.182617 0.625000 0.183588 0.625000 0.185544 0.626958 0.186528 0.626958 0.187500 0.627937 0.188472 0.627937 0.189456 0.626958 0.188472 0.627937 0.191412 0.630857 0.192383 0.630857 0.197267 0.635734 0.198238 0.635734 0.199223 0.636713 0.200194 0.636713 0.202150 0.638671 0.204106 0.638671 0.205078 0.639650 0.206049 0.639650 0.208005 0.637692 0.208005 0.629878 0.207034 0.628899 0.207034 0.612308 0.206049 0.611329 0.206049 0.609371 0.207034 0.608392 0.207034 0.607430 0.206049 0.606451 0.206049 0.598636 0.205078 0.597657 0.205078 0.583007 0.204106 0.582028 0.204106 0.579108 0.205078 0.578129 0.202642 0.568427 0.202150 0.568357
0 0.050777 0.128899 0.048834 0.130857 0.048834 0.133794 0.049806 0.134773 0.049806 0.147465 0.050777 0.148444 0.049806 0.148444 0.048834 0.149406 0.048834 0.156259 0.049806 0.157220 0.049806 0.158199 0.050777 0.159178 0.049806 0.160157 0.049806 0.191399 0.050777 0.192378 0.050777 0.193357 0.052733 0.195315 0.053705 0.195315 0.058588 0.190437 0.059573 0.190437 0.072267 0.177727 0.073238 0.177727 0.078122 0.172850 0.079106 0.172850 0.092772 0.159178 0.092772 0.158199 0.091801 0.157220 0.051205 0.129336
0 0.000000 0.235350 0.000972 0.235350 0.002927 0.233392 0.012694 0.243164 0.012694 0.244143 0.017578 0.249021 0.017578 0.250000 0.025389 0.257815 0.025389 0.258794 0.028316 0.261713 0.028316 0.265629 0.027345 0.266608 0.026373 0.266608 0.025389 0.267570 0.024417 0.267570 0.021490 0.270507 0.018549 0.270507 0.016606 0.272465 0.015622 0.272465 0.014650 0.273444 0.013666 0.273444 0.011723 0.275385 0.009767 0.275385 0.005855 0.279301 0.002927 0.279301 0.000972 0.281259 0.000000 0.281259 0.000518 0.235420
0 0.045894 0.250000 0.045894 0.250979 0.048834 0.248042 0.052733 0.248042 0.054689 0.246101 0.057617 0.246101 0.059573 0.244143 0.064456 0.244143 0.068355 0.248042 0.068355 0.254878 0.067383 0.255857 0.067383 0.261713 0.066412 0.262692 0.066412 0.263671 0.065427 0.263671 0.066412 0.263671 0.066412 0.266608 0.064456 0.268549 0.064456 0.272465 0.061528 0.275385 0.060544 0.275385 0.058588 0.273444 0.058588 0.272465 0.054689 0.268549 0.054689 0.266608 0.051762 0.263671 0.051762 0.261713 0.050777 0.260734 0.050777 0.258794 0.046632 0.250280
0 0.032228 0.389650 0.034184 0.391608 0.034184 0.394528 0.033199 0.395507 0.033199 0.401364 0.032228 0.402343 0.032228 0.408199 0.030272 0.410157 0.030272 0.415035 0.029301 0.416014 0.029301 0.421871 0.028316 0.422850 0.028316 0.438479 0.026373 0.440437 0.025389 0.440437 0.019534 0.434563 0.018549 0.434563 0.015622 0.431643 0.015622 0.430664 0.012694 0.427727 0.012694 0.426766 0.010738 0.424808 0.010738 0.423829 0.004883 0.417972 0.004883 0.416993 0.000000 0.412115 0.000972 0.411136 0.000000 0.410157 0.000972 0.409178 0.000000 0.408199 0.000000 0.407220 0.000972 0.406259 0.000972 0.405280 0.000000 0.404301 0.032254 0.390035
0 0.003912 0.756836 0.003912 0.757815 0.002927 0.758794 0.002927 0.760734 0.003912 0.761713 0.003912 0.762692 0.004883 0.763671 0.004883 0.766608 0.006839 0.768549 0.006839 0.770507 0.007811 0.771486 0.007811 0.772465 0.009767 0.774406 0.009767 0.777343 0.010738 0.778322 0.010738 0.779301 0.011723 0.780280 0.011723 0.781259 0.013666 0.783199 0.013666 0.787115 0.014650 0.788094 0.014650 0.790035 0.017578 0.792972 0.017578 0.795892 0.018549 0.796871 0.018549 0.798829 0.019534 0.799808 0.019534 0.800787 0.020505 0.801766 0.020505 0.803706 0.024417 0.807622 0.025389 0.807622 0.026373 0.806643 0.026373 0.803706 0.027345 0.802727 0.027345 0.801766 0.029301 0.799808 0.029301 0.796871 0.030272 0.795892 0.030272 0.794930 0.031244 0.793951 0.031244 0.792972 0.033199 0.791014 0.033199 0.788094 0.034184 0.787115 0.034184 0.786136 0.035155 0.785157 0.035155 0.784178 0.036127 0.783199 0.036127 0.781259 0.037111 0.780280 0.037111 0.778322 0.038083 0.777343 0.038083 0.774406 0.041010 0.771486 0.041010 0.769528 0.041995 0.768549 0.041995 0.764650 0.042966 0.763671 0.042966 0.762692 0.043951 0.761713 0.043951 0.758794 0.042966 0.757815 0.042966 0.756836 0.003938 0.757255
0 0.271490 0.892570 0.273433 0.890629 0.277345 0.890629 0.278316 0.889650 0.288083 0.889650 0.290039 0.887692 0.298834 0.887692 0.302733 0.883794 0.307617 0.883794 0.309573 0.881836 0.311528 0.881836 0.312500 0.882815 0.314456 0.880857 0.319339 0.880857 0.320311 0.881836 0.320311 0.883794 0.319339 0.884773 0.319339 0.888671 0.318355 0.889650 0.318355 0.892570 0.317383 0.893549 0.317383 0.894528 0.316412 0.895507 0.316412 0.897465 0.315427 0.898444 0.315427 0.904301 0.314456 0.905280 0.314456 0.910157 0.313472 0.911136 0.313472 0.912115 0.312500 0.913094 0.312500 0.915035 0.311528 0.916014 0.311528 0.919930 0.310544 0.920892 0.310544 0.925787 0.309573 0.926766 0.309573 0.927727 0.308588 0.928706 0.308588 0.930664 0.307617 0.931643 0.307617 0.936521 0.306645 0.937500 0.306645 0.941399 0.305661 0.942378 0.305661 0.943357 0.303705 0.945315 0.302733 0.945315 0.300777 0.943357 0.300777 0.941399 0.297850 0.938479 0.297850 0.937500 0.295894 0.935542 0.295894 0.932622 0.291010 0.927727 0.291010 0.924808 0.287111 0.920892 0.287111 0.917972 0.286127 0.916993 0.286127 0.916014 0.282228 0.912115 0.282228 0.910157 0.279301 0.907220 0.279301 0.905280 0.277345 0.903322 0.272202 0.892745
0 0.377927 0.959965 0.383795 0.965822 0.384767 0.965822 0.386723 0.967780 0.387694 0.967780 0.389650 0.969720 0.391606 0.969720 0.393549 0.971678 0.394534 0.971678 0.397461 0.974615 0.399417 0.974615 0.401373 0.976556 0.402345 0.976556 0.404301 0.978514 0.405272 0.978514 0.407228 0.980472 0.410155 0.980472 0.415039 0.985350 0.416010 0.985350 0.417966 0.983392 0.417966 0.972657 0.416995 0.971678 0.416995 0.947273 0.416010 0.946294 0.416010 0.944336 0.415039 0.943357 0.415039 0.930664 0.413083 0.928706 0.378161 0.960227
1 0.572267 0.605472 0.572267 0.604493 0.576166 0.600594 0.577150 0.600594 0.580078 0.597657 0.581049 0.597657 0.583005 0.595699 0.584961 0.595699 0.596684 0.583986 0.597655 0.583986 0.598627 0.583007 0.599611 0.583007 0.603510 0.579108 0.605466 0.581049 0.606451 0.581049 0.607422 0.582028 0.609378 0.582028 0.609378 0.583007 0.608394 0.583986 0.608394 0.612308 0.609378 0.613287 0.609378 0.614266 0.607422 0.616206 0.607422 0.619143 0.609378 0.621101 0.609378 0.626958 0.607422 0.628899 0.606451 0.628899 0.605466 0.627937 0.572940 0.605717
1 0.754883 0.660157 0.750972 0.656259 0.750972 0.652343 0.750000 0.651364 0.750000 0.650385 0.749028 0.649406 0.749028 0.647465 0.746088 0.644528 0.746088 0.643549 0.745117 0.642570 0.745117 0.641608 0.744145 0.640629 0.744145 0.638671 0.743161 0.637692 0.743161 0.633794 0.741723 0.628986 0.741205 0.628899 0.743161 0.626958 0.744145 0.626958 0.746088 0.625000 0.749028 0.625000 0.750000 0.625979 0.752927 0.625979 0.753912 0.625000 0.764650 0.625000 0.765622 0.624021 0.769534 0.624021 0.770505 0.625000 0.770505 0.628899 0.769534 0.629878 0.769534 0.631836 0.768549 0.632815 0.768549 0.634773 0.767578 0.635734 0.767578 0.636713 0.766606 0.637692 0.766606 0.641608 0.763666 0.644528 0.763666 0.648444 0.761723 0.650385 0.761723 0.651364 0.760738 0.652343 0.760738 0.653322 0.758795 0.655280 0.758795 0.657220 0.755855 0.660157
1 0.703640 0.633689 0.703122 0.632815 0.704106 0.633794 0.708990 0.633794 0.709961 0.632815 0.712889 0.632815 0.716801 0.628899 0.720699 0.628899 0.722655 0.626958 0.725583 0.626958 0.726567 0.625979 0.729495 0.625979 0.731451 0.624021 0.735350 0.624021 0.739262 0.620122 0.739262 0.619143 0.730466 0.610350 0.730466 0.609371 0.727539 0.606451 0.727539 0.605472 0.726567 0.604493 0.726567 0.600594 0.727539 0.599615 0.729495 0.599615 0.731451 0.597657 0.732422 0.597657 0.734378 0.595699 0.738277 0.595699 0.742189 0.591801 0.743161 0.591801 0.744145 0.590822 0.744145 0.588864 0.743161 0.587885 0.743161 0.586906 0.730466 0.574213 0.727539 0.577150 0.727539 0.579108 0.726567 0.580070 0.726567 0.589843 0.725583 0.590822 0.725583 0.591801 0.723627 0.593741 0.724611 0.594720 0.722655 0.596678 0.721684 0.596678 0.720699 0.595699 0.720699 0.593741 0.719728 0.592780 0.718756 0.592780 0.717772 0.591801 0.717772 0.590822 0.715816 0.588864 0.715816 0.587885 0.714845 0.586906 0.713873 0.586906 0.712889 0.587885 0.711917 0.586906 0.709961 0.586906 0.707034 0.589843 0.707034 0.595699 0.705078 0.597657 0.705078 0.602535 0.703122 0.604493 0.703122 0.606451 0.705078 0.608392 0.705078 0.614266 0.704106 0.615227 0.704106 0.617185 0.705078 0.618164 0.705078 0.620122 0.703122 0.622063
1 0.718756 0.548829 0.719728 0.549808 0.724611 0.549808 0.732422 0.557622 0.733394 0.557622 0.735350 0.555664 0.737306 0.555664 0.740233 0.552727 0.740233 0.546871 0.741205 0.545892 0.741205 0.544930 0.742189 0.543951 0.742189 0.537115 0.743161 0.536136 0.743161 0.526364 0.744145 0.525385 0.744145 0.519528 0.745117 0.518549 0.745117 0.517570 0.746088 0.516608 0.746088 0.508794 0.744145 0.506836 0.742189 0.506836 0.741205 0.507815 0.740233 0.507815 0.739262 0.508794 0.738277 0.508794 0.737306 0.509773 0.736334 0.509773 0.734378 0.511713 0.731451 0.511713 0.726567 0.516608 0.723627 0.516608 0.722655 0.517570 0.723627 0.518549 0.713782 0.525769 0.712889 0.525385 0.713873 0.526364 0.713873 0.528322 0.714845 0.529301 0.714845 0.530280 0.718756 0.534178 0.719728 0.534178 0.720699 0.535157 0.720699 0.536136 0.719728 0.537115 0.719728 0.541993 0.718756 0.542972 0.718756 0.544930 0.719728 0.545892 0.719728 0.547850
1 0.897461 0.177727 0.897461 0.180664 0.899417 0.182622 0.899417 0.188479 0.901373 0.190437 0.902345 0.190437 0.903316 0.191399 0.903316 0.192378 0.904301 0.193357 0.904301 0.194336 0.905272 0.195315 0.905272 0.196294 0.909184 0.200192 0.909184 0.202150 0.910155 0.203129 0.910155 0.204108 0.912111 0.206049 0.912111 0.207028 0.913083 0.208007 0.913083 0.208986 0.916995 0.212885 0.916995 0.214843 0.921878 0.219720 0.922850 0.219720 0.924806 0.217780 0.925777 0.217780 0.927733 0.219720 0.928705 0.218741 0.928705 0.211906 0.929689 0.210944 0.929689 0.206049 0.930661 0.205070 0.930661 0.199213 0.931645 0.198234 0.931645 0.196294 0.932617 0.195315 0.932617 0.194336 0.933588 0.193357 0.933588 0.188479 0.934573 0.187500 0.934573 0.184563 0.935544 0.183601 0.935544 0.182622 0.936528 0.181643 0.936528 0.180664 0.937500 0.179685 0.937500 0.176766 0.938472 0.175787 0.938472 0.172850 0.939456 0.171871 0.939456 0.169930 0.938472 0.168951 0.937500 0.168951 0.935544 0.166993 0.924806 0.166993 0.922850 0.168951 0.915039 0.168951 0.913083 0.170892 0.911127 0.170892 0.909184 0.172850 0.898497 0.177360 0.898433 0.176766
0 0.612306 0.036136 0.611334 0.037115 0.611334 0.038094 0.605466 0.043951 0.605466 0.044930 0.603510 0.046871 0.603510 0.048829 0.602539 0.049808 0.602539 0.051766 0.606451 0.055664 0.613277 0.055664 0.614262 0.056643 0.615233 0.055664 0.616205 0.055664 0.618161 0.057622 0.619145 0.056643 0.619145 0.050787 0.618161 0.049808 0.618161 0.047850 0.617189 0.046871 0.617189 0.043951 0.616205 0.042972 0.616205 0.040035 0.613627 0.036486 0.613277 0.036136
0 0.750972 0.168951 0.750972 0.167972 0.751956 0.166993 0.751956 0.164056 0.750972 0.163094 0.750972 0.161136 0.753912 0.158199 0.753718 0.147273 0.752927 0.146486 0.752927 0.145507 0.753912 0.144528 0.757811 0.144528 0.759767 0.146486 0.760738 0.146486 0.762694 0.148444 0.763666 0.148444 0.764650 0.149406 0.766606 0.149406 0.767578 0.150385 0.768549 0.150385 0.772461 0.154301 0.772461 0.155280 0.774417 0.157220 0.773433 0.158199 0.773433 0.159178 0.772461 0.160157 0.772461 0.161136 0.768549 0.165035 0.767578 0.165035 0.766606 0.166014 0.765622 0.166014 0.758795 0.172850 0.756839 0.172850 0.755855 0.173829 0.753912 0.173829 0.751956 0.171871 0.751956 0.169930
0 0.966801 0.172850 0.966801 0.175787 0.968756 0.177727 0.969728 0.177727 0.970699 0.178706 0.970699 0.185542 0.974611 0.189458 0.974611 0.191399 0.973627 0.192378 0.975583 0.194336 0.975583 0.197273 0.977539 0.199213 0.977539 0.201171 0.980466 0.204108 0.981451 0.204108 0.982422 0.203129 0.982422 0.202150 0.986334 0.198234 0.986334 0.196294 0.987306 0.195315 0.987306 0.194336 0.988277 0.193357 0.988277 0.191399 0.991205 0.188479 0.991205 0.187500 0.992189 0.186521 0.992189 0.184563 0.994145 0.182622 0.994145 0.181643 0.997073 0.178706 0.997073 0.176766 0.998044 0.175787 0.998044 0.171871 0.995117 0.168951 0.992189 0.168951 0.991205 0.167972 0.990233 0.167972 0.989262 0.168951 0.987306 0.168951 0.985350 0.166993 0.978510 0.166993 0.977539 0.167972 0.969249 0.168601 0.968756 0.167972 0.968756 0.168951 0.967772 0.169930 0.967772 0.171871
0 0.626295 0.423427 0.625972 0.422850 0.622073 0.422850 0.615233 0.429685 0.614262 0.429685 0.613277 0.430664 0.613277 0.433601 0.614262 0.434563 0.615233 0.433601 0.614262 0.434563 0.620117 0.440437 0.621088 0.440437 0.622073 0.441399 0.626956 0.441399
0 0.707034 0.473636 0.707034 0.478514 0.708005 0.479493 0.708005 0.481451 0.708990 0.482430 0.708990 0.483392 0.709961 0.484371 0.709961 0.486329 0.710933 0.487308 0.710933 0.492185 0.711917 0.493164 0.711917 0.495122 0.712889 0.496101 0.712889 0.500979 0.713873 0.501958 0.713873 0.503899 0.714845 0.504878 0.714845 0.507815 0.713873 0.508794 0.712889 0.507815 0.706049 0.507815 0.705078 0.506836 0.700194 0.506836 0.698238 0.504878 0.689456 0.504878 0.687500 0.502937 0.687500 0.500979 0.689456 0.499021 0.689456 0.498042 0.690427 0.497063 0.690427 0.496101 0.692383 0.494143 0.692383 0.491206 0.706088 0.473601 0.706049 0.472657
0 0.863277 0.573234 0.863277 0.572273 0.861334 0.570315 0.861334 0.565437 0.862306 0.564458 0.862306 0.563479 0.861334 0.562500 0.861334 0.557622 0.862306 0.556643 0.862306 0.548829 0.863277 0.547850 0.863277 0.546871 0.862306 0.545892 0.862306 0.544930 0.863277 0.543951 0.863277 0.537115 0.864262 0.536136 0.864262 0.535157 0.865233 0.534178 0.865233 0.522465 0.866192 0.505350 0.865233 0.504878 0.864262 0.504878 0.859378 0.509773 0.854495 0.509773 0.850583 0.513671 0.848627 0.513671 0.846684 0.515629 0.845699 0.515629 0.842772 0.518549 0.841801 0.518549 0.839845 0.520507 0.837889 0.520507 0.834961 0.523444 0.833990 0.523444 0.833005 0.522465 0.830078 0.525385 0.829106 0.525385 0.827150 0.527343 0.826166 0.527343 0.824223 0.529301 0.821295 0.529301 0.817383 0.533199 0.817383 0.535157 0.822267 0.540035 0.823238 0.540035 0.832034 0.548829 0.833005 0.548829 0.833990 0.549808 0.833990 0.551766 0.835933 0.553706 0.836917 0.553706 0.840816 0.557622 0.840816 0.558601 0.841801 0.559563 0.841801 0.560542 0.843756 0.562500 0.844728 0.562500 0.856451 0.574213 0.862306 0.574213
1 0.780272 0.676766 0.781244 0.675787 0.785155 0.675787 0.787111 0.677727 0.793951 0.677727 0.795894 0.679685 0.798834 0.679685 0.800777 0.681643 0.802733 0.681643 0.805661 0.684563 0.809573 0.684563 0.811528 0.686521 0.813472 0.686521 0.815427 0.688479 0.819339 0.688479 0.822267 0.691399 0.822267 0.695315 0.819339 0.698234 0.819339 0.699213 0.815427 0.703129 0.815427 0.704108 0.812500 0.707028 0.812500 0.708007 0.807617 0.712885 0.807617 0.714843 0.805661 0.716801 0.805661 0.717780 0.802733 0.720699 0.802733 0.721678 0.799806 0.724615 0.799806 0.727535 0.794922 0.732430 0.792966 0.732430 0.790039 0.729493 0.790039 0.723636 0.789067 0.722657 0.789067 0.720699 0.788083 0.719720 0.788083 0.712885 0.787111 0.711906 0.787111 0.709965 0.782228 0.705070 0.782228 0.704108 0.783199 0.703129 0.782228 0.702150 0.782228 0.687500 0.780324 0.677850 0.780272 0.677727
1 0.817383 0.618164 0.818355 0.618164 0.820311 0.620122 0.823238 0.620122 0.828122 0.625000 0.831049 0.625000 0.837889 0.631836 0.840816 0.631836 0.844728 0.635734 0.845699 0.635734 0.847655 0.637692 0.847655 0.642570 0.841801 0.648444 0.840816 0.648444 0.838873 0.650385 0.837889 0.650385 0.833990 0.654301 0.833990 0.655280 0.825194 0.664056 0.824223 0.664056 0.822267 0.666014 0.821295 0.666014 0.820311 0.666993 0.819339 0.666993 0.816412 0.664056 0.816412 0.656259 0.818355 0.654301 0.817383 0.653322 0.817383 0.652343 0.816412 0.651364 0.816412 0.645507 0.815427 0.644528 0.815427 0.631836 0.816412 0.630857 0.816412 0.629878 0.814456 0.627937 0.814456 0.625979 0.815427 0.625000 0.815427 0.621101 0.817448 0.618374
0 0.176762 0.041014 0.176762 0.039056 0.175777 0.038094 0.175777 0.035157 0.171295 0.023077 0.170894 0.022465 0.170894 0.021486 0.173834 0.018549 0.175777 0.018549 0.177733 0.020507 0.179689 0.018549 0.181645 0.020507 0.189456 0.020507 0.190427 0.021486 0.189456 0.022465 0.189456 0.024406 0.188472 0.025385 0.188472 0.027343 0.187500 0.028322 0.187500 0.030280 0.184573 0.033199 0.184573 0.036136 0.183588 0.037115 0.183588 0.039056 0.179689 0.042972 0.178705 0.042972
0 0.278316 0.163094 0.279301 0.163094 0.280272 0.164056 0.281244 0.164056 0.283199 0.166014 0.284184 0.166014 0.287111 0.168951 0.288083 0.168951 0.290039 0.170892 0.294922 0.170892 0.299806 0.175787 0.299806 0.178706 0.295894 0.182622 0.295894 0.183601 0.282228 0.197273 0.281244 0.197273 0.279301 0.195315 0.279301 0.194336 0.278316 0.193357 0.278316 0.184563 0.277345 0.183601 0.277345 0.182622 0.276373 0.181643 0.276373 0.176766 0.275389 0.175787 0.275389 0.172850 0.274417 0.171871 0.274417 0.167972 0.275389 0.166993 0.278407 0.163112
0 0.352539 0.108392 0.353510 0.108392 0.354495 0.109371 0.360350 0.109371 0.362306 0.111329 0.364262 0.111329 0.366205 0.113287 0.369145 0.113287 0.371088 0.115227 0.373044 0.115227 0.374028 0.116206 0.377927 0.116206 0.378912 0.117185 0.379883 0.117185 0.380855 0.118164 0.382811 0.118164 0.385738 0.121101 0.385738 0.122063 0.384767 0.123042 0.384767 0.124021 0.381839 0.126958 0.381839 0.127937 0.379883 0.129878 0.379883 0.130857 0.376956 0.133794 0.376956 0.132815 0.376956 0.134773 0.373044 0.138671 0.373044 0.139650 0.370117 0.142570 0.370117 0.143549 0.369145 0.144528 0.369145 0.145507 0.367189 0.147465 0.367189 0.148444 0.361334 0.154301 0.360350 0.154301 0.358394 0.152343 0.358394 0.148444 0.357422 0.147465 0.357422 0.142570 0.356451 0.141608 0.356451 0.140629 0.355466 0.139650 0.355466 0.132815 0.354495 0.131836 0.354495 0.125979 0.353510 0.125000 0.353510 0.122063 0.353148 0.109091
0 0.861645 0.673986 0.904598 0.685577 0.875699 0.726171
0 0.831321 0.762185 0.825207 0.777640 0.839767 0.776241 0.835868 0.767273
0 0.477539 0.212885 0.477539 0.222657 0.478510 0.223636 0.478510 0.236329 0.479495 0.237308 0.479495 0.238287 0.480466 0.239266 0.480466 0.257815 0.481451 0.258794 0.481451 0.267570 0.480466 0.268549 0.476567 0.268549 0.473627 0.265629 0.471684 0.265629 0.469728 0.263671 0.468756 0.263671 0.466801 0.261713 0.465816 0.261713 0.463873 0.259773 0.462889 0.259773 0.461917 0.258794 0.459961 0.258794 0.458005 0.256836 0.456049 0.256836 0.454106 0.254878 0.453122 0.254878 0.451166 0.252937 0.445311 0.252937 0.442383 0.250000 0.442383 0.248042 0.441412 0.247063 0.441412 0.244143 0.460933 0.224615 0.460933 0.222657 0.464845 0.218741 0.464845 0.217780 0.465816 0.216801 0.466801 0.217780 0.475609 0.211241 0.475583 0.210944
1 0.383795 0.208986 0.380855 0.206049 0.379883 0.206049 0.375972 0.202150 0.374028 0.202150 0.372073 0.200192 0.370117 0.200192 0.367189 0.197273 0.366205 0.197273 0.358394 0.189458 0.357422 0.189458 0.351218 0.186503 0.350583 0.185542 0.351567 0.186521 0.349611 0.188479 0.349611 0.196294 0.351567 0.198234 0.350583 0.199213 0.350583 0.223636 0.349611 0.224615 0.348627 0.224615 0.338873 0.214843 0.336917 0.214843 0.335933 0.215822 0.335933 0.224615 0.334961 0.225594 0.334961 0.231451 0.333990 0.232430 0.333990 0.239266 0.333005 0.240227 0.333005 0.241206 0.332034 0.242185 0.332034 0.253899 0.331049 0.254878 0.331049 0.264650 0.330078 0.265629 0.330078 0.275385 0.328122 0.277343 0.328122 0.279301 0.330078 0.281259 0.333990 0.281259 0.335933 0.279301 0.338873 0.279301 0.342772 0.275385 0.346684 0.275385 0.347655 0.274406 0.348627 0.274406 0.352539 0.270507 0.354495 0.270507 0.356451 0.268549 0.359378 0.268549 0.362306 0.265629 0.364262 0.265629 0.366205 0.263671 0.367189 0.263671 0.369145 0.261713 0.372073 0.261713 0.375972 0.257815 0.375972 0.254878 0.375000 0.253899 0.375000 0.252937 0.361334 0.239266 0.361334 0.238287 0.359378 0.236329 0.360350 0.235350 0.360350 0.233392 0.367189 0.226556 0.368161 0.226556 0.369145 0.225594 0.370117 0.225594 0.374028 0.221678 0.375000 0.221678 0.383795 0.212885
0 0.508433 0.141241 0.504028 0.147710 0.496516 0.167990 0.494702 0.171136 0.495091 0.175682 0.523329 0.176731 0.523588 0.173584 0.524236 0.172710 0.514003 0.152605 0.514132 0.148934 0.511023 0.145787
1 1.000000 0.279301 1.000000 0.279301 0.995984 0.278776 0.981347 0.249406 0.987435 0.245210 0.986528 0.240490 0.984456 0.231224 0.977591 0.232098 0.976943 0.239441 0.973316 0.240490 0.972798 0.247657 0.966192 0.258322 0.966321 0.264091 0.961269 0.268462 0.962694 0.271958 0.957772 0.279301 0.957772 0.286818 0.952720 0.292238 0.953756 0.294685 0.950648 0.295734 0.946762 0.300280 0.957124 0.312692 0.960492 0.313916 0.964508 0.304301 0.965415 0.301154 0.979663 0.300629 0.993394 0.325280 1.000000 0.325909 1.000000 0.279301
1 1.000000 0.351801 0.998316 0.348881 0.997798 0.345385 0.987306 0.336818 0.987047 0.340140 0.984067 0.342413 0.984326 0.347308 0.976295 0.348531 0.974482 0.349056 0.975259 0.361818 0.979404 0.367238 0.976166 0.381573 0.980052 0.382972 0.994948 0.376678 1.000000 0.377587
1 0.899417 0.253899 0.900389 0.254878 0.904301 0.254878 0.906244 0.256836 0.908199 0.256836 0.910155 0.258794 0.910155 0.262692 0.911127 0.263671 0.911127 0.266608 0.911127 0.265629 0.910155 0.266608 0.909184 0.266608 0.907228 0.268549 0.906244 0.268549 0.904301 0.270507 0.899417 0.270507 0.897461 0.268549 0.897461 0.259773 0.898433 0.258794 0.899961 0.254825
1 0.898433 0.749021 0.902345 0.752937 0.902345 0.756836 0.899417 0.759773 0.899417 0.762692 0.898433 0.763671 0.898433 0.765629 0.894534 0.769528 0.894534 0.771486 0.893549 0.772465 0.893549 0.777343 0.889650 0.781259 0.889650 0.784178 0.888666 0.785157 0.888666 0.787115 0.887694 0.788094 0.887694 0.789056 0.886723 0.790035 0.886723 0.791014 0.885738 0.791993 0.885738 0.793951 0.882811 0.796871 0.881839 0.796871 0.878912 0.793951 0.878912 0.791993 0.876956 0.790035 0.876956 0.786136 0.875000 0.784178 0.875000 0.781259 0.873044 0.779301 0.873044 0.778322 0.872073 0.777343 0.872073 0.776364 0.871088 0.775385 0.871088 0.772465 0.869145 0.770507 0.869145 0.769528 0.868161 0.768549 0.868161 0.767570 0.867189 0.766608 0.867189 0.763671 0.863277 0.759773 0.863277 0.758794 0.862306 0.757815 0.862306 0.756836 0.863277 0.755857 0.863277 0.753899 0.864262 0.752937 0.864262 0.751958 0.867189 0.749021 0.868161 0.749021 0.869145 0.748042 0.874028 0.748042 0.875000 0.749021 0.875000 0.750000 0.875972 0.750979 0.875000 0.751958 0.895363 0.752168 0.894534 0.751958 0.894534 0.750979 0.896490 0.749021
1 0.680661 0.718741 0.679689 0.719720 0.683588 0.723636 0.683588 0.769528 0.682617 0.770507 0.678705 0.770507 0.673834 0.765629 0.671878 0.765629 0.664067 0.757815 0.665039 0.756836 0.661127 0.752937 0.660155 0.752937 0.659184 0.753899 0.659184 0.754878 0.657228 0.752937 0.656244 0.752937 0.653316 0.750000 0.652345 0.750000 0.650389 0.748042 0.650389 0.747063 0.649417 0.746101 0.658199 0.737308 0.659184 0.737308 0.663083 0.733392 0.665039 0.733392 0.671878 0.726556 0.672850 0.726556 0.674806 0.724615 0.675777 0.724615 0.681373 0.719266
1 0.770220 0.916661 0.769534 0.916014 0.770505 0.916014 0.771490 0.915035 0.772461 0.915035 0.773433 0.914056 0.775389 0.914056 0.777345 0.912115 0.779301 0.912115 0.781244 0.910157 0.795894 0.910157 0.797850 0.908199 0.805661 0.908199 0.806645 0.907220 0.806645 0.904301 0.803705 0.901364 0.803705 0.898444 0.802733 0.897465 0.802733 0.895507 0.799806 0.892570 0.799806 0.891608 0.797850 0.889650 0.798834 0.888671 0.798834 0.887692 0.794922 0.883794 0.794922 0.880857 0.791010 0.876958 0.791010 0.874021 0.789067 0.872063 0.789067 0.871101 0.788083 0.870122 0.788083 0.868164 0.786127 0.866206 0.786127 0.865227 0.785155 0.864266 0.785155 0.862308 0.784184 0.861329 0.782228 0.863287 0.780272 0.863287 0.778316 0.861329 0.776373 0.861329 0.775389 0.862308 0.775389 0.864266
