0 0.081503 0.040332 0.081632 0.044353 0.082668 0.044703 0.083057 0.048899 0.083834 0.049248 0.084482 0.050997 0.085518 0.052920 0.089016 0.048549 0.089016 0.045577 0.091995 0.045052 0.091995 0.042430 0.095363 0.038234 0.095492 0.035612 0.094067 0.033339 0.091606 0.033339 0.090959 0.032115 0.080596 0.031941 0.080337 0.038584
0 0.357306 0.243549 0.360155 0.247920 0.362098 0.248269 0.362098 0.245297 0.362876 0.244773 0.363782 0.241801 0.364560 0.241801 0.365207 0.238304 0.366244 0.237955 0.366373 0.233234 0.364430 0.232885 0.363264 0.231136 0.361839 0.231136 0.361451 0.232710 0.356010 0.232535 0.353679 0.235507 0.354197 0.235682 0.354456 0.238304 0.357306 0.240577
0 0.368964 0.290402 0.374016 0.297045 0.375440 0.296696 0.375829 0.300542 0.377383 0.300367 0.379715 0.303864 0.382824 0.304388 0.383212 0.301416 0.384378 0.300892 0.384378 0.294073 0.385285 0.293724 0.385933 0.281486 0.381917 0.281311 0.381399 0.283409 0.378290 0.283059 0.377383 0.285157 0.375052 0.285157 0.374404 0.286731 0.371036 0.287080
0 0.344352 0.476119 0.344741 0.485909 0.345777 0.486084 0.346554 0.485035 0.348368 0.483986 0.349404 0.482937 0.352124 0.482413 0.352254 0.480490 0.348109 0.475420 0.348109 0.473846 0.346813 0.473671
0 0.395130 0.965157 0.395389 0.969353 0.396036 0.969703 0.396684 0.973549 0.399016 0.976346 0.399016 0.979668 0.399663 0.980367 0.400311 0.983339 0.401865 0.983514 0.405363 0.980017 0.405104 0.977045 0.406269 0.976521 0.406269 0.974248 0.408860 0.971626 0.409119 0.967255 0.409508 0.964633
0 0.706490 0.451836 0.715946 0.488724 0.715816 0.496416 0.714262 0.494493 0.709858 0.493969 0.709339 0.493094 0.706490 0.492745 0.705712 0.491346 0.700920 0.490997 0.700013 0.489423 0.693018 0.488549 0.689262 0.487675 0.688744 0.485752 0.684339 0.484878 0.683951 0.484353 0.679935 0.484178 0.679547 0.481906 0.684858 0.475787 0.685376 0.472640 0.696127 0.457955 0.697811 0.457955 0.702604 0.452185
0 0.417021 0.147762 0.417150 0.158776 0.414430 0.158601 0.413135 0.157378 0.411321 0.157378 0.409119 0.155105 0.408990 0.152832 0.415337 0.145664
0 0.185829 0.117955 0.174585 0.155245 0.174456 0.159266 0.172966 0.160367 0.172008 0.157990 0.168627 0.153234 0.168497 0.151416 0.164974 0.144825 0.164560 0.143916 0.160777 0.139161 0.160635 0.136783 0.156295 0.131119 0.155622 0.128199 0.153187 0.125455 0.152915 0.123269 0.152098 0.122343 0.151697 0.119598 0.155350 0.118689 0.155764 0.117955 0.158199 0.117587 0.159016 0.116678 0.169301 0.115944 0.170117 0.113566 0.170790 0.115402 0.172422 0.114301 0.185829 0.113934
0 0.078407 0.170122 0.078407 0.172570 0.079961 0.173269 0.079961 0.175717 0.080738 0.175892 0.080868 0.182535 0.082293 0.183059 0.082552 0.190577 0.083718 0.191626 0.083718 0.193549 0.073744 0.194073 0.072966 0.192675 0.069080 0.192325 0.068562 0.190752 0.064935 0.190402 0.064806 0.188654 0.069987 0.181486 0.069858 0.179038 0.072060 0.178689 0.072319 0.177640 0.073355 0.176591 0.073614 0.173444 0.076852 0.169423
0 0.103731 0.350944 0.106179 0.347972 0.115000 0.348322 0.115246 0.345350 0.120181 0.344301 0.120298 0.342902 0.122772 0.342552 0.122772 0.341329 0.125609 0.341329 0.127694 0.339231 0.128199 0.359336 0.127552 0.360035 0.126516 0.369126 0.125479 0.369126 0.124456 0.373846 0.121982 0.374196 0.115764 0.364580 0.113951 0.365280 0.108122 0.356538 0.106580 0.356538
0 0.120453 0.505175 0.120181 0.526538 0.119262 0.527762 0.119922 0.528829 0.120324 0.553531 0.115868 0.553899 0.114806 0.552308 0.112591 0.552133 0.112073 0.551259 0.110764 0.550717 0.108549 0.547902 0.105142 0.547535 0.105000 0.544178 0.101749 0.544371 0.100699 0.542255 0.099391 0.541713 0.096244 0.538164 0.095337 0.538164 0.094275 0.536591 0.092720 0.536416 0.088005 0.531294 0.089974 0.528829 0.090881 0.529161 0.092591 0.524930 0.109197 0.513462 0.111554 0.509231 0.115220 0.507815
0 0.180130 0.519336 0.179611 0.543636 0.183238 0.543462 0.184534 0.542413 0.185959 0.542063 0.186360 0.541014 0.188031 0.540664 0.189067 0.538217 0.189974 0.538392 0.195155 0.533147 0.195285 0.530524 0.190104 0.523357 0.188303 0.523182
0 0.054158 0.778497 0.054417 0.787762 0.055065 0.787762 0.055712 0.800000 0.056490 0.800699 0.057137 0.805070 0.052215 0.805944 0.051826 0.804720 0.050013 0.804371 0.049106 0.802797 0.045220 0.801923 0.044961 0.800874 0.042889 0.800175 0.041593 0.797727 0.038355 0.797203 0.037448 0.795105 0.035376 0.795105 0.034728 0.794231 0.032396 0.794056 0.031231 0.791608 0.031101 0.787587 0.032267 0.785315 0.033562 0.785839 0.041334 0.775524 0.041334 0.774126 0.043536 0.771154 0.043925 0.773252 0.045091 0.772203 0.047034 0.771154 0.049365 0.768182 0.052733 0.767657 0.052604 0.770629 0.054028 0.770629 0.054158 0.774476 0.052215 0.776748
0 0.244987 0.892448 0.245246 0.912902 0.246282 0.915699 0.248096 0.915874 0.249650 0.912902 0.251075 0.912203 0.254054 0.909056 0.255479 0.909056 0.256386 0.908182 0.258329 0.907133 0.258847 0.904336 0.261438 0.901364 0.259365 0.901014 0.255997 0.895245 0.254184 0.895594 0.253018 0.892622 0.250557 0.892972 0.249909 0.891224
0 0.160272 0.848217 0.166490 0.856783 0.167785 0.856783 0.168174 0.855385 0.169210 0.854510 0.169339 0.852238 0.169987 0.851538 0.170376 0.846469 0.171930 0.845594 0.172060 0.842797 0.173355 0.842273 0.173484 0.835280 0.174650 0.834580 0.174521 0.830909 0.175687 0.829685 0.175687 0.827937 0.173873 0.824266 0.172966 0.827937 0.170117 0.826538 0.169598 0.825315 0.166619 0.825664 0.165712 0.827063 0.163899 0.827063 0.163510 0.828112 0.157422 0.828287 0.156775 0.830559 0.155350 0.830385 0.153148 0.832832 0.152889 0.834755 0.156386 0.838252 0.156516 0.841224 0.160142 0.845245
0 0.314948 0.726101 0.314948 0.730297 0.316244 0.731346 0.316373 0.733444 0.314689 0.734668 0.314041 0.737990 0.316373 0.740962 0.317927 0.740437 0.318316 0.739563 0.320130 0.739563 0.320777 0.738514 0.322202 0.737990 0.325052 0.734843 0.326606 0.734843 0.330363 0.730122 0.330363 0.725402 0.327902 0.725052 0.325959 0.721906 0.324663 0.721906 0.323627 0.720682 0.322073 0.720507 0.320907 0.718584 0.316762 0.718234 0.315984 0.723304
0 0.425155 0.078339 0.427358 0.081311 0.427358 0.083234 0.428523 0.085507 0.430466 0.085157 0.430855 0.084283 0.431891 0.083584 0.432021 0.081836 0.433057 0.080612 0.433057 0.077990 0.437720 0.072395 0.437461 0.069073 0.438368 0.068374 0.438756 0.063479 0.440311 0.062955 0.440311 0.059283 0.441606 0.058584 0.441606 0.056661 0.419067 0.056311 0.416995 0.058584 0.418031 0.059633 0.418031 0.062605 0.419326 0.065227 0.421269 0.069073 0.422176 0.069773 0.423601 0.074318 0.424896 0.075192
0 0.557876 0.086573 0.558135 0.097937 0.557358 0.098287 0.556839 0.105105 0.556192 0.105105 0.556062 0.111399 0.554508 0.112448 0.553990 0.120664 0.552435 0.120664 0.551269 0.118392 0.549197 0.118217 0.546865 0.115070 0.546088 0.111923 0.544663 0.111399 0.540777 0.106678 0.539482 0.106678 0.539093 0.103531 0.534560 0.097762 0.532617 0.097413 0.532746 0.095664 0.530933 0.092343 0.528990 0.092692 0.525751 0.088322 0.525622 0.085524 0.523549 0.085175 0.523420 0.080979 0.526658 0.080629 0.527176 0.079056 0.528860 0.078357 0.529767 0.077657 0.534560 0.077308 0.553990 0.067343 0.558912 0.067867
0 0.843394 0.037098 0.843394 0.039196 0.844689 0.039720 0.845466 0.041294 0.847539 0.041469 0.848834 0.043217 0.850259 0.043392 0.851166 0.044615 0.852720 0.044790 0.853497 0.046189 0.855311 0.046538 0.856477 0.048636 0.859197 0.049161 0.859585 0.040420 0.860881 0.039720 0.861010 0.032378 0.859456 0.032028 0.859197 0.023986 0.860881 0.023986 0.860881 0.019441 0.859715 0.018741 0.859715 0.016643 0.861788 0.015769 0.861010 0.014720 0.859456 0.012273 0.858938 0.014196 0.856347 0.013846 0.852591 0.019091 0.848964 0.019266 0.848316 0.020839 0.846632 0.021189 0.844560 0.025035 0.843135 0.024336 0.842098 0.026259 0.839896 0.026259 0.839378 0.027657 0.837435 0.028357 0.836788 0.030979 0.839896 0.035699
0 0.782604 0.273689 0.792578 0.286976 0.793614 0.289073 0.793614 0.291346 0.793225 0.292045 0.792319 0.293619 0.788044 0.293094 0.787137 0.294143 0.785712 0.294843 0.784547 0.296766 0.777940 0.296766 0.777163 0.297990 0.774313 0.298339 0.773018 0.300262 0.768873 0.300262 0.769262 0.296591 0.770427 0.296241 0.770298 0.291871 0.771982 0.290122 0.771723 0.281906 0.772759 0.281556 0.773148 0.276486 0.774573 0.276486 0.774702 0.270017 0.775868 0.269493 0.776256 0.267395 0.777163 0.269318 0.778977 0.268969 0.780402 0.272465
0 0.699249 0.205087 0.698990 0.209633 0.697694 0.209633 0.697047 0.210682 0.695492 0.211206 0.693420 0.214703 0.691865 0.214528 0.688756 0.218199 0.687073 0.218374 0.686295 0.220122 0.684741 0.220122 0.681114 0.225542 0.679560 0.225367 0.678005 0.227990 0.676839 0.227640 0.676321 0.224668 0.675415 0.223969 0.674508 0.201416 0.673472 0.199493 0.673601 0.197570 0.675155 0.197395 0.675155 0.190052 0.677876 0.189528 0.678135 0.191801 0.679948 0.192500 0.680337 0.193199 0.684223 0.193899 0.683964 0.196521 0.686684 0.196171 0.689534 0.199318 0.691218 0.199843 0.691606 0.200717 0.693290 0.200892 0.693679 0.201766 0.695104 0.202990 0.696140 0.202815 0.696917 0.204738
0 0.494650 0.389895 0.514469 0.390070 0.515635 0.391993 0.516282 0.391993 0.516412 0.395839 0.514080 0.400210 0.514080 0.401434 0.513044 0.402308 0.512785 0.404930 0.511878 0.405629 0.511619 0.408601 0.508251 0.412273 0.507345 0.417517 0.506438 0.418217 0.506179 0.420664 0.505531 0.421364 0.505272 0.423112 0.499443 0.430280 0.499702 0.432203 0.498018 0.435175 0.497500 0.433077 0.495039 0.429930 0.494650 0.425559 0.492319 0.423112 0.492060 0.419965 0.491153 0.419091 0.490894 0.416643 0.489858 0.414720 0.489728 0.411399 0.487137 0.410175 0.487008 0.405979 0.486490 0.405804 0.486101 0.403531 0.484806 0.402308 0.484547 0.399685 0.483381 0.398811 0.482733 0.393916 0.481567 0.391993 0.481567 0.389720 0.483510 0.388322 0.494262 0.388497
0 0.498990 0.824650 0.491865 0.835315 0.490311 0.835315 0.488497 0.838462 0.486943 0.837762 0.486036 0.836888 0.485648 0.830420 0.484741 0.830245 0.484482 0.817133 0.483705 0.816608 0.483316 0.802972 0.486554 0.802448 0.486684 0.803497 0.489534 0.804021 0.489534 0.805769 0.492254 0.805769 0.492772 0.808566 0.496917 0.807343 0.497176 0.809441 0.500544 0.809441 0.501062 0.810839 0.504430 0.811713 0.507150 0.816084 0.500544 0.824825
0 0.700933 0.928497 0.700155 0.926748 0.698083 0.926923 0.698601 0.931119 0.699508 0.931469 0.699378 0.935315 0.701580 0.937762 0.701969 0.941084 0.703135 0.941783 0.703264 0.944580 0.705855 0.947378 0.706373 0.952797 0.707927 0.952797 0.712202 0.947552 0.712202 0.945105 0.713497 0.943706 0.713497 0.941958 0.715959 0.938636 0.715959 0.936189 0.717513 0.934790 0.717513 0.932517 0.718938 0.931119 0.718808 0.926748 0.703653 0.926573 0.703523 0.928322
0 0.936256 0.912640 0.936645 0.926451 0.939236 0.926626 0.939883 0.924878 0.942604 0.924353 0.943640 0.923479 0.946749 0.923129 0.947267 0.921031 0.948562 0.921206 0.949210 0.919808 0.950635 0.919283 0.950764 0.917535 0.947526 0.913339 0.946231 0.913689 0.944935 0.910892 0.943640 0.910892 0.941049 0.907395 0.938459 0.907395 0.936904 0.910017 0.938329 0.911766
0 0.989482 0.688409 0.989870 0.689983 0.992850 0.690157 0.992461 0.685612 0.991684 0.685437 0.991295 0.675822 0.990648 0.674948 0.990130 0.671626 0.987539 0.671801 0.980026 0.681766 0.978472 0.682290 0.978472 0.684563 0.981062 0.684563 0.981451 0.686311 0.985078 0.686311 0.985855 0.688409
0 0.896347 0.681591 0.896347 0.694178 0.895440 0.694878 0.894922 0.703619 0.894275 0.704668 0.893497 0.709563 0.894922 0.708689 0.898031 0.707815 0.898938 0.706416 0.902435 0.706416 0.903601 0.704493 0.906321 0.704318 0.906580 0.703094 0.908653 0.702570 0.909171 0.701521 0.910984 0.701171 0.911632 0.699073 0.915130 0.698899 0.915130 0.697675 0.917720 0.697150 0.920181 0.694878 0.916425 0.690157 0.915389 0.690507 0.911114 0.684563 0.909560 0.685087 0.903601 0.676171 0.902306 0.676696 0.899456 0.673199 0.899197 0.674073 0.898549 0.675122 0.898420 0.680017
0 0.825078 0.772937 0.831943 0.771888 0.834663 0.776259 0.831295 0.782552 0.830907 0.785175 0.829223 0.786923 0.828964 0.789545 0.828705 0.794091 0.827927 0.795315 0.827927 0.796538 0.826891 0.797937 0.826632 0.800035 0.825466 0.800210 0.825337 0.805455 0.822617 0.808427 0.822487 0.811923 0.821192 0.814545 0.819508 0.814545 0.816917 0.811573 0.816140 0.808427 0.812902 0.804056 0.812513 0.801084 0.811736 0.801084 0.810829 0.798462 0.808238 0.795664 0.807850 0.792867 0.807202 0.791643 0.807202 0.788846 0.803316 0.784126 0.803705 0.782902 0.800078 0.778007 0.800337 0.776783 0.803187 0.776434 0.803446 0.775385 0.804870 0.775035 0.806813 0.776434 0.806943 0.775210 0.825207 0.774510
0 0.967370 0.559720 0.967630 0.557622 0.972811 0.557273 0.972422 0.563392 0.971775 0.564441 0.971386 0.567413 0.970868 0.567762 0.969961 0.571608 0.967241 0.574580 0.967500 0.576154 0.966464 0.577378 0.966464 0.578951 0.965298 0.579301 0.964650 0.583147 0.961023 0.584021 0.960764 0.581399 0.959987 0.580175 0.959469 0.577727 0.957655 0.574930 0.957396 0.570909 0.956101 0.569510 0.955972 0.567413 0.952085 0.561993 0.952215 0.559720
0 0.969974 0.503951 0.970104 0.512692 0.969326 0.514441 0.968420 0.515839 0.966995 0.515664 0.965311 0.512517 0.963368 0.512343 0.962461 0.511119 0.959741 0.510070 0.962332 0.506224 0.964404 0.505524 0.965699 0.504476 0.967124 0.503601 0.968420 0.501853
0 0.743510 0.538724 0.753873 0.552360 0.753873 0.555157 0.755427 0.554808 0.758148 0.558654 0.758018 0.560402 0.759573 0.563724 0.761516 0.563024 0.762034 0.560402 0.763329 0.558829 0.763459 0.553234 0.765272 0.552360 0.765013 0.546241 0.766826 0.545017 0.766697 0.540822 0.767474 0.540122 0.767474 0.536276 0.768251 0.535577 0.769288 0.526661 0.768510 0.525612 0.768122 0.524038 0.766179 0.526486 0.764365 0.526136 0.763847 0.528059 0.758536 0.528234 0.757759 0.529808 0.752189 0.529808 0.751801 0.531031 0.747655 0.531206 0.747526 0.532605 0.745842 0.533129 0.743510 0.535927
0 0.655427 0.528024 0.655427 0.536941 0.654262 0.537290 0.653744 0.543759 0.652837 0.544108 0.652966 0.547080 0.654650 0.547430 0.655946 0.546206 0.659573 0.545332 0.660479 0.543759 0.663718 0.543409 0.664365 0.542010 0.666826 0.542185 0.668251 0.540262 0.669935 0.539913 0.672137 0.537815 0.672008 0.535892 0.670324 0.535192 0.670065 0.532570 0.668122 0.532045 0.661516 0.522780 0.660479 0.522605 0.658795 0.521206 0.658407 0.522255 0.657111 0.522430 0.657500 0.526976
0 0.558407 0.709423 0.565402 0.718689 0.566956 0.718689 0.567345 0.716066 0.568122 0.715542 0.568122 0.711171 0.569676 0.709423 0.570453 0.705752 0.571360 0.705402 0.570972 0.695087 0.569935 0.697185 0.566567 0.697360 0.566438 0.698584 0.559313 0.699808 0.555427 0.703304 0.558407 0.706101
0 0.362358 0.944301 0.362228 0.961259 0.363394 0.961958 0.363394 0.973846 0.364819 0.974021 0.364689 0.981364 0.363523 0.984336 0.362617 0.984336 0.361839 0.982238 0.359637 0.982238 0.358342 0.981364 0.356658 0.981014 0.355751 0.979266 0.352254 0.978916 0.351606 0.977343 0.350052 0.977168 0.336710 0.967028 0.335155 0.966678 0.334378 0.964406 0.335674 0.962133 0.337358 0.962133 0.339041 0.958986 0.341244 0.958636 0.345130 0.952867 0.346295 0.953566 0.350052 0.947273 0.351347 0.947972 0.352124 0.947797 0.360026 0.940629
