0 0.711826 0.272692 0.713640 0.274615 0.713769 0.277587 0.715324 0.279161 0.716749 0.279161 0.719728 0.282832 0.721412 0.283182 0.721801 0.278636 0.722837 0.277762 0.723096 0.271294 0.724003 0.271119 0.724262 0.262203 0.725557 0.261678 0.725168 0.257133 0.721282 0.256783 0.721153 0.258881 0.716749 0.258706 0.716619 0.259930 0.712474 0.259930 0.712215 0.261503 0.709495 0.261678 0.707293 0.264825 0.707681 0.268846 0.710402 0.272343
0 0.798731 0.636906 0.801192 0.640227 0.801710 0.642500 0.802358 0.643549 0.803005 0.646171 0.804041 0.646871 0.804171 0.649143 0.805855 0.651066 0.803912 0.651591 0.803394 0.654038 0.782280 0.654038 0.782280 0.651416 0.785777 0.647745 0.786166 0.643374 0.787461 0.642500 0.787461 0.640227 0.789793 0.637080 0.790311 0.634283 0.790829 0.633934 0.791995 0.630262 0.792642 0.630087 0.793031 0.626766 0.797694 0.630787
0 0.750181 0.532395 0.756917 0.561591 0.758472 0.561066 0.765596 0.551976 0.765596 0.549528 0.770518 0.542360 0.770518 0.540262 0.772202 0.539038 0.769223 0.538864 0.768446 0.537640 0.765855 0.536941 0.765596 0.535192 0.760544 0.534668 0.760155 0.533269 0.754585 0.533094 0.753549 0.531521
0 0.690997 0.602657 0.692811 0.603357 0.710946 0.613846 0.711205 0.615245 0.713277 0.615420 0.713536 0.602832 0.712889 0.602832 0.712630 0.589545 0.711723 0.588846 0.710816 0.579930 0.709909 0.581853 0.708484 0.581154 0.705764 0.585699 0.704858 0.585350 0.700065 0.591294 0.699158 0.590420 0.697085 0.594266 0.694495 0.594266 0.694236 0.597762 0.692163 0.598112
0 0.673122 0.599860 0.672992 0.611224 0.674288 0.611573 0.674547 0.633776 0.673381 0.632028 0.670790 0.631154 0.669495 0.629580 0.663148 0.629930 0.660557 0.625909 0.658873 0.625909 0.654469 0.620490 0.654080 0.617168 0.656412 0.613322 0.659521 0.612622 0.659650 0.611399 0.660816 0.608951 0.663148 0.608951 0.663277 0.605629 0.665220 0.605105 0.670531 0.599860
0 0.462513 0.200385 0.462513 0.201608 0.463938 0.203007 0.463679 0.205804 0.466528 0.208951 0.465363 0.210000 0.464974 0.211748 0.456036 0.211748 0.454870 0.209650 0.455907 0.208252 0.456036 0.205455 0.456684 0.203706 0.456684 0.202133 0.458497 0.200210 0.461477 0.200035
0 0.609521 0.631678 0.608096 0.633252 0.608096 0.635699 0.606930 0.636224 0.606541 0.638846 0.605117 0.641119 0.605117 0.643916 0.603951 0.645490 0.603562 0.647238 0.602526 0.648636 0.602396 0.651783 0.600842 0.652657 0.601360 0.655455 0.620013 0.655105 0.620142 0.654406 0.621438 0.653007 0.621438 0.651084 0.620531 0.648986 0.620272 0.647762 0.618199 0.645140 0.618070 0.642692 0.617163 0.641993 0.617034 0.639196 0.614961 0.636224 0.614573 0.634126 0.613018 0.631678
0 0.729534 0.753339 0.731736 0.753689 0.740544 0.766101 0.740415 0.768024 0.741451 0.768899 0.741710 0.772395 0.745855 0.777290 0.744948 0.777640 0.743912 0.779388 0.735881 0.778864 0.735492 0.780612 0.728886 0.781136 0.727461 0.783584 0.721373 0.783409 0.723964 0.780262 0.723964 0.775542 0.725648 0.774318 0.725518 0.767150 0.726684 0.765752 0.726813 0.763129 0.728238 0.760507 0.729145 0.759108
0 0.790026 0.758934 0.789767 0.764178 0.791321 0.765227 0.791192 0.775542 0.792746 0.776941 0.792617 0.785682 0.790026 0.785507 0.788990 0.783584 0.786010 0.783234 0.784585 0.782185 0.781218 0.781661 0.780570 0.779738 0.777979 0.779388 0.777202 0.778164 0.773834 0.777815 0.773316 0.776941 0.770337 0.775717 0.769819 0.773969 0.771373 0.772395 0.773964 0.768899 0.774352 0.766801 0.779145 0.760857 0.780181 0.760857 0.786658 0.751941 0.788342 0.751591 0.788212 0.758234
0 0.881023 0.766189 0.881464 0.769545 0.882345 0.770542 0.880881 0.772133 0.881179 0.776888 0.882060 0.778077 0.882500 0.794913 0.882940 0.795909 0.883666 0.798077 0.885868 0.793531 0.887785 0.793531 0.890130 0.790350 0.891593 0.790350 0.892034 0.786591 0.894391 0.786591 0.897474 0.782238 0.898199 0.783427 0.901723 0.778671 0.901140 0.777273 0.892189 0.769755 0.887047 0.769353 0.887047 0.767972 0.886023 0.767570 0.884547 0.766573
0 1.000000 0.901661 0.998588 0.903811 0.997293 0.911503 0.994832 0.913776 0.994832 0.918147 0.990687 0.929685 0.988873 0.929860 0.984598 0.923217 0.983821 0.921643 0.982267 0.920944 0.980842 0.915350 0.976697 0.909930 0.976697 0.907308 0.972163 0.900839 0.979676 0.900664 0.980712 0.899441 0.986801 0.898217 0.987448 0.897517 1.000000 0.896136
0 0.868368 0.923566 0.856580 0.939301 0.856580 0.942448 0.857746 0.943497 0.858653 0.945594 0.862409 0.945769 0.862668 0.946818 0.866554 0.947168 0.868109 0.948566 0.875233 0.949091 0.875233 0.948392 0.874456 0.947517 0.873808 0.938776 0.873161 0.938252 0.873031 0.934406 0.871995 0.933357 0.871347 0.926538 0.870570 0.926364 0.870311 0.924091
0 0.838446 0.933182 0.838705 0.937028 0.839870 0.938252 0.840648 0.947692 0.841684 0.948741 0.841943 0.953636 0.840000 0.956958 0.839223 0.955210 0.835207 0.954510 0.834819 0.953112 0.831321 0.952413 0.830933 0.951014 0.828731 0.950140 0.827953 0.949615 0.826269 0.949441 0.824067 0.947517 0.823549 0.943671 0.830285 0.934755 0.832358 0.933182 0.834041 0.931783 0.835725 0.931783 0.835725 0.928287 0.836891 0.929510 0.838316 0.929510
0 0.819223 0.433427 0.819223 0.435350 0.820000 0.436049 0.820259 0.438671 0.821036 0.439196 0.821295 0.441643 0.823238 0.444266 0.823756 0.447937 0.824793 0.450559 0.824793 0.452308 0.800829 0.453007 0.800570 0.451084 0.802902 0.447587 0.802902 0.444965 0.804456 0.444790 0.804585 0.440420 0.806917 0.436923 0.807435 0.434301 0.808342 0.433951 0.808731 0.430280 0.810803 0.428182 0.811192 0.424860 0.814171 0.424685 0.814430 0.427832
0 0.725065 0.211923 0.732060 0.219266 0.734391 0.219615 0.735946 0.221364 0.737241 0.221364 0.737759 0.223112 0.740091 0.223462 0.740868 0.225210 0.744624 0.225385 0.744624 0.193566 0.741904 0.194266 0.739961 0.197063 0.738277 0.197063 0.736852 0.198811 0.735298 0.198986 0.731412 0.204755 0.730505 0.204755 0.729210 0.205629 0.727396 0.206154 0.726619 0.208776 0.724417 0.209825
0 0.035997 0.030280 0.027811 0.042745 0.028251 0.051171 0.034508 0.051783 0.034961 0.053392 0.040013 0.053986 0.041062 0.055804 0.042694 0.055997 0.044041 0.055594 0.045233 0.048969 0.043744 0.046958 0.044041 0.041731 0.043446 0.040927 0.043290 0.036713 0.042396 0.036101 0.041360 0.029878
0 0.129365 0.029668 0.123264 0.029476 0.121023 0.031084 0.121477 0.032483 0.121917 0.037920 0.122668 0.037920 0.122811 0.042535 0.123860 0.042937 0.123860 0.047150 0.125052 0.048969 0.125194 0.051573 0.127137 0.052587 0.126982 0.055402 0.128912 0.058007 0.135622 0.048969 0.135622 0.046748 0.138005 0.043339 0.138005 0.042535 0.140829 0.037920 0.140984 0.033287 0.137707 0.033094 0.137552 0.031678 0.130402 0.031276
0 0.180596 0.001731 0.188782 0.001538 0.191904 0.003549 0.191606 0.007168 0.190868 0.008374 0.190272 0.011381 0.189378 0.011381 0.189676 0.015612 0.188782 0.016608 0.188031 0.019213 0.186995 0.020017 0.186995 0.023234 0.184456 0.026259 0.184456 0.028269 0.180596 0.029476 0.178355 0.026853 0.178355 0.025052 0.175376 0.021224 0.175078 0.018427 0.172694 0.015402 0.172694 0.013199 0.170466 0.009371 0.170466 0.006958 0.171503 0.004755 0.181036 0.003741
0 0.183148 0.044161 0.184443 0.042063 0.184702 0.043112 0.187811 0.043462 0.187552 0.048182 0.186904 0.048531 0.186386 0.050979 0.185868 0.052552 0.185868 0.055000 0.182630 0.057972 0.183018 0.061294 0.180298 0.061294 0.178873 0.059895 0.178873 0.057273 0.176541 0.053601 0.176282 0.049755 0.175246 0.049056 0.174870 0.043706
0 0.556347 0.030297 0.556088 0.040612 0.554534 0.040612 0.554534 0.059843 0.554793 0.060367 0.563083 0.053724 0.564508 0.052325 0.567746 0.052850 0.569819 0.049703 0.573964 0.048829 0.573964 0.047080 0.569301 0.040612 0.568135 0.040612 0.565933 0.037290 0.564249 0.037290 0.560363 0.031696
0 0.209313 0.034895 0.215790 0.043636 0.216308 0.046259 0.217474 0.048706 0.219806 0.048531 0.220842 0.050455 0.221231 0.049406 0.222008 0.048357 0.222008 0.045909 0.223562 0.045035 0.223562 0.042587 0.224987 0.042238 0.225246 0.036643 0.226412 0.036643 0.226671 0.031399 0.227578 0.031224 0.227578 0.024580 0.227578 0.024580 0.226282 0.022657 0.225505 0.024406 0.219806 0.024231 0.218899 0.026329 0.214495 0.026154 0.214106 0.027378 0.210738 0.027378 0.208536 0.029476
0 0.199080 0.103077 0.199469 0.114965 0.198303 0.115664 0.198044 0.123881 0.204650 0.126154 0.209702 0.120734 0.211256 0.121084 0.213459 0.117413 0.215661 0.117238 0.216179 0.113217 0.215790 0.112867 0.210738 0.105175 0.209702 0.105175 0.207630 0.101503 0.205816 0.101678 0.205039 0.099406 0.201412 0.099406 0.201412 0.101853
0 0.265531 0.068986 0.265661 0.074056 0.266697 0.074930 0.265790 0.076503 0.265790 0.079126 0.266697 0.079650 0.267345 0.094510 0.270324 0.094685 0.273044 0.091364 0.274598 0.091364 0.278225 0.085070 0.280039 0.085594 0.285997 0.077727 0.285220 0.077727 0.282889 0.072483 0.281593 0.072308 0.280298 0.070385 0.277060 0.070385 0.275635 0.067937 0.271878 0.068287 0.271749 0.066364 0.269158 0.066538 0.267604 0.064615
0 0.276930 0.101853 0.274598 0.105000 0.273044 0.104476 0.270453 0.108671 0.269028 0.108322 0.265142 0.113916 0.263329 0.113217 0.258148 0.119510 0.259313 0.121084 0.262163 0.123706 0.265272 0.126853 0.266697 0.127028 0.269547 0.130699 0.271878 0.130699 0.274210 0.133322 0.275505 0.133147 0.275894 0.134545 0.277578 0.134720 0.279003 0.136294 0.279650 0.134720 0.280687 0.134021 0.280816 0.120385 0.279132 0.120385 0.280039 0.100105
0 0.328096 0.108322 0.326023 0.111993 0.325635 0.114266 0.323821 0.115140 0.322915 0.118287 0.317085 0.124930 0.317474 0.126329 0.313718 0.131923 0.313718 0.135245 0.312552 0.136818 0.314624 0.136818 0.315531 0.139965 0.322785 0.139965 0.323433 0.141538 0.334443 0.140839 0.335868 0.142762 0.338199 0.142937 0.338199 0.139091 0.336516 0.137867 0.336516 0.133671 0.335997 0.133147 0.335738 0.128951 0.334573 0.127552 0.334184 0.123706 0.333018 0.122483 0.333407 0.118462 0.331852 0.119161 0.331723 0.116364 0.330687 0.115839 0.330687 0.110769
0 0.347267 0.056049 0.347008 0.060070 0.346231 0.061294 0.345712 0.088916 0.347137 0.089615 0.347396 0.091364 0.348951 0.089790 0.351153 0.089091 0.354132 0.085769 0.355687 0.085594 0.356205 0.083147 0.359443 0.083147 0.362163 0.080000 0.362681 0.080524 0.364624 0.077902 0.366049 0.077378 0.366697 0.076853 0.368769 0.074930 0.368769 0.072832 0.367474 0.071084 0.365661 0.069161 0.363718 0.068636 0.359573 0.063042 0.358795 0.063392 0.357241 0.061818 0.355039 0.061294 0.353484 0.058322 0.351801 0.058147 0.351153 0.056049
0 0.382630 0.096783 0.380039 0.099755 0.379909 0.101678 0.374598 0.109021 0.374728 0.111294 0.372655 0.111818 0.372008 0.113916 0.370972 0.114965 0.370194 0.117937 0.372008 0.124755 0.380427 0.125804 0.381075 0.127552 0.394288 0.127378 0.393122 0.125979 0.392863 0.121608 0.391826 0.121434 0.391308 0.116189 0.390402 0.116189 0.389883 0.111294 0.389236 0.110944 0.389106 0.106923 0.387552 0.106748 0.387293 0.103951 0.386775 0.103601 0.386127 0.098706 0.385091 0.096958
0 0.470725 0.092010 0.466580 0.096031 0.466710 0.097780 0.463731 0.101451 0.463601 0.106346 0.462565 0.108094 0.476813 0.107920 0.476943 0.105122 0.476036 0.103374 0.475777 0.101101 0.474870 0.099703 0.473964 0.097080
0 0.544417 0.000000 0.543912 0.007220 0.544171 0.008619 0.544819 0.013864 0.545984 0.014213 0.545984 0.018759 0.547409 0.018759 0.547798 0.022955 0.549093 0.024353 0.549093 0.026801 0.549870 0.026976 0.551166 0.032045 0.551684 0.031346 0.555699 0.030997 0.556347 0.028024 0.561528 0.020857 0.561528 0.019108 0.563342 0.019283 0.563342 0.016486 0.565674 0.013339 0.565544 0.010892 0.569041 0.010017 0.568653 0.008619 0.567617 0.005647 0.565415 0.006171 0.564767 0.003374 0.555699 0.003199 0.555311 0.001276 0.551554 0.001976 0.551684 0.000227 0.548472 0.000000
0 0.607124 0.078899 0.605570 0.080997 0.605311 0.083094 0.602461 0.085717 0.602073 0.088339 0.601295 0.088864 0.601036 0.092360 0.600000 0.093059 0.599741 0.095332 0.597539 0.097780 0.597150 0.103199 0.594560 0.105822 0.594819 0.107920 0.605829 0.107570 0.606218 0.106171 0.608290 0.108619 0.614896 0.108269 0.615155 0.107220 0.617487 0.106871 0.617876 0.104073 0.616580 0.102850 0.616192 0.098654 0.614249 0.096206 0.614249 0.093934 0.611788 0.091486 0.611399 0.086766 0.608938 0.084493 0.608679 0.080997
0 0.672539 0.043584 0.668782 0.050402 0.667098 0.050227 0.666192 0.053199 0.664119 0.054248 0.658031 0.061591 0.657902 0.063864 0.655829 0.064563 0.655699 0.067185 0.656736 0.067185 0.657254 0.069108 0.659585 0.068934 0.660104 0.071556 0.665155 0.071731 0.666062 0.072955 0.670725 0.072955 0.672927 0.076276 0.679275 0.076976 0.679663 0.072955 0.678756 0.071906 0.678627 0.062990 0.677720 0.062640 0.677202 0.055297 0.676684 0.054423 0.676036 0.047605 0.675000 0.046381 0.674741 0.043584
0 0.640026 0.121381 0.623964 0.143409 0.622280 0.132920 0.620984 0.130472 0.622021 0.129073 0.622021 0.126801 0.620596 0.126276 0.620596 0.123129 0.619819 0.122780 0.619301 0.114738 0.623575 0.113514 0.623964 0.116136 0.631088 0.114388 0.631477 0.116311 0.635233 0.116311 0.635492 0.117885 0.640544 0.118584
0 0.569896 0.191084 0.569637 0.206119 0.572228 0.206294 0.573394 0.205245 0.575725 0.204720 0.576244 0.202972 0.578446 0.202797 0.580777 0.199126 0.582461 0.199301 0.585959 0.194231 0.587642 0.194231 0.590751 0.188986 0.589845 0.188811 0.589585 0.187587 0.587772 0.187413 0.584922 0.183392 0.584145 0.183741 0.582720 0.182517 0.581425 0.182343 0.580648 0.180245 0.578316 0.179545 0.577539 0.178147 0.573912 0.178846 0.573264 0.177273 0.571451 0.177098 0.570415 0.174825 0.569637 0.176923 0.568731 0.177098 0.568601 0.184615 0.570026 0.185839 0.568731 0.186713 0.568212 0.189860
0 0.835350 0.038951 0.835609 0.070944 0.834184 0.073042 0.831593 0.073217 0.827966 0.068497 0.825764 0.068322 0.823044 0.064476 0.821878 0.064476 0.820972 0.063252 0.818899 0.063077 0.816956 0.059580 0.815531 0.059580 0.812422 0.055559 0.813588 0.052937 0.815920 0.052413 0.816438 0.051713 0.817863 0.051189 0.819676 0.047692 0.821878 0.047168 0.824987 0.042098 0.827707 0.042273 0.830946 0.037727
0 0.858795 0.053462 0.858925 0.090699 0.861127 0.091049 0.861775 0.089476 0.864365 0.088951 0.866826 0.086154 0.867085 0.085979 0.870842 0.081434 0.872396 0.081434 0.873433 0.079860 0.875376 0.080210 0.876023 0.077413 0.878873 0.076189 0.879391 0.075490 0.880816 0.074965 0.881593 0.074965 0.883666 0.073042 0.879262 0.067098 0.877578 0.067098 0.876282 0.064650 0.873692 0.064825 0.870972 0.062028 0.870583 0.061853 0.869547 0.059580 0.867474 0.059406 0.866567 0.057657 0.864754 0.057483 0.862293 0.054685
0 0.821140 0.655437 0.823601 0.658409 0.823990 0.662955 0.825415 0.661906 0.833316 0.672920 0.834870 0.672920 0.837850 0.676591 0.838109 0.673794 0.838886 0.673269 0.839145 0.670472 0.840052 0.669073 0.840311 0.661556 0.841865 0.660682 0.842124 0.648269 0.843161 0.647745 0.843290 0.643549 0.841477 0.643724 0.840959 0.645472 0.836813 0.644773 0.835777 0.647220 0.833964 0.647045 0.833316 0.648619 0.828912 0.648619 0.827746 0.649668 0.823860 0.650892
0 0.979585 0.784895 0.978161 0.801329 0.971295 0.792587 0.970130 0.792413 0.965078 0.786469 0.965078 0.783671 0.962876 0.783147 0.962746 0.780524 0.960803 0.779476 0.963135 0.774755 0.967409 0.773881 0.967798 0.773357 0.971295 0.772483 0.971554 0.771434 0.974275 0.770909 0.975440 0.769685 0.981399 0.768986 0.981658 0.774755 0.980622 0.775979
0 0.902837 0.118671 0.900635 0.120769 0.900764 0.122867 0.902189 0.123566 0.904132 0.126538 0.904132 0.128636 0.912811 0.140699 0.912940 0.142098 0.915013 0.145070 0.916049 0.145070 0.917215 0.144196 0.918381 0.143147 0.918510 0.140699 0.919417 0.139825 0.919676 0.133531 0.920324 0.133357 0.920842 0.129685 0.922396 0.129510 0.922137 0.122692 0.923303 0.121993 0.923303 0.119371 0.924598 0.119196 0.924469 0.116399 0.924080 0.116049 0.923433 0.114126 0.920453 0.113427 0.919935 0.115175 0.914883 0.115524 0.914106 0.113077 0.911904 0.116923 0.907630 0.116573 0.907111 0.118497
0 0.982526 0.266136 0.988225 0.272255 0.988225 0.275227 0.993407 0.281871 0.993407 0.283619 0.994702 0.284668 0.994961 0.289213 0.990168 0.289563 0.989391 0.291661 0.983174 0.292185 0.981360 0.294808 0.980194 0.292010 0.979028 0.293584 0.972940 0.293584 0.972681 0.291136 0.973977 0.289213 0.973070 0.288514 0.975142 0.284318 0.976697 0.284143 0.976697 0.278024 0.978122 0.278724 0.978381 0.272605 0.979417 0.272955 0.979288 0.269633 0.981231 0.268759 0.980712 0.265787
0 0.947552 0.258619 0.936930 0.258794 0.936412 0.257395 0.934339 0.256696 0.934080 0.264388 0.934728 0.264738 0.935117 0.267710 0.935764 0.268059 0.936541 0.275052 0.937319 0.275577 0.937837 0.281346 0.939262 0.283094 0.940298 0.281521 0.942630 0.280997 0.943148 0.278199 0.951697 0.267185 0.951697 0.265962 0.953510 0.263514 0.952863 0.262990 0.952085 0.260892 0.948977 0.260192
0 0.923847 0.318059 0.927215 0.323654 0.929935 0.323829 0.929935 0.324878 0.932396 0.325752 0.932396 0.326976 0.931749 0.330297 0.930194 0.330472 0.927733 0.332570 0.926567 0.332570 0.925531 0.333969 0.923847 0.333969 0.922681 0.335542 0.921386 0.335542 0.920479 0.337640 0.916982 0.337815 0.917111 0.317360 0.918148 0.316836 0.918925 0.315087 0.920091 0.317010 0.921386 0.316661
0 0.845829 0.224913 0.848031 0.227010 0.848161 0.229283 0.849197 0.230507 0.849715 0.232955 0.850492 0.234528 0.851010 0.236451 0.851917 0.237500 0.852306 0.239948 0.853472 0.240647 0.853731 0.242570 0.852435 0.246241 0.838964 0.247115 0.837668 0.245367 0.834430 0.245017 0.834430 0.242920 0.835466 0.241346 0.835466 0.238899 0.836891 0.238724 0.836891 0.236101 0.839223 0.232780 0.839352 0.230682 0.841295 0.227185 0.841684 0.224388 0.842979 0.223514 0.843368 0.219843 0.845829 0.222640
0 0.858264 0.283304 0.860855 0.286801 0.861114 0.288899 0.863834 0.292220 0.863834 0.294143 0.866295 0.295367 0.866425 0.297465 0.869404 0.300962 0.868497 0.302010 0.868238 0.303409 0.860725 0.304108 0.859301 0.306031 0.851399 0.306556 0.850104 0.307780 0.848679 0.307430 0.849197 0.306206 0.849585 0.300787 0.851269 0.300962 0.851269 0.298514 0.852306 0.297815 0.852435 0.294493 0.853601 0.294668 0.853601 0.285927 0.854767 0.286101 0.855026 0.283304
0 0.894003 0.103549 0.912137 0.104948 0.912021 0.099178 0.911373 0.098829 0.910984 0.096206 0.910194 0.095682 0.909806 0.091136 0.908510 0.090612 0.907746 0.087465 0.907098 0.086591 0.906956 0.082220 0.906049 0.082045 0.905920 0.079773 0.904624 0.076976 0.901917 0.076801 0.901917 0.079598 0.895829 0.085892 0.896088 0.089388 0.894145 0.091836 0.893355 0.094808 0.890764 0.098304 0.891023 0.101276 0.893497 0.101276
0 0.958472 0.391014 0.958472 0.414615 0.956658 0.414266 0.954974 0.411818 0.951736 0.410769 0.949534 0.407273 0.947720 0.407273 0.947073 0.406049 0.942280 0.405524 0.942150 0.403776 0.940337 0.401853 0.942021 0.400629 0.942927 0.399231 0.944870 0.398881 0.947720 0.393986 0.949016 0.393811 0.951088 0.392063 0.952513 0.391713 0.955233 0.388741 0.957176 0.388741
0 0.932824 0.425629 0.932694 0.441364 0.933342 0.442063 0.933601 0.454126 0.931399 0.453951 0.931010 0.453252 0.928161 0.452203 0.927513 0.451154 0.925570 0.450804 0.924793 0.449930 0.921943 0.449755 0.919352 0.446084 0.917280 0.445385 0.916891 0.444336 0.911839 0.443287 0.911062 0.441888 0.911062 0.440140 0.912228 0.437692 0.913523 0.438042 0.917150 0.432448 0.918446 0.432448 0.922461 0.426503 0.923368 0.427203 0.926477 0.423531 0.927642 0.423531 0.928938 0.421783 0.931010 0.421608
0 0.862487 0.463741 0.862487 0.467238 0.863782 0.467413 0.863912 0.480524 0.864948 0.480874 0.865725 0.488916 0.866632 0.489266 0.866762 0.496608 0.868964 0.493636 0.870130 0.493636 0.872591 0.490140 0.874793 0.489790 0.886321 0.474231 0.883860 0.473881 0.883860 0.472308 0.880751 0.472133 0.879845 0.470385 0.877902 0.470210 0.877383 0.468811 0.874922 0.468636 0.874404 0.467413 0.870000 0.466538 0.869352 0.465140 0.866114 0.464790 0.865207 0.463916
0 0.842280 0.512168 0.841891 0.515140 0.839171 0.517413 0.839171 0.519685 0.838394 0.520385 0.838005 0.523706 0.834249 0.528077 0.834119 0.535070 0.832306 0.538392 0.832306 0.539441 0.854326 0.540315 0.854974 0.537343 0.853808 0.536643 0.853938 0.532797 0.852772 0.531399 0.852642 0.528951 0.850440 0.526678 0.850311 0.524056 0.847720 0.520734 0.847202 0.518462
0 0.956062 0.546136 0.958653 0.542115 0.960855 0.541591 0.960725 0.545262 0.961891 0.547010 0.961762 0.553304 0.963187 0.553654 0.963446 0.561871 0.964870 0.562920 0.965130 0.575332 0.962927 0.575507 0.962150 0.573759 0.959041 0.573234 0.958005 0.571661 0.955026 0.570962 0.954249 0.570087 0.951269 0.569738 0.950622 0.569038 0.946736 0.567465 0.946477 0.566591 0.944534 0.565892 0.944145 0.564668 0.942202 0.564493 0.946995 0.556976 0.948938 0.556976 0.949585 0.552955 0.951788 0.551206 0.953860 0.549633 0.956710 0.548584
0 0.966244 0.640315 0.966891 0.648182 0.965337 0.648881 0.965078 0.655350 0.964171 0.655350 0.964560 0.665140 0.970259 0.661294 0.970518 0.661294 0.971554 0.660420 0.975052 0.660245 0.975052 0.658846 0.977124 0.658846 0.977772 0.656923 0.979585 0.656923 0.980104 0.656573 0.981658 0.655524 0.973886 0.643636 0.972720 0.643636 0.970000 0.639441
0 0.986192 0.686294 0.999922 0.705000 0.999016 0.705874 0.998886 0.707273 0.995648 0.707448 0.994870 0.709021 0.992150 0.708846 0.990725 0.710245 0.988394 0.710769 0.986969 0.712343 0.982694 0.712343 0.981399 0.714091 0.976865 0.714965 0.977124 0.714091 0.978031 0.703776 0.979197 0.703252 0.979326 0.694860 0.980622 0.694336 0.980622 0.688217 0.981658 0.688741 0.982047 0.685420 0.983601 0.685245 0.983601 0.687343
0 0.969093 0.685245 0.970389 0.685245 0.973886 0.688916 0.974016 0.693811 0.971554 0.693462 0.969870 0.695385 0.968187 0.695035 0.967150 0.696783 0.964430 0.696958 0.963782 0.698881 0.958990 0.698706 0.957565 0.700280 0.953549 0.701154 0.953161 0.692413 0.954715 0.692238 0.954974 0.683671 0.956010 0.683671 0.956399 0.677203 0.956917 0.677203 0.957694 0.670734 0.958601 0.673182 0.959896 0.672657 0.967668 0.682622
0 0.969223 0.724056 0.968964 0.726853 0.968187 0.727902 0.967668 0.732098 0.966373 0.732273 0.966373 0.737168 0.965207 0.738566 0.965078 0.742762 0.969482 0.742937 0.969870 0.741538 0.974793 0.741189 0.975181 0.739790 0.977902 0.739441 0.978161 0.734545
0 0.935803 0.743462 0.948886 0.743462 0.949534 0.741888 0.958083 0.741888 0.955363 0.752028 0.955104 0.753951 0.955104 0.753951 0.951477 0.758846 0.951088 0.760420 0.946554 0.767063 0.945130 0.766888 0.944741 0.763741 0.943834 0.762517 0.943446 0.760070 0.942021 0.759371 0.941762 0.756049 0.940725 0.754476 0.940337 0.752203 0.939301 0.751678 0.938912 0.749056
0 0.932228 0.643969 0.934948 0.646941 0.935078 0.649213 0.936244 0.650437 0.936244 0.652010 0.937668 0.653584 0.937668 0.655507 0.938705 0.656206 0.939352 0.661626 0.940000 0.663024 0.940000 0.663899 0.915518 0.664423 0.915518 0.659878 0.918497 0.656731 0.918497 0.653584 0.921865 0.647465 0.922124 0.644143 0.925751 0.639248 0.926528 0.636976 0.927565 0.635402 0.929508 0.634703 0.929637 0.637325 0.932228 0.640647
0 0.241826 0.132972 0.244158 0.136469 0.246231 0.136469 0.246101 0.139091 0.249987 0.143112 0.249987 0.144510 0.252189 0.148007 0.252189 0.150105 0.255039 0.153776 0.255427 0.160245 0.251801 0.160594 0.251412 0.162343 0.244288 0.162168 0.242992 0.164266 0.231852 0.163916 0.231852 0.161643 0.232889 0.161643 0.233148 0.154825 0.233925 0.154301 0.234313 0.150455 0.235609 0.150979 0.235609 0.145559 0.236775 0.145210 0.236904 0.141364
0 0.106710 0.154073 0.101528 0.168759 0.101010 0.177850 0.105026 0.177675 0.105933 0.176626 0.112150 0.176101 0.113187 0.174528 0.113964 0.176626 0.114482 0.175402 0.116813 0.174878 0.118368 0.172430 0.118886 0.169458 0.117073 0.165787 0.116813 0.162640 0.113834 0.160542 0.113834 0.157745 0.112280 0.156871 0.111373 0.153899
0 0.031321 0.199353 0.035207 0.199528 0.037668 0.200752 0.037150 0.208619 0.038575 0.209668 0.039223 0.218759 0.040000 0.219458 0.038187 0.223304 0.032746 0.224003 0.031839 0.222080 0.027176 0.221906 0.025622 0.219108 0.023938 0.220682 0.023031 0.212815 0.025751 0.209493 0.025492 0.207395 0.028731 0.204073 0.031062 0.203549
0 0.134922 0.188409 0.134922 0.192605 0.134016 0.193479 0.133497 0.197850 0.132332 0.198899 0.131943 0.203969 0.131295 0.204668 0.131166 0.207290 0.130000 0.207990 0.129611 0.211486 0.126244 0.211486 0.125596 0.210262 0.123653 0.210087 0.123135 0.207290 0.119378 0.202920 0.119508 0.200997 0.116917 0.196976 0.116788 0.194878 0.115363 0.193829 0.115363 0.192080 0.118342 0.188059 0.124041 0.187185 0.124560 0.185962 0.134145 0.184913
0 0.088031 0.203094 0.088161 0.212885 0.089585 0.213759 0.088290 0.214633 0.088031 0.217780 0.088679 0.217955 0.089326 0.224773 0.091010 0.227220 0.092306 0.227220 0.092824 0.225997 0.094249 0.225647 0.097098 0.221801 0.098264 0.221801 0.100984 0.219353 0.102668 0.219003 0.102798 0.215682 0.106036 0.215332 0.105907 0.212360 0.108109 0.210437 0.106943 0.209563 0.106036 0.208164 0.103705 0.207990 0.101244 0.204843 0.099560 0.204668 0.098653 0.202920 0.096969 0.202570 0.095933 0.200472 0.092824 0.200122 0.092176 0.199073 0.089974 0.198899 0.089715 0.201521
0 0.078964 0.235087 0.078575 0.240507 0.080000 0.241206 0.079741 0.257115 0.078834 0.257815 0.079093 0.260437 0.074819 0.260262 0.073653 0.258689 0.070285 0.258514 0.069896 0.257465 0.068342 0.257465 0.066269 0.253969 0.063938 0.253969 0.063679 0.251171 0.062124 0.250297 0.062124 0.247675 0.067694 0.240157 0.068472 0.239808 0.072876 0.234038 0.075855 0.234213 0.076891 0.232115
0 0.116295 0.783566 0.110324 0.790385 0.110324 0.793182 0.107733 0.796154 0.107474 0.799476 0.105531 0.801224 0.105402 0.802448 0.103731 0.804371 0.103847 0.808217 0.109028 0.808566 0.110065 0.810664 0.126904 0.810839 0.125609 0.808042 0.125220 0.802448 0.123925 0.801399 0.122889 0.796154 0.122124 0.795280 0.121593 0.792832 0.119132 0.790210 0.119132 0.785315
0 0.160764 0.578794 0.160635 0.581941 0.166075 0.590332 0.168666 0.590507 0.168925 0.587710 0.169961 0.587185 0.170609 0.583164 0.172034 0.581416 0.172293 0.574248 0.173199 0.572150 0.168148 0.571801 0.167500 0.573024 0.165946 0.571801 0.165039 0.573024 0.162707 0.573199 0.161930 0.575297 0.159598 0.575647 0.159728 0.577220
0 0.094249 0.274423 0.094637 0.284388 0.093212 0.284738 0.092953 0.294178 0.094378 0.296801 0.097617 0.296626 0.098394 0.295577 0.100596 0.295402 0.100984 0.293829 0.102927 0.293479 0.103705 0.292430 0.104870 0.292255 0.105907 0.290857 0.107591 0.290157 0.111606 0.285437 0.110311 0.284738 0.110311 0.282115 0.108756 0.280192 0.107332 0.280192 0.103446 0.274248 0.102539 0.274248 0.101373 0.272675 0.100207 0.272675 0.098394 0.270752 0.096969 0.270752 0.096321 0.273374
0 0.037383 0.303969 0.034404 0.304493 0.034016 0.303269 0.031295 0.302395 0.028446 0.304318 0.028834 0.309738 0.029482 0.311486 0.030389 0.318129 0.031166 0.318654 0.031684 0.325297 0.033368 0.325297 0.033756 0.327395 0.035570 0.327220 0.045155 0.314458 0.044767 0.310962 0.046839 0.308164 0.045155 0.307990 0.044378 0.305717 0.042435 0.305717 0.041788 0.303444 0.039845 0.304493 0.038808 0.307115
0 0.004870 0.383164 0.005130 0.391031 0.003834 0.391556 0.003705 0.404843 0.004093 0.405017 0.005259 0.407115 0.007850 0.403794 0.011736 0.403794 0.012902 0.402745 0.015233 0.401871 0.017047 0.398724 0.019249 0.398374 0.021839 0.393829 0.012254 0.381591 0.010829 0.381066 0.010440 0.379493 0.006813 0.379493 0.006813 0.382465
0 0.110181 0.335262 0.109404 0.338059 0.107979 0.339808 0.107979 0.341206 0.106295 0.342780 0.105907 0.347325 0.105000 0.348024 0.105000 0.353094 0.103187 0.354493 0.104741 0.355542 0.104741 0.359738 0.110311 0.360612 0.110699 0.359038 0.114067 0.358339 0.115233 0.356591 0.120544 0.356241 0.120544 0.354143 0.121710 0.353269 0.121710 0.350297
0 0.125466 0.346276 0.125207 0.350122 0.131554 0.364983 0.132202 0.366731 0.135311 0.366906 0.135440 0.364108 0.139326 0.359913 0.139585 0.356066 0.141010 0.354493 0.140881 0.347850 0.142694 0.346626
0 0.155518 0.348374 0.155648 0.350997 0.154870 0.351346 0.154611 0.354493 0.153057 0.355017 0.152798 0.360962 0.151891 0.361836 0.151244 0.368129 0.150337 0.368829 0.150207 0.375997 0.157073 0.376171 0.157850 0.374598 0.161347 0.373549 0.161606 0.373024 0.164715 0.372500 0.165622 0.371276 0.171192 0.370402 0.170803 0.366031 0.168860 0.363409 0.168472 0.361311 0.158756 0.348374
0 0.199560 0.315157 0.199560 0.317080 0.196710 0.320052 0.197358 0.322150 0.194767 0.324773 0.194508 0.327045 0.191658 0.330717 0.191658 0.333864 0.190492 0.334388 0.190492 0.336486 0.189197 0.337535 0.189197 0.341556 0.201244 0.342255 0.201632 0.344528 0.210440 0.344178 0.211218 0.342430 0.212124 0.341731 0.211218 0.339983 0.210829 0.336836 0.210311 0.335087 0.210181 0.332115 0.209275 0.331766 0.208368 0.329143 0.207591 0.328444 0.207332 0.326521 0.206295 0.325997 0.206166 0.322675 0.205000 0.322500 0.204482 0.318479 0.200984 0.314458
0 0.280389 0.384913 0.285829 0.384738 0.286088 0.404493 0.285181 0.405017 0.284145 0.410612 0.283368 0.409213 0.280130 0.409213 0.276632 0.403444 0.275078 0.403619 0.274689 0.401871 0.272876 0.400997 0.270026 0.398199 0.269378 0.393829 0.277409 0.387360
0 0.260699 0.409038 0.262513 0.409038 0.262513 0.412185 0.264585 0.412185 0.268731 0.418129 0.268990 0.420402 0.267953 0.422500 0.266140 0.422325 0.264845 0.425647 0.263549 0.423549 0.262642 0.427045 0.260181 0.425122 0.258368 0.427570 0.257073 0.427570 0.256684 0.429493 0.253187 0.429843 0.251373 0.431591 0.249819 0.431941 0.249041 0.429843 0.248912 0.424073 0.249948 0.423199 0.249819 0.410787 0.250984 0.410437 0.251114 0.405717 0.252539 0.405192 0.252539 0.402395 0.254352 0.401521 0.254611 0.402745 0.256813 0.402920
0 0.199948 0.433689 0.196969 0.437535 0.196969 0.439808 0.195803 0.440682 0.195674 0.445752 0.194378 0.445927 0.194378 0.451346 0.193472 0.451521 0.193083 0.455542 0.192176 0.456241 0.191788 0.458864 0.190751 0.460787 0.191399 0.461836 0.191658 0.464808 0.198523 0.465157 0.199819 0.463234 0.207202 0.463059 0.207591 0.461311 0.211218 0.461136 0.213549 0.459213 0.213549 0.454843 0.212513 0.455017 0.212383 0.451696 0.210311 0.448549 0.210181 0.447150
0 0.174689 0.456766 0.174171 0.464108 0.175596 0.464983 0.175984 0.484738 0.174948 0.482815 0.169249 0.482465 0.168990 0.481416 0.166140 0.480892 0.165363 0.479143 0.163679 0.478794 0.163161 0.477220 0.160829 0.476521 0.160311 0.475647 0.158109 0.474948 0.157720 0.473549 0.155518 0.473549 0.155259 0.469353 0.158238 0.466206 0.157850 0.464283 0.160052 0.463409 0.160440 0.460787 0.162124 0.457990 0.165104 0.457640 0.165751 0.455367 0.167694 0.455017 0.170155 0.451346 0.172746 0.450997 0.172876 0.455017
0 0.054573 0.470017 0.054832 0.474738 0.053407 0.475787 0.053148 0.492395 0.054313 0.492920 0.054313 0.496766 0.053407 0.497815 0.055350 0.498514 0.055868 0.499913 0.056516 0.498689 0.058459 0.498339 0.059495 0.496416 0.061826 0.496416 0.064806 0.491521 0.066231 0.491521 0.067267 0.489773 0.070117 0.489598 0.070117 0.486451 0.072578 0.484003 0.071023 0.481906 0.069987 0.481556 0.067008 0.477535 0.065712 0.477710 0.064676 0.475962 0.062992 0.475962 0.062345 0.474038 0.060272 0.474038 0.059495 0.472640 0.056386 0.472290
0 0.151334 0.494668 0.150816 0.503059 0.151852 0.503584 0.152500 0.510752 0.149262 0.510227 0.148744 0.509528 0.144210 0.508654 0.143562 0.507605 0.139028 0.506206 0.138381 0.505507 0.136956 0.504633 0.135920 0.503934 0.134106 0.502885 0.133329 0.502185 0.131127 0.501311 0.130609 0.500087 0.129573 0.499738 0.130738 0.498339 0.130868 0.496591 0.141878 0.480682 0.142915 0.481206 0.144987 0.477360 0.147189 0.477360 0.147189 0.479983 0.147966 0.480332 0.148225 0.484178 0.150389 0.486538 0.149521 0.493094
0 0.111619 0.606469 0.111619 0.610140 0.110466 0.610140 0.110324 0.614685 0.109417 0.615210 0.108523 0.622203 0.107474 0.622727 0.107474 0.631294 0.109288 0.631294 0.109935 0.629196 0.111503 0.631643 0.112915 0.629895 0.117837 0.629196 0.117837 0.628322 0.120570 0.627797 0.123536 0.623951 0.123161 0.620629 0.118627 0.613986 0.117837 0.613986 0.114858 0.611189 0.115000 0.609266 0.113303 0.608566
0 0.132228 0.673427 0.131839 0.675874 0.131308 0.676399 0.130933 0.681818 0.129896 0.681993 0.129637 0.690909 0.128459 0.690734 0.128459 0.697203 0.133523 0.697552 0.134171 0.695979 0.138821 0.695804 0.139728 0.694231 0.141943 0.694056 0.142319 0.693007 0.144145 0.692483 0.146088 0.690210 0.146088 0.687587 0.144793 0.686538 0.143355 0.686364 0.141295 0.683217 0.141295 0.681469 0.139858 0.678497 0.137915 0.678497 0.137526 0.677098 0.135078 0.676224 0.134819 0.672902
0 0.099313 0.734266 0.101399 0.737762 0.103990 0.737413 0.106438 0.740909 0.107992 0.741084 0.110972 0.744580 0.111114 0.748601 0.109560 0.751224 0.108912 0.752797 0.107345 0.752448 0.106438 0.754545 0.104883 0.754196 0.103731 0.755944 0.101645 0.755944 0.100609 0.757867 0.098925 0.758217 0.097902 0.761014 0.094780 0.760664 0.093096 0.762413 0.093627 0.734091 0.094780 0.734266 0.095816 0.731993 0.097111 0.733741
0 0.075648 0.363706 0.073964 0.365629 0.073575 0.368252 0.072798 0.368427 0.072539 0.370350 0.071373 0.371748 0.070855 0.380315 0.070207 0.381364 0.070078 0.384161 0.078886 0.383986 0.079793 0.382587 0.082902 0.382063 0.086010 0.379441 0.083549 0.375594 0.083161 0.373322 0.078368 0.365979
0 0.583381 0.508549 0.583381 0.510472 0.584158 0.511521 0.584417 0.514318 0.586360 0.515892 0.587137 0.519738 0.589080 0.520787 0.590376 0.520787 0.591671 0.519213 0.593614 0.515892 0.593225 0.513269 0.596593 0.509248 0.596205 0.504353 0.598018 0.503479 0.598277 0.499458 0.599443 0.497885 0.599443 0.495087 0.590505 0.494913 0.589987 0.495787 0.583769 0.496136 0.582733 0.497535 0.580402 0.498759 0.580661 0.503829
0 0.004275 0.725892 0.004404 0.742150 0.004793 0.743024 0.005181 0.748969 0.006218 0.749668 0.006865 0.754388 0.008290 0.754563 0.009197 0.753514 0.011010 0.753339 0.014249 0.748269 0.015933 0.747920 0.023057 0.739003 0.023187 0.737080 0.024611 0.734983 0.023057 0.733759 0.020596 0.731661 0.019171 0.731311 0.018005 0.729738 0.015415 0.729038 0.014378 0.727990 0.012565 0.727465 0.011140 0.725892 0.009715 0.727815 0.008938 0.726066
0 0.040285 0.742850 0.047409 0.751941 0.047409 0.754388 0.046891 0.755612 0.045337 0.758234 0.041710 0.758409 0.041062 0.760157 0.039637 0.760332 0.038731 0.762255 0.035363 0.761731 0.034326 0.763304 0.033161 0.763829 0.031477 0.766101 0.030181 0.765927 0.029534 0.763829 0.027850 0.764178 0.026943 0.762780 0.025000 0.762255 0.024741 0.758584 0.023316 0.757710 0.024482 0.756311 0.024482 0.750017 0.025777 0.750367 0.025777 0.744423 0.027202 0.744773 0.027202 0.741801 0.028497 0.741626 0.028497 0.737255 0.031347 0.732535 0.033420 0.734983 0.035233 0.735157 0.035492 0.739178 0.038472 0.739178 0.038601 0.742325
0 0.165155 0.921381 0.165492 0.923427 0.166503 0.925699 0.166671 0.928217 0.168018 0.929126 0.168355 0.931626 0.169197 0.933462 0.170039 0.937552 0.171399 0.940752 0.172073 0.942343 0.171956 0.947325 0.159508 0.946801 0.158601 0.945227 0.157565 0.947150 0.156399 0.945752 0.154456 0.945577 0.153549 0.943671 0.151749 0.943671 0.154197 0.940157 0.154067 0.937535 0.156541 0.935087 0.156658 0.932815 0.160427 0.928969 0.160544 0.926189 0.163912 0.920927
0 0.354041 0.892150 0.353653 0.894773 0.352617 0.895472 0.352617 0.898094 0.351839 0.898444 0.351580 0.901416 0.350285 0.902115 0.349896 0.905437 0.348990 0.906311 0.348601 0.908759 0.347565 0.909458 0.347565 0.913479 0.346269 0.914703 0.345363 0.920472 0.344585 0.921696 0.344585 0.926066 0.346010 0.926241 0.347047 0.923619 0.360777 0.923444 0.361425 0.922745 0.368161 0.922220 0.369326 0.921171 0.372176 0.920997 0.369197 0.917850 0.369326 0.915927 0.368420 0.914178 0.368420 0.912080 0.361813 0.903864 0.361425 0.898969 0.356114 0.892325
0 0.328782 0.891451 0.328912 0.893549 0.333964 0.892850 0.334223 0.894773 0.337461 0.894773 0.337591 0.896871 0.340052 0.896871 0.341088 0.897570 0.343808 0.898444 0.344456 0.900542 0.345622 0.900542 0.347953 0.902465 0.347306 0.904213 0.347176 0.907885 0.345492 0.907010 0.343290 0.909633 0.343161 0.911906 0.341477 0.911906 0.337591 0.917150 0.336684 0.917325 0.333834 0.920472 0.329430 0.921346 0.329171 0.909808 0.328264 0.909283 0.327487 0.899493 0.326451 0.898444 0.326451 0.892325
0 0.335389 0.839353 0.335777 0.841801 0.334352 0.842500 0.334482 0.844948 0.331762 0.848969 0.331762 0.850717 0.329430 0.853339 0.329301 0.855962 0.326839 0.858059 0.326451 0.860857 0.323860 0.865052 0.323990 0.866801 0.324767 0.867150 0.324896 0.868199 0.330466 0.868374 0.331503 0.870297 0.348860 0.870297 0.349508 0.864878 0.348601 0.863829 0.348083 0.862080 0.346269 0.857360 0.345881 0.854913 0.344197 0.852640 0.344326 0.848794 0.342513 0.845997 0.342124 0.842850 0.338497 0.837080 0.337850 0.838479
0 0.317681 0.648601 0.317681 0.657343 0.316775 0.657517 0.316386 0.665210 0.315220 0.666084 0.314832 0.670629 0.321567 0.670979 0.322085 0.669580 0.326101 0.669231 0.326749 0.667657 0.330376 0.667657 0.332966 0.665035 0.335687 0.664161 0.335557 0.661888 0.334650 0.661538 0.334262 0.657867 0.332189 0.657343 0.323769 0.645455 0.319365 0.645105 0.319365 0.648077
0 0.343977 0.610140 0.344106 0.611888 0.345661 0.613287 0.345920 0.616608 0.346567 0.617133 0.346826 0.619930 0.348510 0.620804 0.348510 0.624476 0.349288 0.625699 0.349676 0.629545 0.350712 0.631294 0.350842 0.633566 0.350453 0.633916 0.349935 0.635664 0.343718 0.636014 0.343329 0.635664 0.337111 0.634965 0.336464 0.632517 0.331671 0.633217 0.331412 0.631294 0.330764 0.631119 0.330376 0.627972 0.333225 0.627622 0.332707 0.624650 0.334391 0.624126 0.334132 0.621503 0.340350 0.613287 0.340609 0.610140
0 0.371697 0.657517 0.371956 0.663811 0.370790 0.663811 0.370402 0.669406 0.369495 0.669580 0.369495 0.676573 0.373640 0.676399 0.374288 0.675350 0.378951 0.675000 0.379728 0.673601 0.382448 0.673077 0.383484 0.671503 0.384780 0.670804 0.382448 0.667483 0.382319 0.666084 0.375453 0.655769 0.374028 0.655594 0.373122 0.657343
0 0.396308 0.675874 0.396567 0.700524 0.397604 0.701748 0.396308 0.703846 0.399417 0.703846 0.400324 0.702797 0.402396 0.702622 0.403562 0.700874 0.405505 0.700524 0.406282 0.699476 0.407837 0.698601 0.407837 0.696329 0.410039 0.695280 0.410168 0.694580 0.412241 0.693531 0.417034 0.688112 0.412500 0.682168 0.410557 0.681818 0.409003 0.679720 0.407060 0.680070 0.406541 0.678497 0.404858 0.678497 0.403821 0.676923 0.401878 0.676748 0.401490 0.674650
0 0.379728 0.710140 0.379339 0.720979 0.380505 0.721329 0.381153 0.729895 0.381801 0.730245 0.382319 0.736713 0.383225 0.737413 0.383744 0.742832 0.386982 0.743182 0.391645 0.735664 0.393329 0.736014 0.402396 0.723427 0.402137 0.720979 0.404210 0.719056 0.400712 0.719406 0.400324 0.716958 0.397604 0.716608 0.396826 0.715035 0.395013 0.714685 0.393847 0.713287 0.390350 0.713112 0.389961 0.711364 0.385168 0.711189 0.384650 0.709615
0 0.463510 0.989563 0.465583 0.989738 0.466490 0.987815 0.475946 0.979248 0.471801 0.975927 0.471153 0.974003 0.469080 0.973829 0.467785 0.972430 0.465972 0.972430 0.464676 0.970332 0.462733 0.969983 0.462345 0.969108 0.460272 0.968059 0.459624 0.966836 0.456645 0.966661 0.456386 0.995332 0.458070 0.994633 0.458718 0.993409 0.462085 0.993059
0 0.480091 0.944808 0.480609 0.947955 0.482163 0.951101 0.483718 0.950402 0.485661 0.953024 0.485790 0.955297 0.487345 0.957745 0.489028 0.957395 0.492785 0.963514 0.494469 0.963689 0.494469 0.956696 0.496023 0.955297 0.496412 0.951801 0.497448 0.951101 0.497448 0.944458 0.498873 0.943934 0.498744 0.931871 0.496801 0.931346 0.496282 0.933269 0.490712 0.933269 0.490324 0.934493 0.486956 0.934668 0.485920 0.936591 0.483329 0.937115 0.483070 0.939038 0.479702 0.938864 0.478148 0.941311 0.477889 0.943584
0 0.473769 0.865734 0.473769 0.873427 0.475065 0.874825 0.475065 0.880070 0.476360 0.881818 0.476360 0.884266 0.470531 0.884790 0.469624 0.883392 0.468459 0.883042 0.467163 0.880769 0.464313 0.880769 0.463795 0.880070 0.460427 0.879545 0.459780 0.877622 0.457319 0.877972 0.455764 0.875874 0.457448 0.872552 0.459132 0.873252 0.459262 0.870280 0.462889 0.865909 0.463925 0.865909 0.464832 0.863112 0.466904 0.859965 0.468847 0.859965 0.469106 0.858741 0.470790 0.858392 0.471179 0.860490 0.472733 0.860664 0.472215 0.864510
0 0.479210 0.865734 0.479598 0.876399 0.478433 0.876573 0.478433 0.894930 0.479598 0.893881 0.481930 0.893706 0.482707 0.892308 0.484780 0.891958 0.485557 0.890559 0.486852 0.889860 0.488018 0.888462 0.490868 0.887762 0.493070 0.885664 0.495272 0.884266 0.495920 0.883741 0.497215 0.882343 0.496826 0.880420 0.495661 0.878846 0.494365 0.877622 0.489313 0.870979 0.488148 0.871329 0.484521 0.865210 0.482707 0.865210 0.481153 0.863811
0 0.496528 0.771783 0.496528 0.774406 0.495233 0.774231 0.495492 0.778427 0.493938 0.779825 0.493938 0.783322 0.492642 0.785594 0.492642 0.787692 0.489793 0.790490 0.489663 0.794510 0.487720 0.799231 0.487332 0.803252 0.494197 0.803951 0.494845 0.802552 0.507668 0.802552 0.507668 0.800979 0.511425 0.799930 0.511295 0.799231 0.510130 0.796434 0.508187 0.793636 0.508057 0.791189 0.505725 0.788566 0.504948 0.785420 0.501451 0.781399 0.501062 0.775979 0.499767 0.774930 0.499767 0.773182 0.498472 0.770909
0 0.614003 0.965227 0.614262 0.970297 0.615039 0.970297 0.615687 0.973444 0.617889 0.975892 0.617889 0.978164 0.621256 0.982360 0.623199 0.986731 0.626049 0.992675 0.627733 0.992150 0.629158 0.989528 0.629547 0.987430 0.632137 0.985157 0.632008 0.982185 0.632915 0.980437 0.632915 0.977115 0.634728 0.974843 0.634728 0.970122 0.635894 0.969248 0.636023 0.963304 0.619573 0.963129 0.619184 0.965402
0 0.627681 0.782255 0.631567 0.786801 0.631567 0.787850 0.634028 0.791171 0.634028 0.793969 0.634806 0.794318 0.635453 0.797115 0.636878 0.799563 0.632604 0.799388 0.631697 0.801836 0.611360 0.802535 0.613044 0.800437 0.612526 0.796591 0.614858 0.793969 0.614858 0.789773 0.617578 0.785227 0.617448 0.782955 0.619521 0.778759 0.620816 0.775612 0.622370 0.774913 0.622241 0.772990 0.627940 0.779283
0 0.635065 0.710927 0.634806 0.714773 0.633769 0.715122 0.633769 0.718444 0.632215 0.718444 0.632215 0.722465 0.631308 0.723864 0.630920 0.726661 0.629754 0.727535 0.629365 0.731556 0.628329 0.733129 0.628329 0.735052 0.637785 0.735752 0.638044 0.733654 0.645687 0.734003 0.645816 0.730507 0.643873 0.727710 0.643744 0.724913 0.641282 0.721766 0.641153 0.719493 0.639598 0.717220 0.637655 0.716346 0.637396 0.714248
0 0.532306 0.639510 0.534028 0.643287 0.535635 0.642920 0.537487 0.646346 0.539223 0.646346 0.541749 0.648864 0.543756 0.650297 0.544547 0.652098 0.546943 0.653357 0.548679 0.654965 0.548679 0.649755 0.549611 0.648497 0.550674 0.621189 0.548808 0.620280 0.548148 0.622448 0.545609 0.622448 0.528562 0.634843 0.528446 0.638252 0.530155 0.639336
0 0.415402 0.610769 0.415117 0.624231 0.414469 0.624598 0.414326 0.636643 0.413135 0.637185 0.411140 0.634668 0.409922 0.634843 0.408873 0.633584 0.406749 0.633409 0.404080 0.628724 0.403277 0.629091 0.401684 0.627115 0.399948 0.626748 0.398627 0.624056 0.397021 0.623881 0.393964 0.619213 0.395155 0.619388 0.398225 0.614353 0.400350 0.614003 0.401412 0.612552 0.403666 0.611836 0.410984 0.605542 0.414067 0.605734 0.413795 0.609860
0 0.349961 0.519038 0.350117 0.533199 0.352448 0.533531 0.353212 0.531066 0.354378 0.531066 0.355168 0.530035 0.359313 0.529143 0.359573 0.527587 0.361503 0.527395 0.362552 0.526014 0.364093 0.525839 0.365013 0.524266 0.366697 0.524441 0.370324 0.520420 0.370194 0.517955 0.368122 0.518322 0.362293 0.509406 0.361645 0.509406 0.358653 0.505385 0.357759 0.505559 0.354650 0.502587 0.352979 0.502063 0.353212 0.507832 0.351541 0.508689 0.351658 0.518147
0 0.329909 0.493671 0.330557 0.496294 0.337552 0.496818 0.338070 0.498042 0.348951 0.498042 0.349080 0.490000 0.348174 0.489476 0.348174 0.485105 0.347526 0.484406 0.347396 0.479685 0.346231 0.478811 0.345972 0.476014 0.345065 0.475490 0.344417 0.472168 0.342992 0.469021 0.340920 0.468322 0.337034 0.471818 0.337293 0.474441 0.334702 0.477413 0.334443 0.479860 0.332630 0.480035 0.332370 0.483357 0.329521 0.485804 0.329391 0.488601 0.327837 0.489825 0.327448 0.494371
0 0.316049 0.481259 0.312940 0.490699 0.313070 0.494545 0.312034 0.495944 0.311775 0.500140 0.310868 0.501014 0.310479 0.506259 0.309054 0.506958 0.306075 0.503986 0.303096 0.503462 0.297526 0.494720 0.297785 0.493322 0.294417 0.489476 0.293769 0.485804 0.296490 0.481958 0.302060 0.481434 0.302578 0.480734 0.305816 0.479510 0.308407 0.478112 0.315272 0.476713
0 0.462021 0.562098 0.466425 0.567692 0.466425 0.570140 0.469145 0.574336 0.470311 0.573986 0.473161 0.577657 0.474067 0.576783 0.475363 0.576783 0.475104 0.572063 0.476140 0.571189 0.476140 0.568217 0.477565 0.566993 0.477306 0.559301 0.478860 0.558951 0.478731 0.554930 0.480026 0.552832 0.480674 0.543217 0.475622 0.543392 0.474715 0.544266 0.471865 0.544441 0.470829 0.546713 0.464352 0.547413 0.463446 0.549161 0.460466 0.549161 0.459689 0.550909 0.457358 0.551783 0.455933 0.553706 0.457746 0.554930 0.457487 0.556678 0.459171 0.558776 0.459430 0.562273
0 0.403925 0.463147 0.404573 0.478182 0.405350 0.479231 0.405091 0.492692 0.399780 0.493042 0.398744 0.491818 0.396930 0.491119 0.395894 0.489895 0.386697 0.483601 0.385142 0.481154 0.387345 0.477832 0.387345 0.473811 0.390583 0.474510 0.391231 0.471538 0.392785 0.470315 0.393951 0.468217 0.396023 0.468217 0.397837 0.465070 0.399391 0.465070 0.400557 0.463147
0 0.391153 0.230962 0.391153 0.235682 0.389987 0.236556 0.389469 0.239003 0.388303 0.239528 0.388692 0.246171 0.387267 0.246871 0.387137 0.253514 0.386619 0.255787 0.395816 0.254738 0.397630 0.252815 0.397630 0.255437 0.399184 0.253339 0.402293 0.253514 0.402940 0.252115 0.405790 0.251591 0.405790 0.247220 0.401904 0.243899 0.402681 0.241276 0.395039 0.231486
0 0.428459 0.305087 0.428588 0.324318 0.429365 0.324668 0.430013 0.329038 0.432474 0.329038 0.433899 0.327990 0.435324 0.327465 0.436490 0.325542 0.438692 0.325192 0.441671 0.320122 0.443873 0.319598 0.446723 0.314528 0.449313 0.314003 0.449313 0.311906 0.450738 0.310332 0.449443 0.308409 0.448018 0.308234 0.445557 0.304388 0.444003 0.303689 0.442966 0.302640 0.440635 0.302115 0.439339 0.300717 0.437526 0.300367 0.436619 0.298969 0.434806 0.298619 0.433769 0.297570 0.428718 0.297220 0.428718 0.299318 0.427422 0.300017 0.427293 0.303164
0 0.544611 0.695122 0.553161 0.695472 0.553031 0.700017 0.549663 0.704738 0.549145 0.706836 0.543964 0.715402 0.542021 0.715402 0.539689 0.718724 0.539171 0.712780 0.537876 0.711906 0.537746 0.707010 0.536710 0.706311 0.536710 0.699843 0.534637 0.698619 0.534896 0.695297 0.536839 0.692675 0.539430 0.692500 0.540207 0.693724 0.543705 0.693899
0 0.465997 0.423007 0.466386 0.425979 0.469236 0.425979 0.471308 0.428951 0.472733 0.428951 0.474028 0.430699 0.477396 0.431748 0.477267 0.405350 0.475712 0.407098 0.475065 0.407098 0.474288 0.408497 0.472085 0.408497 0.471049 0.410420 0.469624 0.410420 0.466645 0.414266 0.465868 0.414091 0.461852 0.418636 0.464184 0.422308
0 0.112565 0.389580 0.113212 0.395350 0.116451 0.398322 0.124223 0.387133 0.124611 0.384860 0.125648 0.383462 0.128238 0.382937 0.128756 0.378392 0.127073 0.376119 0.122668 0.375944 0.121373 0.374021 0.115803 0.373497 0.115026 0.371399 0.111010 0.371923 0.110751 0.374021 0.108808 0.375245 0.108679 0.384860 0.109585 0.384860 0.110363 0.388881
0 0.532422 0.285280 0.532552 0.304510 0.533199 0.303986 0.533718 0.314301 0.535142 0.314476 0.535790 0.313077 0.537604 0.313077 0.541490 0.308182 0.544858 0.307483 0.547966 0.302762 0.550427 0.302238 0.552889 0.299441 0.552889 0.296469 0.552500 0.295594 0.551982 0.294545 0.549780 0.294021 0.547966 0.291224 0.545764 0.290874 0.543044 0.286503 0.540842 0.286503 0.540194 0.285105 0.537863 0.284580 0.537085 0.282657 0.534754 0.282657
0 0.555738 0.256958 0.555609 0.281608 0.556516 0.282483 0.556256 0.284755 0.560142 0.284755 0.560790 0.283706 0.562085 0.283357 0.563510 0.282133 0.570246 0.275664 0.571801 0.276364 0.575557 0.271119 0.577889 0.270594 0.576334 0.268147 0.574909 0.267972 0.571801 0.263601 0.570505 0.263776 0.568433 0.260105 0.567137 0.260455 0.565065 0.256958 0.562085 0.256259 0.561179 0.254860 0.559236 0.254685 0.557811 0.253287 0.557422 0.256259
0 0.596023 0.269196 0.596282 0.293846 0.597448 0.294545 0.596153 0.296643 0.596412 0.297867 0.596801 0.301713 0.599909 0.302238 0.600687 0.301189 0.603148 0.300490 0.606775 0.295594 0.608329 0.296119 0.608847 0.294021 0.611049 0.293846 0.612604 0.290874 0.614547 0.290350 0.617785 0.286154 0.617785 0.284231 0.616878 0.282308 0.615194 0.281958 0.613510 0.279510 0.611438 0.277762 0.610272 0.276538 0.608329 0.276538 0.607811 0.274615 0.605738 0.272867 0.604054 0.273042 0.602241 0.270944 0.599132 0.270594 0.598225 0.269545
0 0.632811 0.239825 0.632940 0.243497 0.634624 0.244371 0.634754 0.252238 0.635402 0.252937 0.635920 0.256958 0.636826 0.258531 0.637085 0.261678 0.637992 0.262378 0.639288 0.265874 0.644858 0.258182 0.645117 0.256084 0.650557 0.248566 0.650557 0.246643 0.653536 0.242972 0.652759 0.242273 0.651852 0.241573 0.646671 0.241224 0.646153 0.239650 0.637345 0.239301
0 0.675298 0.218671 0.675298 0.224615 0.673355 0.225315 0.673355 0.230035 0.672319 0.230734 0.671930 0.235455 0.671023 0.236503 0.670635 0.244371 0.669598 0.246643 0.678148 0.246643 0.679573 0.244895 0.683847 0.244196 0.684365 0.242797 0.689547 0.242448 0.691749 0.240874 0.691749 0.238951 0.689417 0.236678 0.689417 0.234056 0.678407 0.218671
0 0.676205 0.286678 0.676205 0.294720 0.676982 0.295420 0.677370 0.300490 0.678925 0.301014 0.678795 0.304685 0.679832 0.305909 0.680091 0.308881 0.681127 0.309406 0.681775 0.314301 0.683070 0.316224 0.693303 0.302937 0.693303 0.301189 0.696801 0.295944 0.696801 0.294545 0.698225 0.292448 0.694987 0.292273 0.694598 0.290524 0.688640 0.290524 0.688122 0.288601 0.680997 0.288776 0.680091 0.286678
