0 0.042565 0.350944 0.052409 0.391853 0.054352 0.396573 0.056036 0.396923 0.056684 0.395175 0.072487 0.368951 0.073135 0.365979 0.074041 0.365280 0.075725 0.365629 0.075855 0.362483 0.078575 0.358986 0.078705 0.357238 0.081684 0.354965 0.079741 0.354441 0.078964 0.353392 0.075337 0.352692 0.074560 0.350769 0.068601 0.350245 0.067047 0.349196 0.063679 0.349196 0.061995 0.348147 0.056684 0.347273 0.055259 0.345175 0.049171 0.345000 0.048523 0.344476 0.041528 0.345000 0.041269 0.348322
0 0.014275 0.851154 0.022694 0.851154 0.023083 0.853077 0.025803 0.853252 0.026451 0.853951 0.029819 0.854650 0.028653 0.856049 0.028394 0.858846 0.025285 0.862867 0.025155 0.866888 0.022953 0.866713 0.022047 0.869860 0.017383 0.870210 0.016995 0.868462 0.015829 0.867238 0.017124 0.865664 0.016347 0.864266 0.015829 0.860070 0.014534 0.859545 0.014404 0.855874 0.015570 0.854825 0.015440 0.853776
0 0.044067 0.963392 0.042902 0.964965 0.043808 0.966189 0.043161 0.968112 0.042513 0.972657 0.041736 0.973182 0.041347 0.985594 0.042513 0.984196 0.044067 0.986294 0.052876 0.978427 0.053653 0.978776 0.053782 0.977902 0.055466 0.976678 0.051580 0.970385 0.049508 0.970210 0.049378 0.966538 0.047694 0.966713
0 0.976930 0.839528 0.976930 0.841976 0.976023 0.842325 0.975505 0.847395 0.974598 0.848269 0.973174 0.852290 0.974339 0.853514 0.974728 0.854388 0.976153 0.852815 0.976930 0.855262 0.978614 0.855262 0.979391 0.853514 0.981723 0.852815 0.983018 0.851941 0.987034 0.851066 0.984573 0.847745 0.984573 0.845997 0.981464 0.841451 0.980039 0.840577 0.978873 0.838654
0 0.856101 0.647010 0.856231 0.650157 0.855194 0.650507 0.854935 0.656626 0.853899 0.657850 0.853640 0.662570 0.852604 0.662745 0.852345 0.667640 0.851049 0.669038 0.850790 0.671486 0.854806 0.671311 0.855842 0.670262 0.860635 0.669563 0.861412 0.668689 0.864391 0.667815 0.865557 0.666066 0.868148 0.666066 0.869313 0.664143 0.862966 0.655752 0.862578 0.651731 0.860635 0.651556 0.860117 0.648759 0.858433 0.648934
0 0.882474 0.227273 0.902940 0.227448 0.901127 0.231294 0.898277 0.237762 0.897241 0.239878 0.897111 0.242308 0.896334 0.242500 0.895816 0.245629 0.889987 0.255612 0.888951 0.248776 0.886231 0.245804 0.885972 0.242133 0.883640 0.240035 0.883381 0.237937 0.882085 0.235507 0.881826 0.234266 0.880661 0.232517 0.880402 0.229895
0 0.092008 0.084091 0.096801 0.090385 0.096930 0.093706 0.098225 0.095280 0.098355 0.097028 0.100687 0.100350 0.100298 0.101573 0.099521 0.102797 0.093692 0.103147 0.093174 0.104021 0.085661 0.104720 0.084883 0.107168 0.079573 0.107343 0.079313 0.102972 0.080091 0.102098 0.080479 0.096503 0.081386 0.096329 0.081645 0.092133 0.082681 0.091783 0.083070 0.086713 0.083847 0.085839 0.084106 0.083217 0.086308 0.080070 0.087085 0.078147 0.090324 0.081119
0 0.231477 0.000000 0.228148 0.004371 0.227759 0.006643 0.225557 0.008916 0.225557 0.011713 0.223096 0.013636 0.222966 0.016434 0.215194 0.026573 0.214676 0.028671 0.213640 0.029895 0.213640 0.032692 0.212345 0.033566 0.211567 0.036364 0.210402 0.038636 0.210272 0.044056 0.224521 0.043182 0.225168 0.045280 0.243433 0.044930 0.244858 0.047552 0.248614 0.047378 0.248225 0.040909 0.247837 0.039336 0.247189 0.034615 0.240065 0.017657 0.239158 0.014510 0.233316 0.000000
0 0.229262 0.119476 0.228096 0.121224 0.227966 0.124371 0.227319 0.124371 0.226930 0.128042 0.224080 0.131713 0.224080 0.139580 0.229650 0.139755 0.230168 0.138007 0.239495 0.137657 0.239754 0.134161 0.236645 0.130140 0.236645 0.128042 0.235350 0.127168 0.235350 0.124196 0.233666 0.122622 0.233148 0.118776
0 0.229132 0.179266 0.229391 0.182413 0.232500 0.186783 0.233407 0.186958 0.234961 0.189056 0.236516 0.188881 0.237811 0.190629 0.237940 0.184336 0.238847 0.183112 0.239365 0.174895 0.235479 0.175245 0.233277 0.177867
0 0.207746 0.309353 0.208782 0.314598 0.210337 0.314598 0.211373 0.313024 0.213187 0.312850 0.221218 0.318619 0.222124 0.320017 0.224845 0.319668 0.225233 0.279983 0.223938 0.280157 0.198290 0.299213 0.199715 0.300962 0.204119 0.304983
0 0.157824 0.449930 0.157953 0.463217 0.156269 0.466888 0.155363 0.465664 0.153290 0.464615 0.150440 0.461469 0.149016 0.461119 0.146166 0.455874 0.146813 0.455350 0.148368 0.456224 0.151736 0.451503 0.155104 0.451678 0.156010 0.449231
0 0.394845 0.126486 0.395246 0.184878 0.390311 0.184878 0.388251 0.181031 0.386684 0.181206 0.384624 0.178217 0.383718 0.178059 0.365453 0.163899 0.363251 0.163357 0.360661 0.159528 0.357280 0.158986 0.355479 0.156206 0.355337 0.153584 0.383070 0.132955 0.383718 0.129983 0.389275 0.129108 0.391606 0.125769
0 0.987034 0.869423 0.987422 0.878864 0.988070 0.881136 0.988977 0.879563 0.991179 0.879563 0.996101 0.873094 0.993899 0.872745 0.992474 0.869248 0.990272 0.869073 0.988459 0.866801
0 0.144482 0.493636 0.144223 0.495210 0.143446 0.496084 0.143057 0.498881 0.141632 0.499406 0.141114 0.502378 0.139948 0.503252 0.140207 0.509720 0.139041 0.510944 0.138394 0.513566 0.137487 0.513916 0.137098 0.519685 0.136451 0.519685 0.136451 0.523706 0.134767 0.524755 0.134767 0.526678 0.133731 0.527902 0.133860 0.534720 0.140207 0.534895 0.140337 0.533671 0.144352 0.532797 0.145259 0.531923 0.154197 0.531399 0.155622 0.529476 0.162876 0.530000 0.162617 0.527902 0.165466 0.527727 0.165596 0.525629 0.161969 0.520909 0.161969 0.518287 0.154456 0.507972 0.154197 0.504825 0.150181 0.500979 0.150181 0.499406 0.146166 0.493112
0 0.101632 0.712045 0.099041 0.715192 0.098912 0.717115 0.095803 0.720437 0.095933 0.724108 0.093472 0.727955 0.093601 0.731801 0.092565 0.732500 0.092176 0.735122 0.091010 0.735997 0.091010 0.738269 0.096321 0.738794 0.096710 0.741241 0.112902 0.740717 0.112772 0.736521 0.111347 0.735647 0.111347 0.733024 0.110440 0.732850 0.109922 0.725682 0.105130 0.719738 0.105000 0.717815 0.102668 0.714843
0 0.080855 0.959720 0.080466 0.962517 0.079041 0.963042 0.078782 0.973881 0.078005 0.974580 0.079430 0.977203 0.080984 0.976853 0.081373 0.975979 0.083316 0.975280 0.083964 0.974580 0.088886 0.974056 0.090052 0.973007 0.090959 0.969510 0.088756 0.968462 0.087979 0.965839 0.086684 0.964091 0.084611 0.963566 0.083705 0.960769
0 0.337008 0.521294 0.337008 0.531783 0.335842 0.531958 0.335583 0.545070 0.334547 0.545944 0.334547 0.553112 0.335583 0.551888 0.353977 0.541399 0.355661 0.539126 0.350868 0.531434 0.349573 0.531608 0.344391 0.524615 0.342319 0.524615 0.340117 0.520594
0 0.271982 0.499441 0.272111 0.502587 0.272889 0.504336 0.276645 0.505385 0.276904 0.499790 0.277681 0.498042 0.277811 0.494720 0.279106 0.493846 0.279365 0.488077 0.281049 0.486853 0.280531 0.482483 0.281697 0.482483 0.281956 0.475839 0.282733 0.474615 0.282992 0.471469 0.284158 0.471119 0.284288 0.459930 0.282863 0.459056 0.282345 0.461329 0.277552 0.461329 0.277163 0.462727 0.271464 0.463252 0.270687 0.464476 0.266412 0.465000 0.265505 0.466049 0.259417 0.466573 0.259158 0.468147 0.254236 0.468846 0.253718 0.473566 0.259417 0.481958 0.259806 0.484406 0.263562 0.488951 0.264210 0.491748 0.266153 0.492448 0.269132 0.496294 0.269521 0.499266
0 0.332720 0.394056 0.332461 0.405769 0.333756 0.405769 0.334145 0.408741 0.333109 0.409441 0.332720 0.416434 0.329611 0.416608 0.327927 0.413112 0.325596 0.412587 0.323782 0.409441 0.321969 0.408566 0.320933 0.407692 0.319249 0.407168 0.318601 0.404720 0.320803 0.403846 0.321192 0.401748 0.323264 0.400874 0.324301 0.399126 0.324948 0.398951 0.329352 0.393706
0 0.499650 0.127710 0.500168 0.181556 0.496671 0.181031 0.496282 0.179633 0.494080 0.180157 0.492137 0.177535 0.489158 0.176836 0.486813 0.172815 0.484870 0.172290 0.481516 0.170017 0.480596 0.167045 0.477630 0.167727 0.475298 0.164423 0.473744 0.164073 0.470622 0.160052 0.469469 0.160227 0.466995 0.157430 0.464793 0.156206 0.465052 0.154283 0.494845 0.129808
0 0.470233 0.195892 0.483070 0.195542 0.483329 0.194318 0.501464 0.194143 0.499767 0.196241 0.499650 0.200437 0.499003 0.200944 0.498873 0.204983 0.497060 0.206381 0.497060 0.207430 0.496412 0.209685 0.496282 0.212150 0.495117 0.212308 0.494987 0.216346 0.493290 0.218794 0.493290 0.223164 0.492254 0.222797 0.492137 0.227360 0.491231 0.229983 0.489663 0.231731 0.489158 0.235752 0.486049 0.243269 0.484223 0.244650 0.483070 0.241696 0.478925 0.234878 0.478536 0.233479 0.476852 0.231381 0.475415 0.227885 0.474650 0.225420 0.470505 0.219301 0.470117 0.216346 0.465052 0.208811 0.463899 0.205857 0.463381 0.204441 0.462202 0.200944 0.461438 0.199738 0.462992 0.197990 0.470622 0.197115
0 0.706671 0.008427 0.706541 0.012797 0.707448 0.013671 0.707966 0.019790 0.709650 0.021888 0.709909 0.029056 0.702267 0.029755 0.701749 0.029056 0.699417 0.027657 0.697992 0.025210 0.695142 0.024685 0.694365 0.022238 0.696179 0.021364 0.696826 0.018741 0.698122 0.016294 0.699676 0.016643 0.704339 0.009476
0 0.354249 0.941801 0.373031 0.945822 0.373549 0.944948 0.375751 0.944073 0.375751 0.941626 0.374845 0.940927 0.374585 0.937605 0.373938 0.936381 0.373161 0.933059 0.372124 0.931136 0.371477 0.927465 0.370959 0.927115 0.370440 0.923619 0.369793 0.923269 0.369016 0.917850 0.365777 0.912255 0.364352 0.912430 0.363316 0.914178 0.363446 0.917325 0.360725 0.917850 0.360466 0.919773 0.357358 0.922920 0.357617 0.925717 0.350881 0.934283 0.351140 0.936731 0.348679 0.937430 0.349326 0.939178 0.349585 0.940402 0.353472 0.939703
0 0.826334 0.311923 0.832422 0.311573 0.832681 0.314021 0.831775 0.315070 0.831645 0.319266 0.830609 0.320140 0.830091 0.329248 0.829702 0.329930 0.828795 0.337797 0.827500 0.339371 0.826334 0.352657 0.825168 0.352850 0.824650 0.357378 0.823873 0.358252 0.824132 0.364021 0.820505 0.364021 0.820117 0.362622 0.818562 0.362622 0.811308 0.352850 0.810790 0.349353 0.808329 0.349510 0.808199 0.346206 0.807163 0.346014 0.797189 0.334843 0.797060 0.332902 0.795117 0.332220 0.791749 0.327308 0.793821 0.324353 0.798873 0.323811 0.800039 0.322762 0.803148 0.322605 0.804443 0.320857 0.808199 0.320507 0.808199 0.319441 0.813381 0.318759 0.816101 0.315769 0.821412 0.315070 0.822707 0.313671 0.826205 0.313514
0 0.774650 0.342168 0.759495 0.342710 0.757681 0.344458 0.759624 0.346206 0.760142 0.348829 0.760920 0.350035 0.761308 0.351259 0.761567 0.354755 0.765324 0.361224 0.765972 0.363846 0.766619 0.365437 0.767008 0.366836 0.768174 0.370140 0.770894 0.370839 0.772837 0.369266 0.773614 0.365962 0.774521 0.364371 0.774650 0.362098 0.775557 0.360874 0.775687 0.358776 0.779573 0.353357 0.779832 0.351783 0.781256 0.351259 0.780997 0.345664 0.782034 0.344266 0.780220 0.344615 0.779054 0.341486 0.778536 0.344108 0.774780 0.344266
0 0.715972 0.311049 0.722189 0.356853 0.723744 0.357570 0.724132 0.364371 0.725427 0.366643 0.721801 0.366993 0.720894 0.365245 0.719858 0.366643 0.718821 0.365437 0.715065 0.365437 0.714288 0.363689 0.711049 0.363497 0.710531 0.362273 0.707811 0.362098 0.706386 0.360192 0.705091 0.359650 0.704313 0.358252 0.700039 0.358094 0.699132 0.357220 0.694858 0.356154 0.693821 0.354948 0.688510 0.355105 0.688510 0.354231 0.687345 0.353724 0.686567 0.352133 0.684236 0.350734 0.685661 0.346731 0.687215 0.346888 0.688899 0.344615 0.689158 0.341993 0.691101 0.341294 0.695505 0.334843 0.696023 0.332745 0.697448 0.332745 0.702759 0.324878 0.704054 0.324685 0.704313 0.322413 0.706904 0.322063 0.712733 0.313864
0 0.560505 0.753497 0.560764 0.762238 0.561541 0.762587 0.561671 0.766783 0.563096 0.766608 0.563096 0.777972 0.562319 0.777972 0.561282 0.776731 0.557396 0.775175 0.557008 0.774476 0.552992 0.774108 0.552085 0.773077 0.546904 0.772203 0.546516 0.770979 0.541593 0.770105 0.541593 0.768531 0.544184 0.767483 0.545220 0.763112 0.547681 0.762063 0.548070 0.760315 0.550661 0.755752 0.552345 0.755070 0.553122 0.751748 0.555194 0.751748 0.557008 0.748759 0.557915 0.750699 0.558692 0.750175 0.559080 0.753497
0 0.566075 0.880070 0.565168 0.881294 0.565168 0.884248 0.563484 0.883916 0.562837 0.887063 0.561412 0.887745 0.561412 0.890734 0.558821 0.891783 0.558562 0.893706 0.556619 0.896486 0.556360 0.898776 0.552085 0.904545 0.552085 0.906469 0.544961 0.915909 0.547163 0.916084 0.547811 0.917308 0.558951 0.917308 0.559469 0.919213 0.569313 0.918706 0.570220 0.920455 0.580065 0.920962 0.579935 0.917133 0.579288 0.915385 0.579028 0.913094 0.578122 0.911713 0.577733 0.909965 0.577215 0.909441 0.576826 0.905769 0.576049 0.904720 0.575531 0.901573 0.573199 0.899650 0.573588 0.896853 0.572552 0.895804 0.572552 0.890367 0.570220 0.886871 0.569573 0.883042
0 0.382487 0.804738 0.379378 0.807535 0.379637 0.809808 0.378212 0.811381 0.378731 0.814353 0.377694 0.815402 0.377565 0.817850 0.376010 0.818199 0.376140 0.822745 0.372772 0.826066 0.372902 0.829738 0.392591 0.828864 0.393238 0.828164 0.394922 0.827115 0.394275 0.825017 0.393756 0.823444 0.391166 0.820297 0.391166 0.818199 0.389482 0.814528 0.389093 0.812255 0.386373 0.811031 0.386114 0.807710 0.384689 0.807360 0.384689 0.804213
0 0.569832 0.496818 0.598588 0.483007 0.602345 0.482133 0.602085 0.493497 0.601049 0.494021 0.600790 0.501364 0.599624 0.502238 0.599624 0.509755 0.598199 0.510804 0.598199 0.516399 0.597552 0.517797 0.596775 0.523741 0.595738 0.525664 0.593018 0.526014 0.592241 0.522692 0.590039 0.522692 0.578640 0.506783 0.576956 0.506783 0.576438 0.504336 0.574754 0.503636
0 0.631490 0.492448 0.632008 0.512727 0.631101 0.513077 0.631101 0.516399 0.629028 0.519021 0.627733 0.519196 0.624236 0.513601 0.622422 0.513776 0.620609 0.510979 0.618407 0.510804 0.617759 0.509231 0.616205 0.508881 0.614262 0.506434 0.614132 0.503986 0.612319 0.502587 0.612448 0.500490 0.615168 0.500140 0.618277 0.498217 0.620220 0.496643 0.622293 0.496643 0.623588 0.495420 0.625790 0.494371
0 0.436606 0.292395 0.436995 0.306031 0.439585 0.306031 0.442306 0.302010 0.442824 0.303059 0.446192 0.297465 0.445415 0.297290 0.443860 0.293969 0.440751 0.293619 0.439845 0.291346
0 0.726723 0.667657 0.727137 0.670455 0.725751 0.671206 0.725207 0.672885 0.723964 0.674563 0.723964 0.679423 0.722992 0.680367 0.722578 0.685035 0.726723 0.685035 0.727837 0.684283 0.731982 0.684091 0.732681 0.682605 0.734482 0.682220 0.735453 0.678112 0.729223 0.668584
0 0.844676 0.754720 0.843575 0.756783 0.842876 0.756958 0.838731 0.761451 0.837474 0.762203 0.835130 0.766503 0.834016 0.765927 0.831801 0.767622 0.830972 0.767622 0.827785 0.771346 0.826127 0.773601 0.825298 0.774720 0.813523 0.784808 0.843161 0.804423 0.843847 0.805734 0.845790 0.805734 0.846205 0.808531 0.849391 0.808164 0.848005 0.773601 0.846477 0.773217 0.846891 0.758654
0 0.444598 0.642745 0.443951 0.653584 0.446541 0.653934 0.447578 0.652885 0.449909 0.651661 0.450168 0.650262 0.453666 0.649388 0.454313 0.649038 0.456516 0.648164 0.449391 0.638199 0.447448 0.638199 0.446282 0.635752 0.446023 0.640647
