0 0.144780 0.680682 0.145168 0.697465 0.146464 0.697815 0.147759 0.697290 0.148925 0.696591 0.151127 0.696241 0.151775 0.695017 0.154624 0.693794 0.158381 0.688549 0.157992 0.687150 0.156179 0.686626 0.151256 0.679983
0 0.197370 0.627185 0.207733 0.694493 0.209676 0.691521 0.210712 0.691871 0.222759 0.676661 0.223666 0.677185 0.232215 0.665472 0.233899 0.666346 0.244780 0.650962 0.244521 0.647115
0 0.239676 0.475140 0.245376 0.534930 0.277370 0.500839 0.276982 0.497517 0.274132 0.497343 0.272060 0.493322 0.268174 0.493322 0.266490 0.491573 0.264935 0.491748 0.264028 0.489301 0.260402 0.490524 0.259883 0.487378 0.256386 0.488077 0.255868 0.486154 0.254313 0.486329 0.253666 0.485105 0.251334 0.485105 0.249262 0.482483 0.248096 0.481259
0 0.352487 0.448601 0.388109 0.481818 0.389793 0.450175 0.390699 0.449808 0.391218 0.423077
0 0.692332 0.245892 0.684689 0.255507 0.686762 0.258479 0.695829 0.258829 0.697254 0.257255 0.695959 0.256381 0.695699 0.252010 0.694534 0.251486 0.694016 0.245892
0 0.070298 0.149493 0.069974 0.160140 0.068161 0.161241 0.068821 0.168112 0.071282 0.167448 0.081477 0.161241 0.080155 0.159021 0.079832 0.156591 0.078355 0.156591 0.074573 0.150822
0 0.611075 0.442622 0.610946 0.446294 0.611852 0.448042 0.612759 0.450315 0.618977 0.460280 0.618588 0.474091 0.620790 0.475315 0.621049 0.485804 0.617940 0.485804 0.617293 0.484231 0.610039 0.484755 0.609521 0.482308 0.600583 0.481958 0.600324 0.480559 0.592422 0.480559 0.591127 0.478287 0.584132 0.478811 0.582578 0.476364 0.588018 0.468846 0.588018 0.467273 0.593199 0.461503 0.593070 0.459755 0.600583 0.449091 0.600842 0.446469 0.602526 0.444196 0.604858 0.444196 0.604987 0.438252 0.607189 0.438252 0.607707 0.436853 0.609521 0.436329
0 0.684003 0.455035 0.675712 0.466573 0.674158 0.467098 0.673769 0.470944 0.676101 0.470070 0.677008 0.471643 0.683096 0.471643 0.683614 0.473042 0.687111 0.473392 0.687111 0.474615 0.688536 0.474615 0.690350 0.473042 0.691127 0.472343 0.690738 0.470245 0.690091 0.462552 0.689573 0.463077 0.689184 0.456958 0.687630 0.454685
0 0.529754 0.635542 0.521464 0.657745 0.544909 0.659143 0.536490 0.634143 0.536360 0.632220 0.534417 0.628899 0.533251 0.629773 0.532992 0.632045
0 0.314585 0.754633 0.308497 0.762500 0.307461 0.761976 0.304482 0.767045 0.323782 0.778776 0.323653 0.747640 0.320803 0.747815 0.317953 0.751836
0 0.285052 0.775962 0.295933 0.776661 0.291917 0.789598 0.290492 0.789773 0.286606 0.781556 0.285181 0.779808
0 0.204365 0.958724 0.218731 0.952115 0.218420 0.962762 0.217630 0.963409 0.217630 0.967238 0.216995 0.967885 0.216049 0.971294 0.214780 0.971503 0.212889 0.968951 0.210842 0.968094
0 0.089249 0.752500 0.089508 0.766661 0.090544 0.767535 0.090544 0.768934 0.093912 0.768934 0.102604 0.758269 0.102202 0.755472 0.100661 0.755472 0.099611 0.754073 0.096503 0.753724 0.095479 0.751976
0 0.477927 0.885000 0.489197 0.884476 0.489326 0.893042 0.485959 0.897063 0.485699 0.899860 0.482202 0.900385 0.481943 0.897937 0.479093 0.894790 0.479352 0.891818 0.478316 0.891818
0 0.445544 0.962273 0.466788 0.989371 0.473912 0.955979 0.474819 0.955629 0.474948 0.952133 0.467565 0.950734 0.466917 0.952133 0.461606 0.952308 0.461606 0.953881 0.456554 0.953881 0.456036 0.955804 0.451891 0.956503 0.451762 0.957902 0.445674 0.958252
0 0.706878 0.869126 0.706878 0.876993 0.711541 0.877168 0.719184 0.868077 0.718277 0.867203 0.717500 0.865979 0.711282 0.865804 0.710764 0.863531 0.705842 0.863531
0 0.885220 0.921381 0.878174 0.930874 0.880000 0.931958 0.879469 0.933182 0.888484 0.933007 0.888355 0.930367 0.887176 0.928252 0.886917 0.925787 0.885868 0.925070
0 0.978433 0.797640 0.983096 0.797273 0.983096 0.795717 0.990609 0.794650 0.990738 0.793619 0.997992 0.791521 0.998756 0.798864 0.997733 0.800262 0.996956 0.805332 0.996049 0.806014 0.996049 0.808479 0.994754 0.809353 0.994624 0.815997 0.993847 0.816503 0.993459 0.819126 0.989961 0.819843 0.984508 0.811801 0.984780 0.809878 0.982319 0.807255 0.981917 0.804808 0.978433 0.800437
0 0.911982 0.772448 0.907578 0.777343 0.908873 0.777692 0.909275 0.779615 0.918847 0.780140 0.918990 0.778217 0.920402 0.777692 0.917163 0.769126 0.916775 0.765455 0.913536 0.765979
0 0.428381 0.122360 0.448588 0.154703 0.461541 0.112045 0.462060 0.110997 0.460894 0.110647 0.459210 0.107325 0.457137 0.107325 0.456101 0.109773 0.447681 0.109948 0.447034 0.111871 0.434339 0.112220 0.433821 0.112920 0.428640 0.114318 0.427604 0.115192 0.426049 0.115717 0.425790 0.117465 0.427992 0.117990
0 0.580052 0.001591 0.566192 0.052640 0.575000 0.052465 0.575389 0.050717 0.583290 0.050892 0.584326 0.049143 0.587953 0.048619 0.587953 0.047570 0.609585 0.047745 0.609974 0.039003 0.609067 0.037955 0.608938 0.036731 0.601684 0.025892 0.600907 0.022745 0.597927 0.022745 0.598057 0.018899 0.590803 0.008059 0.590674 0.006486 0.585946 0.000000 0.580842 0.000000
0 0.131762 0.100245 0.132085 0.128864 0.133238 0.129528 0.133238 0.138846 0.157889 0.116888 0.157772 0.112587 0.136917 0.099825
0 0.851619 0.091014 0.852746 0.142517 0.858420 0.139720 0.860311 0.135857 0.864275 0.137133 0.890155 0.115245 0.886567 0.108584 0.885622 0.109091 0.882785 0.105297 0.882034 0.105297 0.878821 0.099685 0.875609 0.100682 0.875609 0.097622 0.872215 0.095839 0.870324 0.093024 0.869003 0.093024 0.867681 0.091503 0.866347 0.091241 0.861813 0.085629 0.858990 0.084108 0.856904 0.083864 0.855583 0.081801 0.853510 0.082343
0 0.580674 0.302972 0.562655 0.360192 0.566503 0.360192 0.567189 0.358881 0.607513 0.352203 0.607513 0.347745 0.602552 0.342360 0.602150 0.340122 0.601321 0.339563 0.601049 0.336416 0.594158 0.327867 0.594301 0.325455 0.593472 0.325455 0.593199 0.323042 0.591140 0.320070 0.590725 0.317465 0.585764 0.310594 0.585492 0.307990
0 0.300350 0.288357 0.288316 0.343252 0.322254 0.330140 0.325609 0.329965 0.327681 0.326818 0.327034 0.325420 0.326256 0.322098 0.324313 0.322273 0.315894 0.308112
0 0.000000 0.169668 0.033497 0.173042 0.008005 0.225192 0.000000 0.208147
0 0.136088 0.228252 0.138679 0.266381 0.148912 0.260682 0.163199 0.243584 0.161736 0.239213 0.144521 0.228479 0.142422 0.229353 0.141438 0.227587
0 0.065635 0.325524 0.108808 0.304930 0.100207 0.366276
0 0.056956 0.685752 0.088951 0.724038 0.091801 0.724213 0.096982 0.682605 0.097759 0.681206 0.097759 0.665472 0.063174 0.680332
