0 0.699404 0.393899 0.713653 0.402290 0.713782 0.403339 0.718446 0.403339 0.718964 0.389353 0.718057 0.388829 0.717927 0.374668 0.716891 0.374668 0.715984 0.369073 0.713264 0.368899 0.710155 0.373794 0.708472 0.373619 0.707565 0.375367 0.704845 0.375717 0.704845 0.379563 0.703290 0.379913 0.696166 0.387955 0.694870 0.388654 0.695518 0.390052 0.695518 0.393024
0 0.197863 0.080892 0.200712 0.080892 0.202008 0.080192 0.206282 0.079843 0.208744 0.077570 0.214832 0.077045 0.215997 0.075122 0.220402 0.075297 0.220402 0.074423 0.226490 0.073374 0.220920 0.104843 0.219754 0.111836 0.217163 0.112185 0.202655 0.092605 0.202396 0.090507 0.198899 0.085087
0 0.352876 0.823969 0.352746 0.827640 0.353523 0.828864 0.353653 0.834808 0.354689 0.835332 0.354948 0.838129 0.356503 0.840577 0.362332 0.833759 0.362720 0.830962 0.364663 0.828514 0.364922 0.825717 0.361425 0.825717 0.361295 0.823094
0 0.481697 0.427657 0.484417 0.423129 0.487915 0.426783 0.487798 0.427832 0.491801 0.433619 0.491943 0.436399 0.494275 0.436923 0.494650 0.443759 0.493096 0.446189 0.491684 0.443759 0.490389 0.445507 0.489210 0.443759 0.488446 0.445507 0.476645 0.446189 0.476645 0.445140 0.475104 0.444108 0.476256 0.442885 0.477811 0.436049 0.480790 0.432028
0 0.587358 0.374266 0.588005 0.388252 0.586710 0.386154 0.584896 0.386503 0.584378 0.384930 0.581010 0.384930 0.580622 0.383007 0.578290 0.382483 0.576477 0.379685 0.577902 0.377063 0.580363 0.376189 0.580104 0.373392 0.581658 0.371818 0.582953 0.370769 0.586192 0.370594 0.586062 0.372867
0 0.283614 0.126171 0.296308 0.125822 0.298899 0.127745 0.298899 0.130717 0.298251 0.131241 0.297863 0.133164 0.294365 0.137535 0.293588 0.140857 0.292293 0.144003 0.289573 0.144003 0.288795 0.141206 0.286205 0.132640 0.285427 0.131766 0.285427 0.129318
0 0.203238 0.246311 0.203238 0.249108 0.204404 0.249633 0.203886 0.258724 0.204922 0.260122 0.205311 0.266591 0.206606 0.267640 0.206995 0.274633 0.203109 0.274808 0.202461 0.273759 0.198316 0.272885 0.197539 0.271311 0.194689 0.271311 0.194171 0.269388 0.191062 0.269213 0.188990 0.267115 0.186788 0.265717 0.195725 0.252605 0.197280 0.251906 0.199611 0.249108
0 0.100518 0.347360 0.100389 0.352430 0.101425 0.353479 0.101684 0.358549 0.103109 0.359073 0.103109 0.368339 0.104145 0.369213 0.104663 0.378479 0.102979 0.379528 0.102202 0.377780 0.094171 0.377430 0.093653 0.376206 0.091451 0.376031 0.090674 0.374633 0.087435 0.374808 0.087047 0.372535 0.082902 0.372360 0.082772 0.371486 0.079145 0.370262 0.079016 0.367815 0.080181 0.366766 0.080181 0.364143 0.090803 0.349808 0.091839 0.351031 0.097798 0.342815
0 0.076425 0.416066 0.076813 0.420612 0.075000 0.421486 0.075000 0.425857 0.073964 0.426906 0.073575 0.433199 0.072668 0.434248 0.074093 0.436696 0.080052 0.436871 0.080829 0.435472 0.085233 0.435472 0.085751 0.433724 0.088342 0.433199 0.088601 0.430402 0.084974 0.427780 0.085622 0.425507
0 0.024404 0.665752 0.029326 0.672028 0.030104 0.677797 0.024534 0.678147 0.023368 0.680420 0.014171 0.680245 0.014171 0.678322 0.015337 0.677115 0.015207 0.670122 0.016762 0.669930 0.017021 0.664878 0.019093 0.662587 0.019611 0.659790 0.022720 0.661888 0.024534 0.661888
0 0.046606 0.769458 0.047124 0.811591 0.049456 0.811241 0.056710 0.804598 0.059430 0.804773 0.061503 0.801801 0.063834 0.800402 0.070570 0.793934 0.072513 0.793409 0.075492 0.790437 0.077435 0.790087 0.077435 0.787465 0.074845 0.784143 0.074067 0.783619 0.072383 0.781696 0.071088 0.781696 0.068886 0.777850 0.067073 0.778024 0.064870 0.774878 0.063187 0.774703 0.061503 0.772780 0.060725 0.772605 0.058394 0.770157 0.056580 0.769808 0.054249 0.766136 0.053342 0.765962 0.051528 0.763864 0.048549 0.763864 0.046736 0.765962 0.048549 0.767710
0 0.108899 0.882832 0.108899 0.888077 0.109935 0.889650 0.109935 0.894545 0.111231 0.895944 0.111101 0.900664 0.112526 0.902587 0.112655 0.905909 0.113951 0.908007 0.113951 0.910105 0.114987 0.911329 0.115505 0.917972 0.116541 0.919895 0.116930 0.923916 0.120427 0.923916 0.122370 0.920944 0.122500 0.918846 0.132733 0.905035 0.132733 0.903287 0.135065 0.899615 0.137008 0.901014 0.137008 0.897692 0.139858 0.895070 0.139728 0.892098 0.137008 0.891748 0.135583 0.889476 0.132604 0.889476 0.131438 0.888252 0.127163 0.888601 0.126775 0.886329 0.122759 0.885979 0.122370 0.884755 0.117707 0.884406 0.117578 0.882308
0 0.347435 0.759283 0.346399 0.760507 0.346528 0.764703 0.345104 0.765227 0.344974 0.768024 0.343808 0.770472 0.343808 0.771871 0.341347 0.775542 0.342383 0.779038 0.344974 0.779213 0.345492 0.778514 0.353135 0.777990 0.353394 0.776766 0.357280 0.775892 0.357668 0.772570 0.355078 0.769423 0.354948 0.765927 0.351192 0.761556 0.351192 0.758409
0 0.578653 0.846643 0.578912 0.870594 0.577358 0.871993 0.575933 0.870245 0.575155 0.867273 0.573472 0.867273 0.569585 0.861678 0.568161 0.861678 0.565052 0.856783 0.562979 0.856084 0.560518 0.852937 0.558705 0.852762 0.559870 0.850315 0.561166 0.849965 0.563497 0.847168 0.566088 0.846818 0.574767 0.840699 0.578135 0.840175 0.579171 0.840175 0.580466 0.840350 0.580207 0.845245
0 0.596269 0.804685 0.595751 0.809231 0.594715 0.810105 0.596010 0.813252 0.594715 0.814476 0.594845 0.822692 0.595622 0.823916 0.596658 0.825839 0.607280 0.817448 0.609741 0.817098 0.609741 0.815000 0.607280 0.811853 0.604689 0.807657 0.603135 0.808007 0.600803 0.804336 0.598990 0.803636 0.598342 0.801713
0 0.172435 0.328951 0.172824 0.337343 0.171269 0.337867 0.172306 0.361469 0.193679 0.349755 0.194067 0.348531 0.190959 0.342762 0.189793 0.342762 0.185777 0.337867 0.184741 0.337867 0.179689 0.330175 0.177746 0.330524 0.175544 0.326853 0.174249 0.326329
0 0.283316 0.363916 0.283705 0.382972 0.286813 0.382448 0.288627 0.379126 0.290440 0.379126 0.290829 0.377727 0.292902 0.377552 0.296010 0.373182 0.293161 0.369336 0.292383 0.369336 0.288368 0.363566
0 0.361062 0.493409 0.361321 0.498479 0.359767 0.500227 0.372591 0.499703 0.372979 0.493234 0.371813 0.492360 0.371036 0.491311 0.371425 0.489388 0.367539 0.483969 0.365855 0.484668 0.365466 0.487115 0.363394 0.490087 0.363135 0.492185
0 0.410544 0.450402 0.406788 0.455122 0.406658 0.457570 0.400570 0.465262 0.400440 0.467710 0.395259 0.475052 0.391114 0.475577 0.384508 0.447255 0.383472 0.446906 0.383601 0.442710 0.393705 0.442535 0.393446 0.444108 0.399663 0.443934 0.399793 0.445682 0.406399 0.445507 0.406788 0.448129 0.410544 0.447605
0 0.475324 0.293969 0.473769 0.297640 0.472604 0.296399 0.468329 0.303234 0.467293 0.302517 0.463795 0.306731 0.466127 0.312675 0.468588 0.312133 0.469495 0.314598 0.472992 0.313724 0.473640 0.315822 0.476878 0.316503 0.476878 0.317745 0.479858 0.318252 0.480376 0.317045 0.481801 0.315822 0.482189 0.309878 0.480376 0.309510 0.480764 0.299388 0.479080 0.299213 0.479469 0.293094
0 0.617150 0.453986 0.623756 0.462727 0.624404 0.462203 0.630104 0.470594 0.630233 0.468846 0.632694 0.468497 0.633342 0.460455 0.634249 0.459580 0.634249 0.449441 0.635285 0.448392 0.635544 0.438601 0.636839 0.437727 0.636451 0.428287 0.633212 0.428287 0.631917 0.429860 0.631010 0.429860 0.629067 0.431783 0.627383 0.431783 0.627254 0.433357 0.624145 0.433531 0.623756 0.434406 0.619741 0.435629 0.620000 0.437028 0.616114 0.437203 0.615596 0.438252 0.613394 0.438776 0.612617 0.440699 0.611451 0.440874 0.607565 0.444895 0.608990 0.444895 0.608731 0.448566 0.610544 0.448042 0.611062 0.449965 0.612746 0.450140 0.613782 0.452587
0 0.694184 0.264441 0.695868 0.266713 0.696516 0.269685 0.698459 0.272133 0.700013 0.272308 0.703251 0.268462 0.703122 0.267238 0.704028 0.265664 0.704158 0.264441 0.707137 0.259545 0.706878 0.251853 0.695479 0.251678 0.694832 0.253427 0.693925 0.252203 0.692630 0.252203 0.690946 0.253427 0.690816 0.258147 0.693795 0.261993
0 0.827604 0.278427 0.826956 0.293287 0.828381 0.293811 0.828251 0.296783 0.821645 0.297657 0.821386 0.296084 0.819184 0.295909 0.818277 0.293636 0.814650 0.293636 0.814650 0.290839 0.813484 0.290490 0.812966 0.287517 0.824236 0.278601
0 0.916192 0.609843 0.922798 0.609843 0.922927 0.609318 0.924352 0.608444 0.924482 0.606171 0.923834 0.605647 0.923316 0.601626 0.922539 0.600227 0.922409 0.597430 0.921503 0.596206 0.921373 0.593409 0.918782 0.590437 0.912435 0.599528 0.912176 0.603724 0.911010 0.605472 0.910622 0.607920 0.915285 0.607220
0 0.542720 0.697535 0.542850 0.712920 0.543238 0.713269 0.544275 0.716941 0.545311 0.714843 0.546736 0.714668 0.547513 0.712920 0.549845 0.712920 0.550233 0.711346 0.552176 0.711346 0.552565 0.709948 0.554896 0.709598 0.556839 0.707150 0.556710 0.703829 0.554637 0.704178 0.552824 0.700857 0.548290 0.700857 0.546218 0.696661
0 0.477435 0.601906 0.487150 0.640017 0.487798 0.640892 0.487798 0.644563 0.483394 0.644913 0.482487 0.643514 0.476788 0.643164 0.476010 0.641766 0.468886 0.641416 0.468368 0.639493 0.463705 0.640017 0.462798 0.638444 0.455674 0.638444 0.455415 0.635822 0.457228 0.634948 0.456839 0.631976 0.465130 0.621661 0.465000 0.619038 0.472902 0.609248
0 0.416904 0.293269 0.416645 0.296941 0.420272 0.297115 0.422215 0.295017 0.422085 0.291154 0.423251 0.289948 0.423769 0.283129 0.424288 0.282780 0.424417 0.280157 0.416645 0.279458 0.415738 0.281031 0.412111 0.281031 0.411852 0.282780 0.409650 0.284528 0.410168 0.284878 0.410557 0.287325 0.414702 0.293619
