0 0.278990 0.484441 0.273549 0.491434 0.273679 0.493881 0.270829 0.497203 0.270829 0.499126 0.267073 0.504371 0.267332 0.506993 0.264870 0.509441 0.265648 0.512762 0.272513 0.513986 0.273679 0.515559 0.278083 0.515210 0.279637 0.517308 0.280933 0.517308 0.282487 0.515559 0.283394 0.517308 0.284819 0.517308 0.285984 0.515909 0.288446 0.515559 0.288834 0.512762 0.288057 0.513636 0.287798 0.507343 0.286891 0.506119 0.286373 0.501923 0.285337 0.501573 0.285078 0.498776 0.283523 0.497552 0.283653 0.493531
0 0.751723 0.465000 0.751464 0.480105 0.750518 0.481538 0.750117 0.495385 0.755635 0.494476 0.756451 0.493374 0.771684 0.483007 0.771684 0.482098 0.765622 0.473357 0.764676 0.474091 0.763057 0.471171 0.761580 0.470804 0.759016 0.467710 0.757124 0.467168 0.755907 0.465524
0 0.688614 0.452780 0.692254 0.457692 0.692526 0.460437 0.693744 0.461521 0.694003 0.466259 0.686321 0.466626 0.685777 0.465000 0.684028 0.464808 0.685648 0.463549 0.685246 0.460979 0.685920 0.460262 0.686179 0.457692 0.687396 0.456993
0 0.588782 0.437115 0.596554 0.437448 0.596943 0.438322 0.600829 0.438671 0.601088 0.442168 0.596554 0.453374 0.594870 0.455804 0.594223 0.458619 0.590596 0.464021 0.588653 0.462273 0.588523 0.460524 0.587487 0.459301 0.587228 0.455472 0.585155 0.453182 0.584637 0.449878 0.583731 0.449353 0.583342 0.446014 0.582306 0.445857 0.581528 0.439388 0.587876 0.438671
0 0.548627 0.483252 0.558083 0.482570 0.558083 0.488846 0.556917 0.489371 0.556658 0.491119 0.555751 0.492867 0.555751 0.496888 0.554715 0.497080 0.554845 0.500385 0.552772 0.501451 0.553031 0.505822 0.550570 0.508444 0.550311 0.509825 0.548497 0.513322 0.547979 0.510350 0.545777 0.510542 0.545648 0.508794 0.541503 0.501801 0.541891 0.499703 0.537876 0.495682 0.537876 0.493741 0.536969 0.492517 0.536321 0.487622 0.535155 0.486941 0.537228 0.485717 0.538005 0.484126 0.539301 0.487098 0.540078 0.484650 0.545000 0.484650 0.546425 0.482727 0.547073 0.484650
0 0.442163 0.337675 0.441904 0.342920 0.440868 0.343269 0.440997 0.347640 0.439184 0.347972 0.439443 0.352885 0.438148 0.353759 0.438148 0.360210 0.436723 0.361451 0.437111 0.362832 0.437889 0.363549 0.438277 0.364423 0.443459 0.364423 0.444106 0.364073 0.449935 0.363706 0.450065 0.362325 0.455376 0.361276 0.455894 0.360210 0.457966 0.359878 0.458096 0.354458 0.454339 0.349388 0.454339 0.346941 0.452008 0.346066 0.452267 0.344318 0.449935 0.341346 0.449417 0.337675 0.447215 0.337150 0.446567 0.335577 0.443199 0.336276
0 0.435881 0.269213 0.442487 0.278479 0.442617 0.280052 0.443782 0.281801 0.443912 0.283549 0.445078 0.284773 0.445855 0.288619 0.447021 0.293514 0.441710 0.293339 0.441321 0.294913 0.433031 0.295087 0.432124 0.296661 0.430829 0.296661 0.430311 0.295087 0.428238 0.294913 0.428756 0.293864 0.428886 0.289318 0.430052 0.289143 0.429922 0.283374 0.431347 0.283549 0.431218 0.280402 0.432124 0.280227 0.432513 0.275157 0.435233 0.272535
0 0.699495 0.620787 0.699236 0.632150 0.698070 0.633199 0.699106 0.635297 0.699495 0.637920 0.698199 0.638444 0.697681 0.651731 0.696127 0.651556 0.695738 0.650157 0.694184 0.649983 0.691852 0.648584 0.691852 0.647010 0.689262 0.646836 0.686153 0.641766 0.685246 0.641941 0.680712 0.635997 0.680453 0.633549 0.681490 0.633024 0.692759 0.624283 0.694702 0.624458 0.697811 0.620612
0 0.209715 0.421608 0.209974 0.432098 0.208420 0.432098 0.208938 0.448881 0.209715 0.450455 0.210104 0.451503 0.211010 0.450105 0.213990 0.449056 0.214508 0.447133 0.219560 0.447483 0.220207 0.444860 0.226943 0.438566 0.228756 0.438741 0.229145 0.433147 0.226036 0.427902 0.224870 0.428252 0.222409 0.424406 0.221244 0.425280 0.217358 0.419161 0.216192 0.418636 0.215155 0.417238 0.211658 0.417413 0.211528 0.420210
0 0.153964 0.423479 0.170544 0.422955 0.173912 0.428199 0.172358 0.429598 0.171969 0.433794 0.171192 0.436416 0.171321 0.437990 0.166269 0.443234 0.165622 0.447430 0.163420 0.448654 0.160959 0.449178 0.155648 0.433444 0.155648 0.429598 0.154482 0.428899
0 0.203044 0.496748 0.208096 0.496748 0.208355 0.498147 0.212241 0.498497 0.212500 0.500420 0.218588 0.500245 0.218977 0.503042 0.217293 0.503916 0.217293 0.505664 0.215091 0.508462 0.215350 0.511958 0.213666 0.514056 0.211075 0.514056 0.211075 0.516154 0.207707 0.521399 0.206412 0.521049 0.204598 0.517902 0.203174 0.516678 0.203821 0.513706 0.203303 0.513531 0.202008 0.501993 0.201490 0.500944 0.201101 0.498497
0 0.920039 0.710909 0.923666 0.717203 0.923407 0.720350 0.925091 0.720874 0.927681 0.727343 0.931438 0.732587 0.931826 0.734860 0.933381 0.737308 0.942578 0.712133 0.942578 0.708986 0.943873 0.707238 0.943873 0.702692 0.941023 0.703042 0.940764 0.704441 0.930790 0.704790 0.929624 0.706713 0.921852 0.706538 0.920298 0.708636
0 0.790207 0.817675 0.790855 0.828164 0.799158 0.816801 0.798769 0.814878 0.794624 0.814878 0.793847 0.813129 0.789184 0.813129 0.789184 0.817150
0 0.084858 0.050769 0.083174 0.053916 0.082785 0.056014 0.079417 0.061608 0.078640 0.064930 0.076179 0.067727 0.075790 0.074895 0.071386 0.081364 0.071516 0.086084 0.095738 0.085035 0.096386 0.083636 0.099236 0.083112 0.097422 0.081888 0.098588 0.080490 0.095609 0.077168 0.095997 0.072622 0.093795 0.069301 0.090557 0.061259
0 0.034080 0.133462 0.033951 0.139755 0.033303 0.139755 0.032785 0.141853 0.030972 0.142902 0.030842 0.147098 0.029288 0.147797 0.029288 0.156364 0.028122 0.156364 0.028510 0.162133 0.032915 0.162832 0.034987 0.161084 0.040298 0.160734 0.040427 0.158112 0.041593 0.161084 0.044832 0.158462 0.044573 0.156189 0.046516 0.157238 0.050272 0.153392 0.047422 0.149196 0.047681 0.146224 0.046127 0.145524 0.045091 0.143077 0.042889 0.142203 0.040298 0.138881 0.038225 0.137657 0.038484 0.135210 0.036801 0.134336 0.035894 0.132587
0 0.046775 0.138357 0.056749 0.156364 0.056749 0.158462 0.059080 0.160909 0.061412 0.161084 0.065557 0.151643 0.066075 0.146748 0.068666 0.144126 0.068666 0.139056 0.072293 0.132413 0.072422 0.125944 0.063096 0.126119 0.062966 0.127517 0.053510 0.127517 0.053640 0.128741 0.045479 0.129790 0.045479 0.137308
0 0.108808 0.357168 0.129534 0.356049 0.129404 0.358846 0.127850 0.359895 0.128238 0.365315 0.127591 0.367762 0.127591 0.369510 0.124352 0.372133 0.124482 0.376329 0.122150 0.379126 0.121632 0.381923 0.119948 0.382273 0.118394 0.383846 0.117746 0.382797 0.116969 0.381748 0.116062 0.378077 0.115544 0.376503 0.113601 0.373531 0.113342 0.371084 0.111140 0.368462 0.110363 0.364790 0.109326 0.364965
0 0.027124 0.523339 0.027254 0.531206 0.026088 0.531381 0.025699 0.536976 0.025052 0.536976 0.024275 0.543619 0.023627 0.543969 0.023238 0.548339 0.021943 0.550612 0.021036 0.548864 0.019223 0.548864 0.013264 0.540122 0.010155 0.539598 0.010285 0.536801 0.007824 0.536276 0.007824 0.533654 0.005492 0.528934 0.007047 0.528234 0.025311 0.519668 0.025440 0.521941
0 0.123368 0.613881 0.123627 0.630839 0.124663 0.631888 0.122979 0.633636 0.122979 0.635385 0.124145 0.636084 0.124145 0.643427 0.126865 0.643252 0.130104 0.640105 0.132306 0.638706 0.133990 0.638357 0.137358 0.633462 0.139430 0.632937 0.142409 0.628566 0.142150 0.626469 0.143964 0.625594 0.140596 0.620699 0.139301 0.620524 0.137098 0.617028 0.134896 0.616329 0.134378 0.615455 0.132953 0.615455 0.132176 0.614406 0.129715 0.614056 0.128808 0.612483 0.126606 0.611958 0.125052 0.610734 0.125181 0.613007
0 0.042591 0.931976 0.042461 0.944038 0.043627 0.944213 0.044404 0.955227 0.045570 0.954878 0.048290 0.950507 0.051269 0.950682 0.056710 0.943339 0.056710 0.941241 0.060207 0.937745 0.056580 0.933899 0.052694 0.933724 0.051788 0.932500 0.049456 0.931626 0.048938 0.929353 0.046347 0.930052 0.045829 0.931451
0 0.128782 0.842867 0.128135 0.844091 0.125026 0.844266 0.124119 0.842692 0.122824 0.843741 0.121788 0.843042 0.119585 0.843217 0.118808 0.841469 0.117513 0.841119 0.119585 0.839545 0.119456 0.835000 0.121528 0.831853 0.121528 0.827657 0.123990 0.825210 0.124119 0.822238 0.125285 0.821888 0.126062 0.816818 0.126710 0.819615 0.129041 0.819965 0.132150 0.823636 0.132150 0.826434 0.134741 0.829231 0.134741 0.831329 0.137202 0.834301 0.137332 0.836399 0.138497 0.837448 0.137979 0.838147 0.137202 0.840594 0.135518 0.840769 0.134741 0.842168
0 0.151839 0.861399 0.156373 0.867343 0.157409 0.866469 0.157668 0.867867 0.160259 0.868392 0.161166 0.872063 0.164275 0.872587 0.165699 0.875559 0.170233 0.875734 0.171010 0.846014 0.168549 0.845839 0.167254 0.847063 0.165699 0.847238 0.164275 0.849161 0.162720 0.849336 0.160518 0.852308 0.159482 0.852308 0.155207 0.857902 0.153782 0.857727
0 0.228420 0.766066 0.228420 0.779703 0.229585 0.779878 0.229456 0.788269 0.230881 0.788269 0.231528 0.786346 0.235155 0.786696 0.235803 0.783899 0.238135 0.782150 0.238135 0.780052 0.240596 0.778829 0.242280 0.776906 0.242280 0.774458 0.240596 0.771311 0.238523 0.771136 0.238135 0.768514 0.234896 0.768514 0.234637 0.768339 0.232824 0.767290 0.231528 0.765367 0.230881 0.767640 0.229715 0.767815
0 0.208601 0.767290 0.208990 0.770962 0.206788 0.770787 0.200699 0.778304 0.200959 0.780577 0.198497 0.781626 0.199404 0.783374 0.199404 0.785647 0.200959 0.787045 0.203031 0.787395 0.202902 0.789493 0.210285 0.790367 0.210415 0.792465 0.216632 0.792115 0.217409 0.784773 0.216244 0.783374 0.216373 0.778654 0.215596 0.778829 0.215078 0.771136 0.213782 0.770612 0.213653 0.765542 0.212358 0.765892 0.211969 0.767465
0 0.256645 0.634615 0.256516 0.638986 0.257940 0.639685 0.257681 0.641958 0.260402 0.645455 0.260402 0.647727 0.267267 0.656818 0.267915 0.654545 0.269210 0.654021 0.269210 0.651049 0.270246 0.650699 0.270635 0.648252 0.271412 0.647203 0.272060 0.644231 0.272837 0.643706 0.273225 0.636888 0.274262 0.636014 0.274780 0.632867 0.272707 0.631294 0.271801 0.633217 0.271023 0.631469 0.268692 0.631818 0.268433 0.632867 0.266749 0.631294 0.266101 0.632343 0.260661 0.632692 0.260661 0.634615
0 0.256516 0.608392 0.256127 0.615559 0.254961 0.615909 0.254702 0.618182 0.253666 0.620105 0.252630 0.618881 0.250816 0.618881 0.249132 0.616958 0.249003 0.613287 0.246671 0.613112 0.246412 0.610664 0.245505 0.610839 0.245246 0.607692 0.243303 0.605594 0.245505 0.605420 0.246023 0.604021 0.247448 0.603322 0.248744 0.602098 0.254573 0.601748 0.255220 0.600175 0.257293 0.600000 0.257811 0.607168
0 0.321943 0.841276 0.321438 0.852990 0.322215 0.853864 0.322345 0.858934 0.323886 0.859808 0.323886 0.866801 0.324935 0.866976 0.325181 0.871696 0.326619 0.873969 0.327655 0.873969 0.334003 0.865577 0.335427 0.865227 0.339573 0.862080 0.339313 0.859633 0.343459 0.854563 0.343199 0.849668 0.342163 0.849668 0.341645 0.847570 0.339054 0.847570 0.338277 0.846696 0.335946 0.846171 0.335544 0.844248 0.330894 0.844423 0.330505 0.842675 0.323122 0.843024
0 0.431023 0.855087 0.420790 0.867325 0.421438 0.869598 0.416127 0.876066 0.415479 0.880262 0.417552 0.880437 0.418070 0.882185 0.422474 0.882535 0.423769 0.884458 0.426490 0.884458 0.428161 0.886381 0.440091 0.886031 0.439819 0.884458 0.438925 0.876766 0.438523 0.876241 0.438018 0.872920 0.436723 0.872045 0.436723 0.865227 0.435168 0.865052 0.435039 0.860157 0.434132 0.859983 0.434132 0.857535
0 0.466516 0.815052 0.466516 0.845822 0.470531 0.845997 0.471438 0.844248 0.473251 0.844248 0.475194 0.841276 0.477008 0.840752 0.479080 0.837080 0.481153 0.837780 0.483484 0.833409 0.484909 0.833409 0.487370 0.830787 0.483744 0.825017 0.482448 0.825717 0.482189 0.823444 0.480117 0.823794 0.479210 0.821696 0.477267 0.822045 0.473497 0.817150 0.470531 0.816976 0.470013 0.814528
0 0.593070 0.924843 0.593459 0.932710 0.595013 0.934633 0.593588 0.936206 0.594365 0.937605 0.594611 0.941976 0.595790 0.942150 0.595790 0.945822 0.597474 0.946871 0.597474 0.950017 0.598899 0.950717 0.608744 0.938129 0.608355 0.935507 0.612746 0.930787 0.612241 0.928514 0.607837 0.928864 0.607319 0.926416 0.601088 0.926241 0.601088 0.924668 0.597850 0.925192 0.596697 0.923269 0.594883 0.923094
0 0.669495 0.939178 0.669624 0.942325 0.667150 0.943899 0.667552 0.948794 0.677267 0.948969 0.677396 0.946346 0.676490 0.945472 0.675972 0.943024 0.673899 0.939878 0.673381 0.937605 0.671956 0.937255
0 0.720661 0.941626 0.720142 0.948269 0.718718 0.949493 0.720661 0.951066 0.719236 0.953164 0.719106 0.961031 0.723122 0.961556 0.724145 0.959108 0.726490 0.959108 0.729326 0.956311 0.731153 0.955962 0.732060 0.953689 0.733744 0.953689 0.734508 0.952990 0.736205 0.950542 0.733096 0.949843 0.733096 0.948269 0.731153 0.947395 0.729080 0.944073 0.727655 0.944073 0.724793 0.940402
0 0.814573 0.965402 0.814961 0.966976 0.812370 0.969773 0.812759 0.973269 0.811334 0.975542 0.811205 0.978339 0.809637 0.979213 0.809780 0.981136 0.808614 0.982185 0.808614 0.984808 0.805635 0.987605 0.805246 0.992675 0.804728 0.994423 0.804728 0.995822 0.806541 0.995997 0.828174 0.995997 0.829469 0.994248 0.832060 0.993899 0.830363 0.993024 0.830505 0.990927 0.827772 0.986556 0.827772 0.985507 0.825583 0.982185 0.825065 0.980087 0.822591 0.976591 0.822474 0.975017 0.820648 0.971171 0.820142 0.969598 0.818588 0.967150
0 0.887241 0.871871 0.887358 0.884983 0.886464 0.884983 0.886062 0.894423 0.888407 0.896696 0.889184 0.894773 0.891645 0.894773 0.892422 0.892850 0.895531 0.892850 0.895920 0.891801 0.897720 0.891451 0.898510 0.889178 0.901878 0.889353 0.902526 0.888479 0.905117 0.887605 0.905246 0.886381 0.899663 0.877465 0.897863 0.877990 0.895531 0.874143 0.894365 0.874318 0.890738 0.868899 0.889443 0.868724 0.889702 0.871346
0 0.556023 0.807710 0.555376 0.811031 0.554339 0.811731 0.554987 0.816801 0.553692 0.816451 0.553303 0.821871 0.552267 0.822220 0.552137 0.824493 0.550972 0.825542 0.550972 0.829388 0.560285 0.830087 0.560557 0.828339 0.566256 0.828339 0.566516 0.827465 0.568199 0.826241 0.568329 0.824493 0.565997 0.821346 0.565997 0.819948 0.562111 0.814353 0.562111 0.811206 0.560285 0.811206 0.557966 0.807885
0 0.444676 0.740105 0.444288 0.766853 0.445583 0.767378 0.445583 0.774371 0.446360 0.774196 0.461645 0.761608 0.463070 0.762133 0.467604 0.755140 0.465142 0.751119 0.463329 0.750420 0.462293 0.748846 0.459573 0.748147 0.459443 0.746399 0.458148 0.746748 0.457111 0.745175 0.455427 0.745175 0.455039 0.743427 0.452837 0.742552 0.452319 0.741853 0.449987 0.741154 0.449210 0.738881
0 0.567539 0.737780 0.567798 0.757885 0.570000 0.758234 0.572332 0.755087 0.574016 0.755262 0.577513 0.750017 0.579974 0.749843 0.579974 0.745647 0.578679 0.745297 0.577902 0.743724 0.575181 0.743199 0.574793 0.741276 0.571943 0.741101 0.571684 0.739878 0.569093 0.739878
0 0.612098 0.699668 0.597332 0.719073 0.598627 0.720297 0.598886 0.721871 0.601347 0.721346 0.604067 0.725367 0.607694 0.725192 0.608731 0.726591 0.612228 0.726591 0.613135 0.728339 0.617150 0.728689 0.617409 0.718899 0.616762 0.718724 0.616503 0.712255 0.615466 0.711906 0.615207 0.704563 0.614301 0.704738 0.614171 0.700892
0 0.603808 0.680262 0.608472 0.687605 0.609119 0.686731 0.616244 0.696171 0.617280 0.695472 0.621425 0.700717 0.623497 0.700717 0.623886 0.694773 0.625052 0.694423 0.625181 0.681836 0.626477 0.682360 0.626995 0.664003 0.619741 0.670122 0.616891 0.669248 0.614560 0.672220 0.611321 0.672395 0.610026 0.674318 0.608212 0.674843 0.607824 0.676941 0.605881 0.676591 0.604585 0.677815
0 0.569352 0.714878 0.568575 0.716626 0.566632 0.716626 0.565855 0.719773 0.563523 0.721696 0.563912 0.724493 0.560674 0.727465 0.560155 0.732185 0.565596 0.731836 0.565984 0.734283 0.567927 0.733934 0.568705 0.735857 0.571943 0.736206 0.572850 0.734808 0.574663 0.734458 0.574663 0.729738 0.574663 0.729738 0.573238 0.723969 0.572332 0.723794 0.572591 0.721171 0.571295 0.720647 0.571295 0.717850
0 0.566114 0.677640 0.575052 0.709808 0.585285 0.696521 0.585285 0.694598 0.587487 0.691626 0.587487 0.690227 0.590596 0.685682 0.590725 0.681836 0.583342 0.682185 0.582565 0.680262 0.578290 0.680262 0.577513 0.678339 0.570130 0.678339 0.569741 0.677640
0 0.552124 0.655262 0.551606 0.674318 0.553031 0.674493 0.553420 0.685332 0.563394 0.677290 0.565466 0.676941 0.566632 0.674493 0.574793 0.665927 0.573238 0.665227 0.572332 0.662605 0.570648 0.662430 0.570000 0.660857 0.567927 0.661031 0.565725 0.657185 0.562876 0.657185 0.561969 0.655087 0.559896 0.655437 0.557565 0.652290 0.556528 0.652290 0.555233 0.650192
0 0.544093 0.612780 0.543575 0.614878 0.531788 0.615577 0.531140 0.611381 0.532176 0.611031 0.532435 0.606661 0.533212 0.605087 0.534119 0.602115 0.535285 0.601591 0.535285 0.598794 0.536451 0.597920 0.536062 0.595647 0.537358 0.595297 0.537746 0.590052 0.540984 0.585157 0.542668 0.586731 0.544611 0.587430 0.544741 0.589703 0.547461 0.592675 0.547591 0.594773 0.551865 0.600717 0.551606 0.602465 0.552383 0.603864 0.552902 0.606836 0.554326 0.607010 0.553938 0.609108 0.555492 0.610857 0.552513 0.611731 0.551736 0.613479
0 0.623886 0.597920 0.621813 0.598969 0.622073 0.601241 0.640725 0.610157 0.640725 0.611556 0.643575 0.611206 0.641891 0.591451 0.640337 0.586031 0.640078 0.586031 0.639689 0.581311 0.637746 0.579213
0 0.599922 0.572220 0.606658 0.580262 0.606658 0.583584 0.608601 0.585682 0.609637 0.585157 0.610026 0.583759 0.611062 0.582885 0.611192 0.580962 0.612746 0.580787 0.612228 0.575367 0.613394 0.575017 0.613523 0.570297 0.614819 0.570297 0.614689 0.565052 0.616762 0.564178 0.616632 0.560157 0.614948 0.557710 0.613912 0.559108 0.607306 0.559108 0.606788 0.560682 0.600052 0.561381 0.597461 0.565227 0.597332 0.567500
0 0.194585 0.063269 0.200155 0.063444 0.200674 0.061171 0.204430 0.061171 0.204948 0.059598 0.207280 0.059073 0.207150 0.058199 0.209741 0.057325 0.210000 0.055752 0.216088 0.055752 0.216347 0.054528 0.218679 0.054178 0.218938 0.058724 0.217642 0.059598 0.217513 0.067990 0.216606 0.068339 0.216088 0.077955 0.214793 0.078129 0.214793 0.083374 0.212979 0.083724 0.211425 0.089318 0.210518 0.086696 0.208705 0.088094 0.201969 0.076556 0.200544 0.076381 0.196917 0.072185 0.196788 0.070437 0.195233 0.070437 0.192772 0.066241 0.192772 0.064668
0 0.173821 0.116119 0.173692 0.121364 0.174728 0.122762 0.175246 0.129930 0.176153 0.131503 0.176282 0.139196 0.176930 0.139895 0.177448 0.145490 0.179909 0.148462 0.185220 0.141643 0.186775 0.140944 0.196878 0.128706 0.196619 0.125035 0.191179 0.121189 0.190013 0.118916 0.184313 0.119441 0.184313 0.117692 0.182111 0.117692 0.181464 0.115420 0.178484 0.115420 0.177060 0.113322 0.174728 0.114021
0 0.183161 0.191241 0.180829 0.194388 0.180570 0.196836 0.177591 0.200332 0.177720 0.201731 0.176036 0.203304 0.176554 0.205752 0.172539 0.210122 0.172798 0.212220 0.171114 0.213444 0.170725 0.219913 0.172021 0.220612 0.172409 0.221661 0.179534 0.221661 0.180052 0.223234 0.194041 0.223059 0.194041 0.222360 0.195207 0.221661 0.195596 0.217290 0.194171 0.217115 0.194430 0.212920 0.193523 0.212570 0.192876 0.208374 0.191839 0.208374 0.191580 0.204703 0.190155 0.205052 0.190026 0.202080 0.189378 0.201906 0.189119 0.197360 0.187176 0.196486 0.186528 0.193164 0.184585 0.190892
0 0.233290 0.304003 0.233290 0.307500 0.237176 0.307500 0.238860 0.310647 0.240155 0.310822 0.241710 0.313094 0.241710 0.311871 0.243394 0.310822 0.242876 0.308024 0.244301 0.307325 0.244560 0.295437 0.246114 0.295262 0.245725 0.279703 0.245337 0.279703 0.243912 0.278304 0.243394 0.279703 0.240285 0.279878 0.239767 0.281451 0.236788 0.281801 0.235622 0.282850 0.234197 0.283724 0.233031 0.284948 0.231477 0.284773 0.230699 0.286521 0.229016 0.286696 0.226943 0.289843 0.224611 0.290367 0.223705 0.293689 0.225130 0.294563 0.225000 0.297885 0.227720 0.298059 0.227850 0.301906 0.230052 0.301381 0.230570 0.303654
0 0.365233 0.540262 0.365881 0.549178 0.364456 0.549178 0.364067 0.557220 0.362772 0.557570 0.362513 0.566661 0.370674 0.565962 0.370933 0.564388 0.374560 0.563864 0.376632 0.561591 0.380000 0.561416 0.383238 0.556696 0.383238 0.554598 0.380777 0.554598 0.380648 0.552150 0.377668 0.546556 0.375984 0.548304 0.371062 0.540262 0.370155 0.540262 0.368990 0.538689 0.367306 0.538689
0 0.392435 0.519808 0.392565 0.523829 0.393472 0.524003 0.393212 0.528374 0.394896 0.528374 0.395285 0.533969 0.396192 0.535017 0.396321 0.539563 0.397358 0.541136 0.398264 0.545857 0.398912 0.546381 0.399430 0.550402 0.400596 0.551101 0.411218 0.536241 0.411606 0.533794 0.414067 0.532395 0.414326 0.528374 0.415492 0.528024 0.415492 0.525927 0.414456 0.523129 0.411347 0.522955 0.410052 0.520857 0.405130 0.521031 0.404741 0.519458 0.401373 0.519108 0.399689 0.517710 0.397228 0.517710 0.395803 0.519283 0.394637 0.517010
0 0.331788 0.387483 0.331917 0.419301 0.332565 0.419825 0.333342 0.423846 0.349016 0.410909 0.354585 0.405315 0.354715 0.403217 0.351347 0.398322 0.350052 0.398846 0.348497 0.395874 0.345000 0.395699 0.344223 0.392028 0.341762 0.393252 0.340725 0.389930 0.337617 0.390280 0.336580 0.388706 0.334637 0.388531 0.333990 0.387133
0 0.255285 0.129860 0.255142 0.154336 0.256049 0.155210 0.256956 0.157483 0.258251 0.157308 0.258782 0.155559 0.268096 0.148392 0.269262 0.149091 0.275868 0.140350 0.271088 0.134406 0.270440 0.134406 0.268744 0.132133 0.267319 0.133007 0.266153 0.130909 0.264469 0.131259 0.262409 0.127762 0.260194 0.127762 0.258523 0.125839 0.256438 0.125839 0.256839 0.128112
0 0.297370 0.176643 0.304171 0.176871 0.306062 0.179003 0.305272 0.179633 0.304326 0.182832 0.302746 0.183059 0.302902 0.186259 0.299896 0.190315 0.298951 0.188182 0.298484 0.186259 0.296891 0.184336 0.296736 0.181993 0.295790 0.181346 0.295479 0.179213
0 0.301516 0.045210 0.301904 0.060594 0.297759 0.060944 0.295168 0.057448 0.293744 0.057797 0.293096 0.056573 0.291930 0.056049 0.291541 0.053252 0.298277 0.045909
0 0.362876 0.094948 0.363005 0.120472 0.364171 0.120647 0.364301 0.126241 0.366114 0.126591 0.366762 0.125017 0.368187 0.124318 0.369223 0.121871 0.370648 0.122220 0.373497 0.118199 0.375440 0.118899 0.379974 0.111556 0.380622 0.112430 0.384378 0.107360 0.368057 0.095822 0.366244 0.095822 0.366244 0.094073
0 0.398109 0.143199 0.396036 0.147395 0.393705 0.146696 0.393834 0.149843 0.393057 0.149843 0.388264 0.154738 0.389171 0.157535 0.390078 0.159808 0.393057 0.160682 0.394223 0.162255 0.396813 0.162430 0.397979 0.164178 0.402902 0.164353 0.403290 0.153339 0.401736 0.153864 0.401347 0.146871 0.400699 0.146871 0.400440 0.143549
0 0.432306 0.220647 0.438912 0.220297 0.439560 0.220997 0.441373 0.222395 0.440466 0.224143 0.440337 0.226241 0.433472 0.236031 0.431788 0.235332 0.432047 0.231661 0.430881 0.231136 0.430104 0.222220 0.428808 0.221871 0.429067 0.219948 0.431140 0.219248 0.432176 0.219248
0 0.410842 0.028339 0.410712 0.030962 0.417707 0.040052 0.419391 0.039703 0.420039 0.041976 0.422111 0.041976 0.422759 0.044773 0.424702 0.044598 0.424961 0.045997 0.426256 0.045997 0.428977 0.050367 0.431179 0.050367 0.431567 0.046171 0.432604 0.046346 0.432345 0.029563 0.433510 0.029913 0.433122 0.013304
0 0.487396 0.098269 0.487655 0.102990 0.486360 0.103164 0.485842 0.113654 0.484676 0.113829 0.484935 0.122220 0.486878 0.123094 0.502681 0.113129 0.502293 0.110332 0.501127 0.109983 0.494521 0.101766 0.493355 0.101766 0.491153 0.098444
0 0.513044 0.071871 0.521075 0.082535 0.521205 0.084283 0.524313 0.088654 0.525738 0.089528 0.533381 0.061731 0.534288 0.060857 0.534676 0.055962 0.528977 0.056661 0.528329 0.058409 0.527163 0.055787 0.525479 0.055962 0.525479 0.057535 0.521593 0.058234 0.520816 0.059283 0.513562 0.059808 0.512526 0.060332 0.510065 0.061381 0.509028 0.066801 0.510712 0.069248 0.512655 0.068724
0 0.588044 0.079213 0.588821 0.086731 0.587137 0.087080 0.587008 0.112780 0.606697 0.100017 0.608899 0.096696 0.608899 0.095472 0.605402 0.090752 0.604495 0.090927 0.600738 0.086556 0.598018 0.083584 0.596852 0.084283 0.594132 0.080262 0.592319 0.080787 0.592060 0.079388
0 0.704624 0.008724 0.705013 0.015192 0.703329 0.015542 0.703588 0.022010 0.700609 0.025157 0.700997 0.030577 0.699702 0.032500 0.700350 0.036346 0.701256 0.035297 0.703847 0.034773 0.704365 0.033024 0.711619 0.032325 0.711878 0.030927 0.718614 0.030927 0.718614 0.029353 0.725479 0.029703 0.725479 0.026731 0.718484 0.019038 0.718744 0.017115 0.709547 0.003479 0.707733 0.003479 0.707604 0.006276
0 0.642746 0.171521 0.642358 0.175717 0.641062 0.176591 0.641451 0.179213 0.642487 0.179213 0.642746 0.181661 0.641321 0.182185 0.641580 0.191626 0.642487 0.191801 0.641321 0.193899 0.642876 0.196346 0.641710 0.198269 0.641969 0.204388 0.663212 0.189528 0.663342 0.187955 0.657642 0.180437 0.656218 0.180437 0.655440 0.178514 0.653756 0.178514 0.651036 0.175017 0.649352 0.175367 0.648834 0.173094 0.646891 0.173269 0.646244 0.171696
0 0.722863 0.730979 0.719883 0.730979 0.717811 0.732727 0.718199 0.737273 0.718977 0.737622 0.719106 0.739371 0.722604 0.744790 0.722992 0.746888 0.726360 0.752133 0.727008 0.749860 0.732189 0.734126 0.733355 0.733951 0.733484 0.729406 0.723251 0.729231
0 0.692798 0.555437 0.695220 0.558182 0.696839 0.558724 0.697383 0.561818 0.699404 0.561993 0.704119 0.569458 0.705065 0.569668 0.710997 0.577098 0.711541 0.572185 0.712073 0.562727 0.713290 0.562360 0.713161 0.552535 0.714909 0.552535 0.715181 0.542343 0.713562 0.542150 0.712487 0.543619 0.707630 0.543986
0 0.653044 0.783409 0.653303 0.790052 0.652526 0.790402 0.651878 0.796871 0.650842 0.797220 0.650065 0.802290 0.648899 0.802640 0.648899 0.812605 0.649806 0.810507 0.655492 0.810507 0.656140 0.809808 0.659780 0.809108 0.659909 0.808234 0.664832 0.807710 0.664961 0.805437 0.667552 0.805437 0.668329 0.804213 0.670661 0.804038 0.668199 0.800892 0.668199 0.797920 0.666386 0.797395 0.663148 0.793899 0.663536 0.790052 0.661464 0.790227 0.656412 0.783059
0 0.821269 0.006853 0.821010 0.035874 0.819585 0.038497 0.818808 0.036049 0.816865 0.036399 0.816347 0.034476 0.814663 0.034650 0.812332 0.031154 0.810000 0.031154 0.800803 0.022063 0.798990 0.021713 0.798472 0.019441 0.817124 0.003357 0.817902 0.003881 0.819326 0.002133 0.819585 0.006503
0 0.980272 0.124266 0.974275 0.130962 0.974404 0.133776 0.971658 0.137115 0.972047 0.138357 0.968135 0.145227 0.968005 0.146276 0.965790 0.149266 0.965013 0.151381 0.963187 0.152430 0.964883 0.153322 0.965402 0.155612 0.966438 0.153147 0.967487 0.154720 0.976490 0.155262 0.976878 0.157010 0.986658 0.157727 0.987319 0.158601 0.989404 0.158601 0.989793 0.151556 0.988614 0.150682 0.988614 0.146976 0.987319 0.147150 0.987448 0.142762 0.985751 0.141696 0.985881 0.138881 0.984961 0.138881 0.984573 0.133252 0.982746 0.131486 0.981969 0.129196
0 0.942824 0.246993 0.941269 0.248392 0.941140 0.251538 0.938031 0.253462 0.938420 0.255559 0.933109 0.262902 0.933109 0.265350 0.927409 0.271294 0.927409 0.273392 0.928834 0.274091 0.928834 0.275664 0.937772 0.275664 0.937772 0.277063 0.945026 0.277238 0.945544 0.279161 0.953057 0.279336 0.953316 0.275315 0.952021 0.274790 0.951891 0.270594 0.951244 0.269545 0.950725 0.264825 0.949819 0.264126 0.949430 0.260979 0.948135 0.259580 0.948264 0.255385 0.946451 0.253636 0.945803 0.249091
0 0.908756 0.272867 0.909145 0.307308 0.908238 0.307657 0.907332 0.312727 0.905000 0.309580 0.903964 0.309231 0.903187 0.307832 0.901632 0.307657 0.899301 0.303986 0.898005 0.304336 0.894896 0.300140 0.893472 0.300490 0.891140 0.296993 0.889845 0.296993 0.888938 0.295769 0.886088 0.294895 0.883886 0.290175 0.885570 0.289825 0.885699 0.288601 0.887902 0.288601 0.891658 0.282483 0.895155 0.283706 0.897746 0.280385 0.899948 0.280035 0.901632 0.276713 0.904870 0.276014
0 0.941282 0.313934 0.963174 0.313059 0.964080 0.311136 0.965505 0.311311 0.967060 0.313759 0.966541 0.315332 0.966023 0.319178 0.964728 0.319878 0.965117 0.322325 0.963303 0.323549 0.964210 0.326521 0.962915 0.328794 0.963174 0.331591 0.960842 0.331416 0.960972 0.334388 0.959806 0.335437 0.959676 0.337885 0.956179 0.342430 0.953588 0.331941 0.947889 0.323899 0.946334 0.324423 0.943355 0.320577 0.943355 0.319353
0 0.807720 0.187955 0.802280 0.187780 0.802150 0.194423 0.803446 0.195472 0.803446 0.202990 0.804611 0.203164 0.804741 0.210682 0.806166 0.211031 0.807720 0.211031 0.808627 0.211031 0.821451 0.195122 0.820285 0.194598 0.819637 0.193024 0.816658 0.192675 0.815751 0.190752 0.812254 0.191276 0.811995 0.188829 0.809404 0.189353
0 0.778497 0.243531 0.778446 0.262080 0.779223 0.262080 0.780130 0.263829 0.782332 0.260332 0.783368 0.260157 0.787513 0.254563 0.788420 0.254913 0.789715 0.253339 0.791658 0.253164 0.796580 0.247045 0.794637 0.246346 0.792824 0.243024 0.790233 0.242850 0.789067 0.241626 0.787772 0.241626 0.786088 0.240227 0.784275 0.240227 0.782720 0.237955 0.781813 0.237955 0.780907 0.236206 0.777202 0.236713
0 0.782461 0.278164 0.789845 0.278339 0.790233 0.276941 0.800855 0.276066 0.802668 0.278864 0.801632 0.279563 0.801891 0.282185 0.800207 0.282710 0.794896 0.300367 0.791528 0.299668 0.792047 0.295822 0.787902 0.290052 0.787642 0.289178 0.786218 0.288304 0.786477 0.285857 0.785570 0.284458 0.785440 0.282185
0 0.760194 0.754825 0.760466 0.756399 0.758523 0.758322 0.756956 0.762517 0.756956 0.764790 0.755013 0.765315 0.754896 0.768986 0.753990 0.771259 0.754249 0.773531 0.752552 0.774930 0.753070 0.776503 0.750220 0.780175 0.750479 0.782273 0.765259 0.782622 0.765648 0.780699 0.774184 0.780699 0.774443 0.778951 0.773679 0.775979 0.771736 0.774231 0.771736 0.772483 0.769003 0.769161 0.769391 0.766888 0.767202 0.764091 0.766943 0.761119 0.763174 0.756573 0.762915 0.753601
0 0.868549 0.834790 0.874262 0.843357 0.874262 0.844930 0.877876 0.850000 0.877759 0.852098 0.878912 0.852972 0.879054 0.855420 0.880466 0.857517 0.880738 0.859091 0.876852 0.859615 0.875285 0.861364 0.867396 0.860664 0.866606 0.862587 0.861036 0.862937 0.860389 0.862063 0.859365 0.861189 0.861567 0.858392 0.861166 0.855769 0.859741 0.856119 0.860013 0.854196 0.862332 0.853671 0.862720 0.848252 0.863756 0.848252 0.864404 0.843706 0.865570 0.842832 0.865570 0.839860 0.867642 0.838986
0 0.992578 0.853217 0.992060 0.856014 0.990376 0.857238 0.989858 0.858986 0.988174 0.858811 0.985842 0.862308 0.984158 0.862133 0.979236 0.868776 0.978329 0.868776 0.972500 0.874371 0.975479 0.878741 0.978199 0.879441 0.978329 0.880490 0.980013 0.880839 0.981697 0.883112 0.985194 0.883112 0.986878 0.887133 0.990764 0.888182 0.991801 0.889755 0.995687 0.889755 0.997241 0.887832 0.996334 0.887483 0.996075 0.885559 0.996982 0.883811 0.996982 0.881538 0.995557 0.881014 0.995946 0.876993 0.997241 0.875245 0.996593 0.874720 0.996464 0.869301 0.995039 0.869301 0.994650 0.858287
0 0.903329 0.770874 0.903070 0.784685 0.904495 0.784860 0.906179 0.782587 0.907085 0.782937 0.907863 0.781713 0.910194 0.781364 0.913692 0.775769 0.914469 0.776119 0.919132 0.768601 0.922630 0.767902 0.923148 0.762483 0.920168 0.762308 0.919780 0.761084 0.918225 0.760035 0.917319 0.758986 0.914080 0.758636 0.912137 0.755839 0.908769 0.755839 0.907863 0.752867 0.904883 0.753042 0.903977 0.751818 0.901775 0.751993 0.901775 0.770524
0 0.951075 0.570507 0.953148 0.573304 0.953925 0.575402 0.962733 0.587640 0.962604 0.590087 0.967008 0.595857 0.968821 0.596031 0.968562 0.591836 0.969339 0.590612 0.969858 0.586766 0.971541 0.584843 0.971153 0.580647 0.972448 0.579598 0.972319 0.572955 0.973484 0.571906 0.973484 0.568584 0.974521 0.567710 0.975298 0.563689 0.972578 0.562990 0.972448 0.563864 0.966101 0.564563 0.964935 0.566311 0.960142 0.566661 0.960272 0.568234 0.955350 0.568059 0.955479 0.570332
0 0.943562 0.559668 0.943174 0.562115 0.934365 0.574178 0.934365 0.576451 0.932034 0.576626 0.932034 0.578549 0.932940 0.579423 0.933977 0.581521 0.937474 0.581521 0.938381 0.583444 0.941231 0.583444 0.942526 0.584668 0.946541 0.584668 0.947578 0.586591 0.950298 0.586941 0.950168 0.577850 0.949909 0.577850 0.949650 0.574528 0.948225 0.573129 0.948225 0.567185 0.946671 0.565962 0.946541 0.561766
0 0.925687 0.519808 0.924909 0.528024 0.923873 0.528024 0.923873 0.532395 0.922837 0.533269 0.922319 0.539738 0.921023 0.540437 0.921153 0.549528 0.920246 0.551976 0.922060 0.552675 0.923873 0.550927 0.928148 0.550402 0.929313 0.548829 0.931127 0.549003 0.933459 0.547430 0.935661 0.546731 0.937345 0.544808 0.942655 0.544808 0.942785 0.543759 0.943692 0.542185 0.943821 0.541836 0.935661 0.529948 0.934106 0.528724 0.934106 0.526976 0.931516 0.526451 0.931386 0.524178 0.929313 0.522955 0.928795 0.520332
0 0.912085 0.459843 0.914417 0.464738 0.916619 0.464563 0.919339 0.468409 0.919858 0.467360 0.928795 0.477675 0.928795 0.474003 0.929702 0.473129 0.930091 0.462465 0.930868 0.461416 0.930868 0.449178
0 0.804456 0.447517 0.804728 0.451503 0.805803 0.453339 0.806075 0.460437 0.806749 0.461171 0.807163 0.469161 0.808912 0.468619 0.809184 0.478269 0.811477 0.478811 0.811878 0.475909 0.813225 0.475909 0.818627 0.467902 0.819832 0.468444 0.829003 0.456608 0.829145 0.453881 0.827526 0.454248 0.826852 0.452780 0.820376 0.452605 0.820246 0.451329 0.817267 0.450962 0.817267 0.450052 0.813497 0.448986 0.813497 0.447150
0 0.719093 0.386538 0.719093 0.389441 0.718420 0.389441 0.717746 0.399825 0.716658 0.400542 0.716528 0.408741 0.718148 0.408916 0.718821 0.407483 0.722604 0.407483 0.722733 0.406189 0.729210 0.405280 0.729482 0.403462 0.731503 0.403462 0.731632 0.402360 0.723679 0.390350 0.722863 0.390350
0 0.725829 0.433304 0.725427 0.427308 0.728938 0.426941 0.734067 0.434038 0.734469 0.436241 0.736619 0.439126 0.736762 0.441678 0.742021 0.448601 0.742293 0.450594 0.740259 0.449895 0.740000 0.452430 0.734197 0.452063 0.733251 0.453689 0.720039 0.453881 0.718821 0.450052 0.721788 0.445315 0.722189 0.441136 0.723135 0.440594 0.722733 0.436399
