0 0.583420 0.204056 0.583031 0.224161 0.581865 0.224860 0.581736 0.232378 0.580829 0.233427 0.580829 0.235524 0.581865 0.236573 0.580699 0.238322 0.580311 0.240420 0.584456 0.241818 0.584845 0.240769 0.586917 0.239895 0.587824 0.238147 0.590803 0.237622 0.593523 0.234650 0.598446 0.233776 0.598446 0.232727 0.600907 0.232378 0.604663 0.228182 0.603886 0.227483 0.603756 0.225385 0.602461 0.222762 0.600518 0.222587 0.596762 0.217692 0.595596 0.217692
0 0.866451 0.282290 0.866062 0.290507 0.867358 0.291206 0.867876 0.293479 0.871891 0.293304 0.874741 0.288584 0.876036 0.287885 0.880052 0.282815 0.881606 0.283339 0.884974 0.278794 0.883549 0.277920 0.883290 0.275122 0.881736 0.274598 0.869560 0.265507 0.867358 0.265682 0.865155 0.268304 0.865155 0.280192
0 0.854767 0.350664 0.875751 0.339825 0.882487 0.339126 0.882228 0.337552 0.887280 0.337378 0.885207 0.340175 0.885984 0.341923 0.883653 0.345420 0.883264 0.354336 0.882487 0.354685 0.882358 0.361678 0.881321 0.361853 0.881062 0.364476 0.879637 0.365175 0.880544 0.366748 0.880933 0.369895 0.879637 0.370420 0.879896 0.372867 0.877824 0.375140 0.879378 0.375839 0.878212 0.379161 0.876010 0.378986 0.875492 0.377762 0.873420 0.377587 0.871995 0.373916 0.869663 0.374615 0.869663 0.369895 0.866684 0.369196 0.865518 0.365524 0.863187 0.365350 0.863187 0.363951
0 0.909417 0.883112 0.909158 0.891678 0.912396 0.891503 0.912915 0.889755 0.916541 0.889930 0.916801 0.888357 0.919132 0.888357 0.919909 0.885909 0.916282 0.881014 0.915246 0.880839 0.912655 0.877517 0.911101 0.877517 0.908899 0.880140 0.911231 0.881364
0 0.955687 0.533217 0.955959 0.537238 0.956982 0.537955 0.957383 0.548252 0.958420 0.548601 0.959456 0.547378 0.961917 0.547028 0.962163 0.545280 0.963990 0.545629 0.966321 0.542325 0.968640 0.541608 0.968640 0.540210 0.969935 0.539336 0.966969 0.535140 0.965026 0.535140 0.961658 0.531294 0.959067 0.531294 0.958277 0.530087 0.956334 0.529720 0.956218 0.530245 0.957513 0.532710
0 0.721477 0.731451 0.721218 0.740542 0.720311 0.742465 0.716554 0.742115 0.715907 0.741766 0.714611 0.741591 0.712409 0.738444 0.712150 0.736171 0.711244 0.734598 0.714093 0.734248 0.714093 0.732850 0.715648 0.732325 0.717850 0.729003 0.719793 0.729528
0 0.652953 0.709948 0.650492 0.713444 0.649845 0.716066 0.641684 0.727780 0.638575 0.724108 0.638446 0.719213 0.636891 0.717815 0.639093 0.717290 0.636503 0.712220 0.636503 0.710647 0.635207 0.709598 0.634689 0.701381 0.641684 0.700332 0.642073 0.701906 0.650492 0.702430 0.651399 0.704003 0.653342 0.704178 0.655674 0.706626 0.653083 0.707850
0 0.704508 0.651906 0.703083 0.653829 0.700881 0.654003 0.700622 0.656101 0.697254 0.661521 0.696865 0.666416 0.695311 0.668689 0.695181 0.670612 0.692332 0.673059 0.692073 0.675507 0.687539 0.680052 0.687668 0.682675 0.686503 0.683374 0.686503 0.685647 0.682487 0.691591 0.682876 0.692640 0.680285 0.696661 0.680415 0.698409 0.678083 0.701031 0.677824 0.703479 0.676010 0.705577 0.679637 0.705402 0.680026 0.707675 0.702306 0.707150 0.703083 0.709773 0.714223 0.709423 0.715130 0.711171 0.725104 0.711346 0.708135 0.659073 0.706321 0.657325 0.705933 0.651731
0 0.617681 0.905542 0.617681 0.908339 0.611464 0.916731 0.610427 0.915682 0.609780 0.919703 0.608225 0.919353 0.595272 0.936661 0.592422 0.936836 0.592293 0.930367 0.590868 0.928969 0.590479 0.925122 0.589702 0.925122 0.589054 0.916031 0.588148 0.915682 0.587889 0.909913 0.587370 0.909913 0.586982 0.901696 0.586205 0.900122 0.585298 0.893829 0.584391 0.893304 0.584780 0.888584 0.585816 0.890682 0.590091 0.890857 0.590738 0.891381 0.593070 0.891206 0.593977 0.893129 0.596956 0.893129 0.598510 0.894878 0.601619 0.894703 0.603044 0.897150 0.607060 0.896626 0.607060 0.898549 0.612241 0.898724 0.612370 0.899773 0.614832 0.900297 0.615220 0.901346 0.618588 0.902045 0.620790 0.904843
0 0.437137 0.900524 0.430531 0.912762 0.429754 0.915734 0.427422 0.918531 0.427552 0.920455 0.425997 0.921696 0.426386 0.926224 0.448148 0.926224
0 0.164145 0.992395 0.169041 1.000000 0.177552 1.000000 0.177617 0.994143 0.178782 0.993619 0.178653 0.986976 0.180078 0.985927 0.179948 0.980157 0.181373 0.978234 0.180855 0.970367 0.182409 0.969493 0.182539 0.963199 0.178005 0.963549 0.177876 0.964598 0.174378 0.964598 0.173731 0.965822 0.170622 0.967220 0.170233 0.968269 0.166606 0.968969 0.165699 0.970017 0.157798 0.972465 0.154301 0.973689 0.160518 0.988374
0 0.109922 0.828531 0.110052 0.830629 0.107073 0.835000 0.106684 0.833951 0.104093 0.833951 0.104093 0.832028 0.102927 0.830804 0.102798 0.828706 0.101632 0.827308 0.101632 0.824161 0.100078 0.822413 0.103575 0.821888 0.103575 0.820664 0.106554 0.819790 0.106813 0.821014 0.109793 0.821014 0.110829 0.819965 0.111606 0.827308
0 0.674845 0.555280 0.674663 0.556731 0.672681 0.559406 0.666386 0.577133 0.664948 0.582483 0.660984 0.587832 0.656671 0.583217 0.657021 0.578601 0.655233 0.576643 0.654689 0.573252 0.650907 0.568636 0.650363 0.566206 0.647668 0.563531 0.647668 0.560367 0.646593 0.559650 0.646231 0.556241 0.643174 0.554301 0.643342 0.551871 0.643342 0.550175 0.645142 0.549441 0.645687 0.551626 0.647306 0.551381 0.647668 0.549441 0.670168 0.547990 0.670531 0.546766 0.674119 0.547990 0.675026 0.548234 0.675751 0.549196 0.676101 0.554545
0 0.064974 0.794441 0.065104 0.798287 0.066140 0.798811 0.066528 0.801958 0.067176 0.802133 0.067694 0.804930 0.070026 0.807028 0.070285 0.811399 0.071969 0.811399 0.074819 0.807028 0.074948 0.805280 0.075855 0.803881 0.076503 0.801783 0.077798 0.800559 0.077798 0.800385 0.077409 0.797238 0.079741 0.795140 0.080000 0.791294 0.081684 0.790769 0.081166 0.786748 0.082850 0.785699 0.079093 0.784476 0.078705 0.783427 0.076762 0.783601 0.076762 0.785175 0.073394 0.785524 0.071969 0.783077 0.065104 0.783252 0.064326 0.785000 0.063420 0.782902 0.061477 0.783427 0.061088 0.789371
0 0.021606 0.674213 0.022513 0.676154 0.030026 0.675804 0.030026 0.674930 0.030803 0.673339 0.029508 0.673531 0.029378 0.669685 0.028083 0.669336 0.028342 0.665140 0.027565 0.664965 0.027435 0.661643 0.024585 0.657605 0.024456 0.653951 0.021865 0.654301 0.022124 0.657098 0.020052 0.656923 0.020052 0.658846 0.017979 0.660420 0.018238 0.664091 0.017202 0.665315 0.017202 0.666888 0.012539 0.672657 0.013705 0.673339 0.013834 0.674755
0 0.210648 0.675227 0.211166 0.685717 0.210259 0.685892 0.209741 0.690962 0.208187 0.690612 0.206891 0.688339 0.206114 0.688864 0.193938 0.674003 0.195492 0.672780 0.195622 0.671906 0.197435 0.671731 0.198472 0.670157 0.201192 0.669808 0.203264 0.668409 0.205078 0.668234 0.206244 0.666486 0.208834 0.666311 0.208575 0.664563 0.211813 0.663689 0.212202 0.666486 0.212332 0.674703
0 0.191865 0.583689 0.192124 0.587710 0.199249 0.606066 0.200155 0.609913 0.202487 0.610087 0.203264 0.609388 0.204819 0.608689 0.204560 0.605367 0.207539 0.602920 0.207280 0.599423 0.209741 0.597675 0.209741 0.594703 0.212591 0.591906 0.212202 0.585262 0.208446 0.585787 0.207539 0.584563 0.205596 0.584213 0.204819 0.585787 0.203135 0.585787 0.202487 0.584213 0.197953 0.583514 0.196528 0.585087 0.195492 0.584038
0 0.298083 0.588584 0.282021 0.608514 0.282668 0.611136 0.277876 0.617780 0.279560 0.617255 0.279948 0.619353 0.283446 0.618479 0.284352 0.620577 0.289016 0.620402 0.290570 0.622325 0.296140 0.621801 0.296917 0.623199 0.301580 0.623199 0.303005 0.625822 0.308575 0.625997 0.309352 0.627745 0.313627 0.627920 0.313497 0.621276 0.312073 0.618654 0.312461 0.616206 0.311036 0.616031 0.311036 0.606766 0.309223 0.605717 0.309223 0.601871 0.308316 0.601521 0.308187 0.599248 0.306762 0.598549 0.306891 0.593304 0.306114 0.592955 0.305725 0.589983 0.304430 0.589458 0.304430 0.583864 0.301192 0.583864 0.300674 0.585437 0.297953 0.585612
0 0.004119 0.404948 0.005415 0.405664 0.005544 0.408094 0.006062 0.408287 0.006593 0.411241 0.009301 0.414056 0.009430 0.417552 0.009573 0.417710 0.010725 0.421049 0.012927 0.422955 0.013459 0.425769 0.014870 0.426101 0.016425 0.428199 0.016813 0.426976 0.017461 0.425769 0.017720 0.423479 0.018899 0.422430 0.019288 0.418776 0.021606 0.415437 0.021606 0.413339 0.022902 0.412657 0.022902 0.409161 0.025376 0.406189 0.025492 0.404073 0.028472 0.400944 0.026412 0.399878 0.029378 0.398479 0.029262 0.393427 0.019016 0.393759 0.019016 0.391678 0.014482 0.391678 0.013834 0.393759 0.012668 0.391678 0.011373 0.391836 0.009573 0.393584 0.008653 0.392203 0.001917 0.392203 0.000233 0.393234 0.000764 0.394983 0.001528 0.397797 0.004508 0.399003
0 0.598899 0.330717 0.599288 0.333339 0.600324 0.333689 0.601231 0.342255 0.599547 0.344703 0.599028 0.342605 0.589443 0.342955 0.589054 0.335962 0.591127 0.335437 0.591904 0.331241 0.594754 0.326871 0.596697 0.326171
0 0.487358 0.601591 0.498238 0.601416 0.498497 0.607535 0.497332 0.608584 0.497720 0.614178 0.496425 0.614878 0.494611 0.626941 0.488653 0.619248 0.488523 0.616276 0.485933 0.613129 0.485933 0.610507 0.482047 0.604738 0.483212 0.605087 0.484767 0.604038 0.487358 0.603339
0 0.438135 0.515227 0.450959 0.514178 0.450440 0.518199 0.448627 0.518899 0.449663 0.528864 0.448368 0.528864 0.447461 0.533584 0.445130 0.533584 0.445000 0.531136 0.443187 0.531486 0.441114 0.528339 0.439041 0.527290 0.436192 0.519073
0 0.843161 0.782080 0.834482 0.793619 0.832150 0.793969 0.831762 0.790122 0.829560 0.787500 0.829301 0.784528 0.828005 0.783829 0.827617 0.775420 0.837720 0.773514 0.838109 0.775262 0.842642 0.776136 0.844715 0.778409 0.843290 0.779633
0 0.872111 0.946399 0.875220 0.945874 0.875350 0.953741 0.874443 0.953916 0.874573 0.957587 0.873666 0.957063 0.873666 0.959860 0.871593 0.960909 0.871852 0.963182 0.869132 0.968077 0.867448 0.968427 0.866412 0.965455 0.864080 0.963182 0.864080 0.960035 0.857992 0.952343 0.857474 0.949720 0.860065 0.949895 0.860324 0.948322 0.871982 0.947972
0 0.255725 0.728199 0.262720 0.716661 0.263238 0.713164 0.264145 0.712640 0.264275 0.710367 0.266218 0.710367 0.267513 0.711766 0.267513 0.714913 0.270363 0.717535 0.270492 0.719983 0.272047 0.720507 0.271917 0.723304 0.272824 0.723479 0.272953 0.728899 0.257280 0.728724
0 0.429715 0.502115 0.430363 0.559633 0.425440 0.565577 0.417021 0.554388 0.390337 0.532885 0.389301 0.532885 0.388912 0.529913 0.420648 0.505962 0.420907 0.504038 0.422850 0.501766 0.425699 0.499668 0.427383 0.499668
0 0.285078 0.113497 0.288834 0.118392 0.287798 0.119266 0.286244 0.122762 0.284041 0.122063 0.283135 0.124161 0.278990 0.124510 0.278212 0.110699 0.280285 0.110350 0.281192 0.112622 0.283264 0.111923 0.283523 0.113846
0 0.966088 0.721101 0.967124 0.722500 0.967254 0.724423 0.968938 0.726171 0.968938 0.736661 0.966477 0.738934 0.965699 0.741206 0.964663 0.738759 0.961684 0.739633 0.961425 0.738059 0.959223 0.737535 0.957539 0.734913 0.951839 0.733689 0.956244 0.727570 0.957539 0.727570 0.963756 0.719528 0.965699 0.717955
0 0.881865 0.038969 0.881865 0.044580 0.882513 0.045280 0.882642 0.047028 0.884715 0.048252 0.884845 0.052622 0.886269 0.054196 0.886269 0.064318 0.884845 0.064860 0.883549 0.066783 0.880181 0.066259 0.878368 0.062762 0.877720 0.064685 0.874741 0.064685 0.873705 0.063444 0.872280 0.063112 0.871503 0.062063 0.869819 0.061538 0.868782 0.059948 0.867098 0.060140 0.864508 0.056451 0.865674 0.054895 0.866580 0.050332 0.869301 0.050699 0.869560 0.047902 0.874482 0.040385 0.876295 0.040385 0.876813 0.038811
0 0.913083 0.066434 0.913212 0.069563 0.910492 0.070804 0.911788 0.072902 0.911917 0.073776 0.909456 0.076399 0.911788 0.080052 0.912176 0.083549 0.910751 0.083916 0.910751 0.088287 0.907772 0.090909 0.911917 0.091259 0.911010 0.092832 0.910881 0.094913 0.908420 0.095979 0.908679 0.098951 0.910233 0.099283 0.910751 0.107692 0.912824 0.108217 0.913342 0.103846 0.914896 0.103654 0.915415 0.101748 0.918264 0.101224 0.918394 0.100000 0.921373 0.099283 0.922280 0.097535 0.925907 0.097378 0.926036 0.096503 0.929275 0.096661 0.929663 0.094406 0.933679 0.094038 0.937694 0.087762 0.936658 0.087587 0.936658 0.083741 0.934456 0.083217 0.934456 0.080420 0.931736 0.080927 0.931606 0.079371 0.929275 0.078846 0.923057 0.070105 0.921503 0.070280 0.920984 0.069056 0.918912 0.068007 0.917746 0.066259
0 0.901813 0.285787 0.901166 0.291206 0.899741 0.292955 0.902591 0.293479 0.903238 0.305717 0.904534 0.307465 0.905959 0.307290 0.906865 0.306066 0.908420 0.305892 0.912176 0.300647 0.913990 0.300647 0.913860 0.297150 0.915674 0.297500 0.918005 0.295227 0.917876 0.292080 0.915933 0.292080 0.915674 0.290332 0.913342 0.291031 0.913212 0.289108 0.908290 0.288934 0.908679 0.286311 0.902979 0.286486
0 0.885751 0.257640 0.885363 0.266381 0.886528 0.267080 0.887047 0.273549 0.888342 0.274773 0.888990 0.278444 0.890415 0.280717 0.894689 0.281591 0.894560 0.278444 0.896373 0.278094 0.905181 0.266906 0.905052 0.263409 0.903497 0.260962 0.899611 0.261136 0.898834 0.258514 0.896891 0.258514 0.896373 0.256766 0.891062 0.256766 0.890674 0.254843 0.888083 0.254843
