1 0.529223 0.608059 0.526373 0.608584 0.525984 0.612080 0.527668 0.613129 0.528834 0.615577 0.528834 0.618024 0.532979 0.624318 0.533109 0.626416 0.537124 0.627640 0.540363 0.622920 0.540363 0.620297 0.541399 0.620122 0.541140 0.615227 0.542565 0.615052 0.542306 0.608234 0.540881 0.607885 0.539067 0.606661 0.538679 0.609283 0.538031 0.608234 0.538031 0.606661 0.530907 0.606661
0 0.870142 0.034353 0.866775 0.056906 0.868459 0.059878 0.883225 0.050437 0.883225 0.048689
1 0.116269 0.000000 0.119417 0.005664 0.124987 0.005140 0.131205 0.013881 0.134573 0.013881 0.134573 0.010909 0.136256 0.009860 0.135842 0.000000
1 0.000000 0.110175 0.008497 0.104038 0.011179 0.106154 0.005596 0.137517 0.002915 0.137220 0.002694 0.133899 0.000000 0.132343
1 0.021153 0.141748 0.018446 0.142535 0.016503 0.145997 0.018303 0.148636 0.018303 0.151678 0.021606 0.155927 0.023109 0.154510 0.023407 0.152885 0.028653 0.152692 0.030609 0.156329 0.037811 0.154895 0.040363 0.150245 0.032409 0.127570 0.028964 0.127570 0.026256 0.130594 0.026412 0.133636 0.025052 0.134650 0.024909 0.136888
1 0.046075 0.162605 0.052824 0.163024 0.053731 0.165455 0.055984 0.164843 0.056878 0.165455 0.060933 0.165455 0.062889 0.167675 0.067085 0.172745 0.066788 0.174371 0.066334 0.176801 0.061528 0.181434 0.061528 0.184476 0.055078 0.193007 0.052526 0.193811 0.051321 0.194406 0.049378 0.189755 0.048472 0.186521 0.048018 0.181049 0.046671 0.178619 0.046671 0.168077 0.045622 0.168287
1 0.012293 0.246294 0.008394 0.246084 0.006438 0.249301 0.006736 0.253182 0.005687 0.254388 0.005389 0.264703 0.007189 0.267360 0.014391 0.262500 0.018148 0.262500 0.017694 0.257640 0.014845 0.251958
1 0.048277 0.221469 0.050479 0.220245 0.050609 0.218671 0.055013 0.218497 0.056049 0.216923 0.056697 0.220420 0.057345 0.221119 0.057733 0.226538 0.057215 0.226538 0.056308 0.232675 0.055402 0.234073 0.053459 0.234248 0.048277 0.226014
1 0.060065 0.190332 0.073031 0.190332 0.074456 0.191906 0.076399 0.192605 0.076528 0.197150 0.075363 0.197325 0.075104 0.200839 0.074326 0.201014 0.073938 0.202762 0.072383 0.205210 0.070829 0.206434 0.072254 0.208881 0.067073 0.215699 0.064870 0.211154 0.063821 0.207657 0.062785 0.202937 0.058769 0.192955
1 0.107513 0.170559 0.108031 0.179493 0.106477 0.179843 0.106736 0.186836 0.105039 0.187535 0.105039 0.196626 0.103873 0.197150 0.104132 0.202063 0.111528 0.202063 0.112694 0.205734 0.111528 0.208182 0.110751 0.208357 0.111528 0.209580 0.111658 0.212028 0.116192 0.212902 0.116580 0.209580 0.126166 0.186136 0.122021 0.181416 0.121891 0.176521 0.120207 0.174948 0.117228 0.175472 0.116321 0.177045 0.115415 0.174423 0.113212 0.174423 0.111010 0.170909
1 0.105570 0.223392 0.105039 0.225315 0.104003 0.225315 0.104003 0.238794 0.104650 0.238794 0.104909 0.244563 0.110233 0.244213 0.118264 0.232325 0.118005 0.230752 0.115285 0.227238 0.112176 0.227587 0.110881 0.225664 0.108290 0.225839
1 0.069534 0.256626 0.066295 0.257150 0.057863 0.268357 0.058640 0.270455 0.053199 0.277448 0.053070 0.279720 0.051904 0.280594 0.052552 0.282867 0.053329 0.283217 0.053459 0.289003 0.051904 0.290227 0.052034 0.294598 0.053459 0.295297 0.053847 0.296696 0.057474 0.296346 0.057863 0.295472 0.062008 0.295297 0.062008 0.293024 0.068886 0.293549 0.070181 0.291976 0.072124 0.291976 0.072383 0.289528 0.077694 0.290402 0.077694 0.287605 0.080674 0.283566 0.079249 0.282517 0.078990 0.269056 0.077565 0.269231 0.077694 0.258916 0.076528 0.259091 0.075492 0.257150 0.074845 0.258741 0.070829 0.258566
1 0.119041 0.325210 0.116321 0.325035 0.111269 0.331154 0.111658 0.333601 0.110492 0.335175 0.115285 0.340420 0.118135 0.340420 0.120337 0.342517 0.124482 0.342692 0.124482 0.322587 0.119819 0.323112
1 0.000000 0.353409 0.001036 0.352483 0.001813 0.350734 0.007772 0.351434 0.007902 0.362098 0.006736 0.362622 0.006736 0.369790 0.009974 0.374161 0.011788 0.374336 0.012047 0.369441 0.012565 0.368392 0.012953 0.365070 0.015026 0.364720 0.015803 0.366993 0.020207 0.367168 0.023187 0.373986 0.023057 0.384650 0.022927 0.385350 0.022150 0.386049 0.020207 0.384126 0.015155 0.383427 0.009845 0.376608 0.009715 0.381853 0.007902 0.384476 0.004016 0.384301 0.003109 0.382028 0.002979 0.387448 0.001684 0.388671 0.001813 0.391294 0.000389 0.392168 0.000000 0.363164
1 0.043782 0.449860 0.046891 0.447587 0.050907 0.447063 0.051166 0.446364 0.056995 0.445839 0.056995 0.446538 0.057902 0.447937 0.057642 0.451608 0.057254 0.452832 0.056736 0.459301 0.056347 0.460874 0.055959 0.465070 0.054534 0.465070 0.054016 0.468217 0.053238 0.468217 0.049093 0.463671 0.047150 0.463322 0.047280 0.459126 0.043912 0.455979
1 0.000000 0.525332 0.000907 0.524336 0.002720 0.523986 0.011399 0.515594 0.013731 0.516119 0.014378 0.519266 0.015285 0.519790 0.015415 0.546014 0.014508 0.547063 0.009715 0.546713 0.008549 0.544615 0.008161 0.547587 0.006736 0.545490 0.003627 0.544091 0.002591 0.541818 0.000259 0.542692 0.000000 0.537098
1 0.011140 0.665070 0.013342 0.660874 0.013342 0.659126 0.016839 0.654056 0.023316 0.653881 0.023575 0.655629 0.033938 0.655105 0.035104 0.657028 0.036788 0.657727 0.037176 0.661748 0.036788 0.663147 0.036269 0.666119 0.034974 0.666993 0.034845 0.668916 0.034197 0.669266 0.033420 0.672413 0.027461 0.680629 0.026684 0.679406 0.024870 0.676084 0.023834 0.675210 0.023834 0.671364 0.021762 0.670140 0.021373 0.668042 0.015155 0.668042 0.014508 0.666643
1 0.000000 0.671329 0.006477 0.670839 0.006736 0.672063 0.011269 0.672587 0.014767 0.678182 0.016192 0.679056 0.016451 0.680280 0.023446 0.680629 0.023057 0.685000 0.022409 0.685699 0.020725 0.689895 0.018523 0.697587 0.012824 0.704580 0.012047 0.704580 0.011917 0.699860 0.010363 0.698462 0.010622 0.695490 0.009197 0.695315 0.007513 0.691818 0.005959 0.692517 0.005052 0.696364 0.002720 0.696014 0.000000 0.691521
1 0.000000 0.709493 0.003886 0.715070 0.003756 0.722587 0.000518 0.721888 0.000000 0.713374
1 0.072021 0.679755 0.068782 0.680280 0.068653 0.683252 0.067876 0.684476 0.067876 0.687622 0.066839 0.689720 0.066192 0.691643 0.065155 0.692168 0.064896 0.695315 0.063601 0.696364 0.063472 0.698287 0.061269 0.701434 0.060751 0.705629 0.059067 0.707203 0.061528 0.708427 0.062176 0.710874 0.066321 0.711573 0.067358 0.709650 0.069689 0.709650 0.071114 0.710874 0.073446 0.709825 0.082642 0.709476 0.084197 0.705804 0.083161 0.704755 0.083031 0.699510 0.081088 0.699510 0.080440 0.696888 0.078886 0.696014 0.079275 0.693217 0.075907 0.689545
1 0.088601 0.618916 0.087047 0.621014 0.086140 0.621888 0.086010 0.631503 0.084585 0.632727 0.084197 0.642692 0.085363 0.643042 0.085492 0.644266 0.090803 0.644441 0.091580 0.642867 0.094301 0.642343 0.095337 0.641469 0.097668 0.640769 0.098057 0.639021 0.099223 0.639545 0.099741 0.635175 0.101554 0.635000 0.099611 0.631329 0.096891 0.631329 0.097409 0.628182 0.091192 0.620839 0.089896 0.621014
1 0.045738 0.757028 0.044624 0.757028 0.041632 0.764073 0.039573 0.768549 0.038161 0.772168 0.037992 0.774510 0.039417 0.778776 0.043834 0.778986 0.044624 0.777920 0.045583 0.779196 0.052215 0.776014 0.052837 0.772815 0.052370 0.771748 0.050311 0.765559
1 0.056321 0.831434 0.062953 0.832273 0.063420 0.829720 0.068640 0.825682 0.073057 0.825035 0.075117 0.829091 0.076218 0.830367 0.075907 0.835472 0.075583 0.836329 0.074793 0.838881 0.073057 0.839528 0.072267 0.841241 0.070376 0.841241 0.069430 0.845070 0.064689 0.842937 0.061684 0.849755 0.057733 0.848689 0.058523 0.845927 0.057111 0.843374 0.057111 0.840804 0.055687 0.839108 0.055997 0.838042 0.054417 0.837395
1 0.044003 0.849965 0.044469 0.858497 0.042578 0.858497 0.042889 0.860000 0.043834 0.860629 0.044469 0.866608 0.047630 0.866608 0.049054 0.864248 0.053161 0.860000 0.053316 0.857867 0.054585 0.856154 0.050479 0.852745 0.048109 0.850402
1 0.054106 0.870857 0.047319 0.871294 0.046049 0.872780 0.042889 0.872780 0.043044 0.875122 0.044793 0.877465 0.047630 0.884301 0.048420 0.885367 0.051736 0.886206 0.051736 0.884510 0.052681 0.878759 0.054262 0.879388
1 0.073847 0.859773 0.075738 0.860420 0.078109 0.857010 0.079689 0.857430 0.080324 0.854878 0.091697 0.854878 0.093277 0.857010 0.093277 0.865752 0.092163 0.867238 0.090751 0.867028 0.090596 0.875769 0.089482 0.877255 0.086166 0.877465 0.083951 0.873636 0.079223 0.868951 0.076528 0.868951 0.074158 0.863409
1 0.147448 0.000000 0.147655 0.002867 0.151153 0.006014 0.155039 0.006538 0.155816 0.009860 0.157759 0.007413 0.159573 0.005839 0.159417 0.000000
1 0.136645 0.890979 0.140000 0.888514 0.143044 0.888514 0.146554 0.886031 0.148381 0.880892 0.156308 0.888916 0.155842 0.890979 0.161788 0.899003 0.161632 0.901469 0.157668 0.901469 0.156153 0.904545 0.153718 0.904143 0.153562 0.905577 0.145324 0.905997 0.140907 0.907010 0.140609 0.905787 0.138472 0.902500 0.138782 0.896521 0.138782 0.896731
1 0.134210 0.932115 0.152798 0.924913 0.152345 0.945490 0.151878 0.946101 0.149598 0.950629 0.147772 0.950210 0.146852 0.948357 0.145635 0.948776
1 0.155842 0.965437 0.154780 0.968112 0.154326 0.968934 0.155233 0.970997 0.154780 0.973252 0.154469 0.973864 0.154624 0.983339 0.155544 0.984773 0.155699 0.987657 0.163316 0.982920 0.163161 0.980455 0.164534 0.980455 0.166205 0.978601 0.166969 0.975717 0.167733 0.974073
1 0.203394 0.987657 0.203795 1.000000 0.222915 1.000000 0.222746 0.996696
1 0.017306 0.924510 0.014870 0.924703 0.007863 0.939930 0.008316 0.943427 0.012280 0.947955 0.017306 0.949808 0.017772 0.947955 0.022034 0.946713 0.022798 0.946101 0.026917 0.941993 0.025389 0.939318 0.025078 0.936224 0.020972 0.931294 0.020972 0.928619 0.018225 0.929441
1 0.078148 0.876049 0.077759 0.883392 0.079573 0.886014 0.080220 0.890210 0.082552 0.890385 0.083977 0.892832 0.084236 0.890559 0.084624 0.887937 0.084624 0.886014 0.084236 0.883392 0.083977 0.881294 0.081904 0.881643 0.081256 0.878322
1 0.206580 0.904038 0.206321 0.916801 0.207228 0.918024 0.207228 0.920647 0.210984 0.920647 0.211503 0.918724 0.212409 0.915752 0.215130 0.913654 0.214482 0.908934 0.213316 0.908234 0.210855 0.901941 0.207098 0.901591
1 0.201140 0.880787 0.201269 0.889703 0.199974 0.890752 0.200104 0.892325 0.201010 0.893374 0.201010 0.896871 0.205674 0.892675 0.205026 0.885857
1 0.229767 0.896871 0.229896 0.904038 0.230803 0.905262 0.231062 0.917325 0.231580 0.918024 0.232358 0.921171 0.234689 0.922745 0.237150 0.919598 0.238834 0.919598 0.246347 0.909108 0.246347 0.908059 0.246995 0.904913 0.246088 0.904038 0.243756 0.903864 0.241684 0.901066 0.235078 0.897220 0.231451 0.895472
1 0.136412 0.650734 0.136153 0.665944 0.137319 0.667010 0.138096 0.668409 0.141334 0.665594 0.143407 0.665787 0.144184 0.674878 0.143018 0.675402 0.143018 0.677832 0.139003 0.678024 0.137189 0.680997 0.136671 0.683776 0.135894 0.684650 0.137319 0.686049 0.137060 0.696014 0.143277 0.692168 0.144313 0.694441 0.155324 0.683951 0.157655 0.683776 0.157915 0.682745 0.160117 0.681678 0.160376 0.674336 0.158044 0.674528 0.157526 0.670664 0.149624 0.660350 0.148977 0.656678 0.141982 0.648112 0.137319 0.648112
1 0.096282 0.368269 0.105842 0.373199 0.105984 0.363916 0.112163 0.363339 0.114845 0.365420 0.117370 0.370734 0.116813 0.372640 0.116671 0.375490 0.114417 0.375857 0.111179 0.381171 0.109637 0.380979 0.108510 0.382885 0.107111 0.380979 0.101619 0.384580 0.101347 0.391801 0.101205 0.396346 0.105699 0.396731 0.106127 0.407920 0.104158 0.409825 0.103873 0.426713 0.100777 0.426713 0.099093 0.425944 0.096839 0.423479 0.078290 0.414563 0.076179 0.413811 0.071114 0.407552 0.079417 0.398059 0.081658 0.398252 0.086580 0.390857 0.089249 0.389143 0.091503 0.385542 0.093614 0.385909 0.096282 0.381556
1 0.080674 0.354615 0.084469 0.354231 0.090518 0.366189 0.090518 0.369598 0.089676 0.371311 0.085881 0.372640 0.085738 0.373776 0.077591 0.374161 0.077448 0.369598 0.078148 0.362955 0.078847 0.358969
0 0.975583 0.004283 0.975583 0.029458 0.996826 0.016871 0.981062 0.000000 0.977539 0.000000
1 0.194443 0.541713 0.194184 0.539441 0.190946 0.539441 0.190168 0.541364 0.187448 0.542937 0.187189 0.543986 0.188484 0.545035 0.187060 0.546783 0.187060 0.552552 0.187966 0.553252 0.187837 0.555350 0.191075 0.555175 0.192500 0.557098 0.193277 0.557098 0.195738 0.560245 0.196256 0.555874 0.196645 0.554126 0.196904 0.541888
1 0.168018 0.552378 0.173847 0.552378 0.174106 0.557972 0.171256 0.561294 0.171127 0.575280 0.168925 0.576329 0.166982 0.580874 0.165946 0.580175 0.158821 0.585420 0.154935 0.580699 0.154417 0.576678 0.154547 0.572832 0.152345 0.571434 0.149236 0.571084 0.147681 0.569860 0.146904 0.566364 0.140557 0.558671 0.142111 0.557098 0.142889 0.557972 0.148459 0.549930 0.149106 0.550979 0.151697 0.548357 0.152085 0.538217 0.153122 0.537867 0.153122 0.535594 0.154417 0.538741 0.158692 0.538042 0.159728 0.541189 0.164262 0.540140 0.165946 0.542238 0.167759 0.541888 0.168407 0.543462 0.170479 0.543287 0.170350 0.548357 0.164650 0.556224 0.162578 0.557098 0.162578 0.560245 0.164650 0.559720 0.165557 0.558671 0.166852 0.557098 0.164780 0.555699
1 0.216075 0.615839 0.215946 0.625455 0.210117 0.626154 0.210246 0.655874 0.211282 0.658497 0.213873 0.656399 0.216852 0.655524 0.226826 0.645385 0.229417 0.644685 0.230324 0.642238 0.230065 0.640140 0.234728 0.639266 0.234598 0.635944 0.237189 0.634021 0.236801 0.630524 0.235246 0.631224 0.234987 0.624580
1 0.196399 0.670629 0.209870 0.658636 0.209870 0.661818 0.210518 0.661818 0.210648 0.680332 0.205026 0.679283 0.202811 0.677168 0.199676 0.675927 0.198627 0.672920
1 0.215091 0.687395 0.217707 0.687028 0.219922 0.689336 0.223459 0.690385 0.229197 0.694615 0.223459 0.702028 0.222927 0.705559 0.220972 0.707133 0.213135 0.707133 0.213394 0.705017 0.210907 0.700612 0.210907 0.697972 0.209598 0.697080 0.212085 0.694266 0.212085 0.689143
1 0.207383 0.726014 0.207642 0.733584 0.206334 0.733776 0.206464 0.744703 0.205026 0.744703 0.204896 0.755280 0.203718 0.755280 0.203459 0.759685 0.206464 0.763217 0.210000 0.763934 0.210130 0.765682 0.211697 0.763566 0.216399 0.762517 0.218744 0.761626 0.225155 0.755455 0.227241 0.755105 0.231813 0.748759 0.231425 0.746818 0.229469 0.746294 0.226982 0.742937 0.226062 0.739406 0.225544 0.738881 0.225285 0.735175 0.223187 0.733776 0.222409 0.728829 0.218484 0.729178 0.217707 0.730245 0.216010 0.730594 0.215350 0.729178 0.212733 0.728829 0.211036 0.725122
1 0.249715 0.752290 0.249845 0.757045 0.251023 0.758986 0.251541 0.765507 0.252850 0.767622 0.255855 0.767273 0.257293 0.765507 0.258083 0.765332 0.260427 0.761801 0.260427 0.760927 0.260959 0.760227 0.260959 0.754930 0.259521 0.754930 0.258601 0.752640 0.256904 0.752640 0.256516 0.751049
1 0.254948 0.786329 0.252073 0.788269 0.252461 0.803077 0.251671 0.803776 0.251813 0.810664 0.252979 0.812430 0.257034 0.812238 0.258860 0.810122 0.263303 0.809248 0.265661 0.806608 0.268005 0.805892 0.268135 0.802552 0.269054 0.801136 0.268795 0.798497 0.266567 0.798671 0.265402 0.795140 0.263562 0.795490 0.260039 0.790385 0.258601 0.790559
1 0.232927 0.793654 0.231969 0.797797 0.230246 0.800385 0.228912 0.801923 0.227759 0.806066 0.226231 0.808392 0.225842 0.816154 0.228148 0.816661 0.235039 0.804003 0.235427 0.802710 0.235803 0.796766
1 0.340790 0.799336 0.338873 0.822605 0.340972 0.823654 0.343847 0.820804 0.347111 0.820804 0.353808 0.816154 0.353433 0.811748 0.347876 0.805542
0 1.000000 0.100105 0.989184 0.106206 1.000000 0.122028
1 0.370479 0.779685 0.369909 0.782535 0.372008 0.784860 0.373925 0.792360 0.372966 0.797535 0.375078 0.798566 0.376231 0.804248 0.378912 0.804510 0.383122 0.798042 0.383122 0.795210 0.383692 0.794423 0.388290 0.789266 0.388290 0.783829 0.384650 0.783059 0.383886 0.780979 0.377759 0.781766 0.377370 0.779178
1 0.340790 0.853374 0.358601 0.854668 0.358601 0.859580 0.355350 0.866573 0.355350 0.868899 0.348640 0.877430 0.346528 0.876906
1 0.293264 0.968619 0.292746 0.970542 0.291580 0.970542 0.291839 0.980507 0.293005 0.981731 0.293005 0.983829 0.301295 0.996591 0.302202 0.995017 0.302850 0.993811 0.302720 0.988566 0.298575 0.982255 0.297539 0.978951 0.296503 0.978234 0.296503 0.976329 0.295596 0.974738 0.295078 0.970542
1 0.365803 0.964773 0.365544 0.971084 0.364508 0.972990 0.364767 0.974388 0.362953 0.975612 0.363212 0.994318 0.361528 0.994685 0.361231 1.000000 0.380479 1.000000 0.380311 0.998514 0.388472 0.992220 0.388472 0.990122 0.383420 0.983654 0.383808 0.982605 0.382772 0.980157 0.381995 0.975787 0.380959 0.975087 0.381218 0.974388 0.382513 0.973864 0.382124 0.966346 0.380699 0.966346 0.380570 0.965297 0.379016 0.966346 0.371503 0.966346 0.370855 0.964773 0.369171 0.964598 0.367487 0.962850
1 0.382254 0.867395 0.382383 0.879983 0.383031 0.881049 0.383679 0.884003 0.385492 0.884003 0.386010 0.882605 0.389637 0.882080 0.390674 0.879808 0.393523 0.879808 0.393523 0.876136 0.395466 0.874930 0.394560 0.872815 0.392228 0.872308 0.392487 0.870559 0.389119 0.870717 0.387565 0.869318 0.387435 0.865822
1 0.444016 0.760280 0.452176 0.775315 0.456438 0.763776 0.456567 0.763427 0.456969 0.757483 0.453083 0.757308 0.451904 0.759580 0.451140 0.758881 0.450350 0.756608 0.446205 0.757308
1 0.457358 0.744545 0.469016 0.741224 0.467578 0.748392 0.467332 0.753462 0.465130 0.754860 0.462267 0.754161 0.461101 0.749091
1 0.527811 0.691573 0.527811 0.695944 0.529365 0.697692 0.528601 0.698916 0.527422 0.698741 0.527422 0.706084 0.529365 0.706084 0.530013 0.708881 0.539469 0.698217 0.538692 0.695594 0.537137 0.695594 0.536101 0.694196 0.531956 0.692622
1 0.542060 0.685455 0.544262 0.683531 0.547642 0.683357 0.548290 0.682483 0.552824 0.681958 0.553718 0.679860 0.554119 0.681434 0.554883 0.682133 0.555155 0.688252 0.554624 0.688427 0.554365 0.692622 0.553472 0.694720 0.553329 0.697168 0.551528 0.699790 0.544404 0.690524 0.544404 0.687902
1 0.554508 0.711503 0.558005 0.711329 0.561101 0.705909 0.563044 0.705385 0.567319 0.702762 0.568225 0.703287 0.568368 0.706434 0.569663 0.706434 0.569404 0.724266 0.565130 0.723392 0.564339 0.722343 0.563044 0.721818 0.560984 0.720070 0.560842 0.717972 0.557863 0.718322 0.554624 0.713252
1 0.540518 0.651014 0.547383 0.645070 0.550091 0.645070 0.550881 0.647168 0.551269 0.657832 0.550622 0.657832 0.550479 0.660105 0.546593 0.660455 0.544145 0.655909 0.542202 0.655210 0.540635 0.653462
1 0.224404 0.497692 0.227513 0.497867 0.228290 0.499790 0.229585 0.498042 0.232176 0.497343 0.232047 0.494545 0.233860 0.494371 0.232435 0.492448 0.231917 0.490524 0.230751 0.489126 0.230104 0.485804 0.228679 0.485979 0.228161 0.483706 0.224404 0.487727 0.224404 0.490699 0.222720 0.492622 0.224016 0.494371
0 0.832785 0.574965 0.847927 0.586521 0.848588 0.562850
1 0.506438 0.552587 0.510842 0.548916 0.513964 0.548916 0.514611 0.547517 0.519003 0.546818 0.519145 0.545594 0.525622 0.545594 0.525868 0.543671 0.534041 0.544021 0.534158 0.546469 0.532345 0.547168 0.532345 0.553462 0.531308 0.554685 0.530803 0.560979 0.529754 0.561503 0.530013 0.567797 0.528860 0.568497 0.528459 0.571294 0.527034 0.574266 0.521982 0.573566 0.521593 0.571119 0.517707 0.571469 0.517060 0.570070 0.513964 0.570245 0.512785 0.568497 0.510324 0.567797 0.510078 0.566399 0.509028 0.565524 0.509430 0.563252 0.511231 0.562552 0.509288 0.561329 0.509676 0.558881 0.507876 0.558357 0.507876 0.555385
1 0.540117 0.524615 0.539728 0.525839 0.536490 0.526189 0.533782 0.529685 0.532604 0.529685 0.532215 0.535455 0.535078 0.538776 0.535078 0.541224 0.537526 0.543671 0.541166 0.539825 0.541412 0.535629 0.542966 0.535105 0.542850 0.531259 0.544521 0.531259 0.543225 0.529860 0.542578 0.525490
1 0.503990 0.500140 0.505933 0.499790 0.510194 0.494545 0.511373 0.495245 0.511762 0.493322 0.514858 0.493497 0.514858 0.495245 0.516153 0.496818 0.516153 0.510629 0.510324 0.509755 0.509547 0.507308 0.506956 0.506608 0.504106 0.502762 0.504106 0.502762
1 0.481969 0.481434 0.484171 0.480559 0.484676 0.479161 0.489469 0.478636 0.489741 0.477413 0.494650 0.477762 0.494780 0.483881 0.493744 0.483881 0.493484 0.490699 0.492332 0.491399 0.492332 0.492448 0.488562 0.492273
1 0.398679 0.444021 0.393744 0.443671 0.392966 0.445070 0.392448 0.446119 0.392448 0.450140 0.394145 0.452413 0.394793 0.455559 0.397383 0.456084 0.400220 0.459755 0.401775 0.460455 0.401127 0.462902 0.403459 0.462378 0.407604 0.468497 0.408640 0.465874 0.409041 0.465000 0.409041 0.460979 0.407992 0.460455 0.407746 0.458706 0.404754 0.454685 0.405803 0.453811 0.401010 0.447692 0.399067 0.447517
1 0.294145 0.566748 0.294262 0.598042 0.295699 0.599965 0.299184 0.599441 0.301127 0.595769 0.316023 0.583182 0.316166 0.579860 0.313575 0.579860 0.311749 0.577063 0.310596 0.576364 0.310453 0.564650 0.308769 0.562203 0.303588 0.567098 0.299702 0.566399 0.299326 0.564825 0.295946 0.564825
1 0.271852 0.538252 0.269909 0.538252 0.269534 0.536678 0.264858 0.536503 0.263433 0.538601 0.263433 0.545769 0.266671 0.546818 0.266554 0.552413 0.268355 0.552937 0.268614 0.566049 0.270440 0.566748 0.271334 0.572168 0.274067 0.569021 0.273679 0.564301 0.276010 0.564825 0.276516 0.562552 0.281049 0.563077 0.281308 0.560455 0.283394 0.560979 0.283782 0.558531 0.284689 0.561154 0.287021 0.560804 0.289223 0.558531 0.288964 0.556259 0.287785 0.555559 0.287021 0.554161 0.284041 0.554510 0.283510 0.556084 0.282863 0.554860 0.280661 0.550315 0.278718 0.546643 0.277953 0.543671 0.276658 0.541748 0.273925 0.541923 0.272124 0.543846
1 0.217720 0.575140 0.218096 0.583531 0.216153 0.584755 0.217189 0.585804 0.218096 0.588776 0.220311 0.591049 0.220959 0.590175 0.223161 0.587203 0.223161 0.585804 0.223666 0.584580 0.223549 0.578986 0.222902 0.577937 0.222370 0.574615
1 0.231826 0.550315 0.238446 0.550839 0.238303 0.548741 0.243484 0.549615 0.243238 0.554336 0.242189 0.555210 0.241943 0.559580 0.238705 0.559056 0.237915 0.561329 0.235972 0.560979 0.235855 0.558881 0.231697 0.554510 0.229495 0.559406 0.224573 0.552762 0.224054 0.550315 0.223161 0.549441 0.223161 0.547692 0.221723 0.546119 0.225609 0.542273 0.230402 0.541748 0.230933 0.544021 0.231580 0.544021
1 0.013070 0.020699 0.016049 0.021049 0.017085 0.029790 0.015531 0.030140 0.015661 0.032587 0.013459 0.032937 0.011775 0.035385 0.012034 0.031364 0.009961 0.029790 0.010609 0.022622 0.013199 0.023322
1 0.124547 0.431626 0.129858 0.439493 0.139443 0.438794 0.140738 0.442115 0.140479 0.445962 0.139573 0.446136 0.140091 0.452080 0.139054 0.452780 0.138795 0.457850 0.136710 0.458024 0.136982 0.460647 0.135816 0.461696 0.135415 0.466941 0.134650 0.468864 0.130764 0.468864 0.129210 0.464843 0.127785 0.462920 0.126619 0.462920 0.121956 0.456276 0.117422 0.453304 0.114443 0.451731
1 0.177513 0.410297 0.177513 0.415717 0.186982 0.445437 0.188925 0.446311 0.192552 0.440017 0.192552 0.438094 0.203303 0.417640 0.202526 0.414843 0.200453 0.413619 0.198769 0.412570 0.192409 0.412220 0.192163 0.411346
1 0.167798 0.367465 0.176101 0.356976 0.179339 0.356626 0.180505 0.359948 0.181153 0.360297 0.181153 0.368689 0.182837 0.369913 0.182694 0.377430 0.181399 0.379528 0.179456 0.379703 0.178692 0.377255 0.176101 0.377955 0.175324 0.375682 0.172979 0.376206 0.172474 0.373934 0.170790 0.374108 0.170013 0.372885 0.168718 0.371661
1 0.141386 0.335647 0.147604 0.335472 0.147992 0.333899 0.162889 0.334073 0.163264 0.335472 0.165738 0.335647 0.165350 0.339668 0.155246 0.365017 0.152254 0.365017 0.150712 0.362745 0.150194 0.359423
1 0.165207 0.242465 0.169624 0.242815 0.169883 0.241416 0.171956 0.241241 0.172863 0.238969 0.175972 0.243339 0.175972 0.250157 0.177396 0.252605 0.177915 0.254528 0.178562 0.255052 0.178951 0.261871 0.177396 0.261871 0.177396 0.265192 0.178562 0.265542 0.178951 0.269913 0.179987 0.271311 0.180751 0.275157 0.179210 0.276906 0.179080 0.279178 0.177655 0.280402 0.176749 0.282325 0.175570 0.290542 0.173769 0.290717 0.173381 0.288794 0.172733 0.288619 0.172332 0.274458 0.170920 0.274108 0.169741 0.276206 0.160557 0.276381 0.160557 0.276381 0.159521 0.274633 0.152785 0.273584 0.152785 0.272535 0.149935 0.270787 0.149547 0.269038 0.150194 0.265892 0.150194 0.263969 0.157966 0.254528 0.157966 0.252955 0.159650 0.251381 0.159132 0.242990 0.160816 0.241066 0.163795 0.242465
1 0.188018 0.284948 0.187759 0.286696 0.188925 0.288969 0.189054 0.290892 0.185285 0.295262 0.185168 0.298234 0.184391 0.299458 0.183873 0.307325 0.188148 0.312920 0.192811 0.312920 0.195000 0.309073 0.196697 0.308374 0.196295 0.307150 0.195402 0.306101 0.196438 0.304878 0.196697 0.301381 0.198510 0.299458 0.198122 0.297535 0.202124 0.290542 0.201360 0.288094 0.199935 0.286696 0.197474 0.287045 0.197085 0.284423
1 0.147047 0.218269 0.144715 0.218619 0.144326 0.228409 0.145492 0.229108 0.145104 0.232605 0.148731 0.232780 0.149637 0.230507 0.149896 0.229808 0.149767 0.222115 0.148212 0.220892
1 0.165959 0.221416 0.160907 0.225262 0.160777 0.229458 0.164016 0.234003 0.166995 0.229458 0.166995 0.227010 0.168808 0.226136 0.166865 0.225612
1 0.197694 0.226661 0.199249 0.225437 0.200155 0.227535 0.201969 0.227535 0.202617 0.229983 0.202228 0.233654 0.202228 0.234878 0.201710 0.236976 0.198472 0.236626 0.194974 0.231381 0.194974 0.228584 0.197176 0.229283
1 0.176580 0.154458 0.187461 0.147115 0.192642 0.147465 0.192902 0.156381 0.191736 0.157430 0.191477 0.169493 0.189793 0.171416 0.186425 0.171066 0.185907 0.168794 0.184093 0.165647 0.181762 0.165647 0.175933 0.157605 0.175933 0.157605
1 0.023174 0.064755 0.016697 0.064930 0.014883 0.067028 0.015142 0.068252 0.016697 0.068951 0.015661 0.071748 0.017345 0.072098 0.017604 0.077692 0.018640 0.079615 0.019676 0.078916 0.021878 0.074021 0.023174 0.072797 0.023044 0.068077 0.020324 0.065979
1 0.154909 0.013007 0.154909 0.010210 0.153744 0.012308 0.152448 0.013007 0.148821 0.016154 0.148951 0.021399 0.150505 0.021748 0.151930 0.022622 0.154650 0.021224 0.156334 0.017552 0.156334 0.014406
1 0.124469 0.087832 0.129909 0.087308 0.130946 0.088531 0.133148 0.088357 0.133795 0.091503 0.134313 0.091154 0.134443 0.094825 0.129132 0.103217 0.127448 0.103042 0.126282 0.101119 0.125764 0.099545 0.126023 0.097273 0.124210 0.096573
1 0.095194 0.150594 0.094028 0.146224 0.093769 0.146049 0.093640 0.140280 0.097008 0.139056 0.098562 0.139231 0.098433 0.141678 0.099339 0.142378 0.098821 0.146049 0.096101 0.146224
1 0.081852 0.157587 0.082111 0.156364 0.083148 0.158112 0.083536 0.158287 0.083407 0.166154 0.082370 0.166503 0.078744 0.171399 0.076541 0.170699 0.076282 0.166678 0.078225 0.165105 0.077578 0.160559 0.079132 0.157587
1 0.159028 0.068969 0.151645 0.041521 0.151645 0.037150 0.160194 0.036976 0.160324 0.039248 0.166541 0.038024 0.166541 0.039948 0.170298 0.039948 0.171075 0.041696 0.172630 0.041521 0.173018 0.047115 0.172889 0.050087 0.172111 0.051136 0.173536 0.052185 0.173407 0.055332 0.171075 0.055332 0.167707 0.057255
1 0.174832 0.053234 0.175609 0.052885 0.176127 0.049738 0.177163 0.049563 0.177552 0.042570 0.178459 0.041871 0.178977 0.039598 0.180142 0.041871 0.192319 0.041521 0.194262 0.038024 0.196723 0.037850 0.199184 0.034703 0.199961 0.035227 0.200738 0.038549 0.201386 0.038374 0.202034 0.062500 0.195687 0.061276 0.195557 0.059003 0.191671 0.059003 0.190376 0.062150 0.187137 0.061626 0.186360 0.059353 0.183510 0.059353 0.182215 0.058129 0.180790 0.057955 0.179883 0.056381 0.178718 0.056206 0.177552 0.054108
1 0.290246 0.089423 0.291541 0.085927 0.291541 0.084878 0.293614 0.084528 0.295816 0.080857 0.295427 0.079808 0.299961 0.075787 0.300738 0.072640 0.302681 0.072465 0.310972 0.061801 0.311231 0.059528 0.314469 0.060052 0.317319 0.068619 0.330661 0.063724 0.339858 0.063899 0.339210 0.065822 0.338174 0.066346 0.337655 0.072815 0.328847 0.103759 0.324443 0.101136 0.323018 0.101661 0.324054 0.112150 0.325091 0.113899 0.324832 0.117745 0.323407 0.120017 0.321852 0.117920 0.321593 0.113899 0.309806 0.113899 0.307345 0.109703 0.308251 0.106906 0.308510 0.102535 0.310972 0.100612 0.306567 0.096941 0.298795 0.095717 0.298407 0.093969 0.296334 0.092745 0.293355 0.092570 0.292707 0.090472
1 0.242358 0.000000 0.242358 0.006416 0.241062 0.007133 0.240803 0.009231 0.238860 0.013252 0.235233 0.013759 0.232513 0.018497 0.231865 0.024423 0.233161 0.023899 0.233420 0.028112 0.236399 0.027587 0.237694 0.029668 0.238990 0.029860 0.239767 0.028462 0.242617 0.028112 0.244948 0.024965 0.248187 0.024615 0.248964 0.023024 0.251943 0.022343 0.252461 0.021626 0.255311 0.021469 0.257902 0.019720 0.260751 0.015507 0.249482 0.000000
1 0.179016 0.093147 0.181477 0.090682 0.181218 0.085280 0.183420 0.085804 0.187047 0.081941 0.186788 0.077063 0.189767 0.077413 0.191062 0.075664 0.194171 0.075664 0.197668 0.078619 0.199223 0.078811 0.199352 0.075664 0.206218 0.069703 0.208031 0.072168 0.209326 0.071626 0.209845 0.074790 0.211658 0.076871 0.213472 0.077570 0.219041 0.089650 0.222280 0.089983 0.223705 0.088234 0.228627 0.087360 0.230052 0.085804 0.233420 0.085804 0.237953 0.082815 0.244819 0.082465 0.243912 0.084056 0.243394 0.089983 0.242358 0.091206 0.242228 0.095420 0.241062 0.095420 0.240933 0.101346 0.239378 0.101696 0.239767 0.108164 0.248057 0.108164 0.248446 0.110087 0.251166 0.110280 0.251166 0.120769 0.252461 0.121801 0.252591 0.129318 0.235363 0.129318 0.234067 0.130734 0.229534 0.125140 0.229404 0.119528 0.227979 0.118654 0.228109 0.112710 0.226295 0.111836 0.224741 0.113252 0.221244 0.112378 0.220207 0.107657 0.221762 0.106941 0.221503 0.101346 0.219560 0.099423 0.218264 0.099948 0.214896 0.103094 0.214896 0.105909 0.212953 0.108339 0.211658 0.108531 0.209715 0.111154 0.209715 0.114126 0.207642 0.115874 0.202979 0.108339 0.199482 0.108164 0.198057 0.111154 0.195855 0.111661 0.194560 0.112028 0.194301 0.107133 0.192358 0.104668 0.191192 0.105385 0.190415 0.106783 0.186917 0.106259 0.185492 0.107657 0.184845 0.107815 0.184456 0.102220 0.182383 0.100140 0.181477 0.098916 0.180440 0.099266 0.180181 0.104843 0.181477 0.105717 0.181218 0.109755 0.182772 0.111311 0.182772 0.116556 0.167228 0.116399 0.165674 0.115000 0.165803 0.109913 0.167746 0.109563 0.168523 0.106941 0.169301 0.101014 0.170207 0.094353 0.170984 0.094021 0.172409 0.085612 0.175777 0.085612 0.177850 0.088934 0.177850 0.089108
1 0.233394 0.313287 0.248821 0.310944 0.249404 0.309580 0.256632 0.309580 0.256490 0.316783 0.254028 0.318147 0.254028 0.325350 0.249547 0.342098 0.244508 0.343462 0.241477 0.339755 0.236710 0.325542
0 0.802915 0.536993 0.797293 0.560140 0.816852 0.557238
1 0.208588 0.236958 0.221865 0.223322 0.222008 0.220997 0.225324 0.219825 0.226036 0.207168 0.224028 0.204248 0.226606 0.201136 0.229495 0.202098 0.232526 0.201713 0.235699 0.197045 0.236567 0.196643 0.240026 0.196853 0.248536 0.210280 0.248536 0.213199 0.252720 0.217867 0.235259 0.235979 0.232085 0.232867 0.228497 0.232290 0.227927 0.247080 0.224896 0.248444 0.223433 0.246101 0.218977 0.246101 0.217681 0.244545 0.214793 0.243182
1 0.247306 0.191381 0.247176 0.183864 0.248472 0.183706 0.248990 0.180717 0.255337 0.180210 0.255078 0.182832 0.257409 0.185262 0.257150 0.188951 0.258575 0.189458 0.258705 0.194878 0.258057 0.195577 0.257539 0.196451 0.255337 0.197500 0.254560 0.199441 0.248990 0.199073 0.248212 0.196976 0.245881 0.193129
1 0.312850 0.234038 0.296788 0.255542 0.294715 0.255892 0.294197 0.261503 0.295751 0.261661 0.298601 0.265507 0.300415 0.266031 0.309611 0.279493 0.315440 0.270752 0.317902 0.270752 0.318938 0.249266 0.317513 0.248549 0.317383 0.240000 0.316218 0.239283 0.315959 0.235437
1 0.287448 0.143986 0.287578 0.133392 0.288756 0.130927 0.295039 0.130052 0.299080 0.126346 0.304054 0.133042 0.304054 0.136399 0.306930 0.141871 0.311762 0.141696 0.313588 0.144860 0.313199 0.150332 0.315687 0.153514 0.316205 0.159161 0.318692 0.161626 0.317383 0.165332 0.311373 0.165157 0.308886 0.167273 0.307319 0.167797 0.305751 0.170437 0.299080 0.169563 0.293070 0.170787 0.292552 0.172028 0.290583 0.172028 0.289145 0.169738 0.289145 0.164615 0.290453 0.163916 0.289806 0.161801 0.283005 0.152448 0.284974 0.150857 0.284573 0.147867 0.286541 0.148042 0.286671 0.142745
1 0.344391 0.114860 0.345492 0.111906 0.347267 0.107273 0.358782 0.091364 0.358782 0.090629 0.361658 0.085087 0.364948 0.084895 0.365505 0.087675 0.365907 0.090070 0.365635 0.094336 0.371943 0.115979 0.372759 0.117448 0.372487 0.124476 0.366865 0.123549 0.366593 0.122448 0.361114 0.122448 0.360155 0.120787 0.354948 0.120594 0.353161 0.118741 0.347681 0.118007 0.347953 0.116713
1 0.356231 0.005927 0.356490 0.005577 0.359598 0.005402 0.360764 0.007500 0.360894 0.008549 0.365687 0.015542 0.364909 0.016766 0.364132 0.017290 0.364262 0.020787 0.362707 0.022535 0.362319 0.026206 0.357267 0.026206 0.355453 0.027430 0.354028 0.027080 0.352215 0.022885 0.350920 0.021136 0.349236 0.020262 0.348459 0.017290 0.349883 0.016941 0.349624 0.011171 0.352604 0.008024
1 0.274754 0.024108 0.274495 0.025857 0.272552 0.028304 0.271775 0.032675 0.273847 0.034598 0.276308 0.034248 0.277215 0.032675 0.278769 0.030752 0.278769 0.026206 0.276826 0.024458
1 0.316852 0.028129 0.314780 0.025857 0.314132 0.021836 0.313484 0.021486 0.314650 0.019038 0.314650 0.016591 0.317630 0.015367 0.317759 0.014668 0.320479 0.016941 0.320738 0.022710 0.319184 0.022185
1 0.394534 0.000000 0.395350 0.004703 0.396386 0.005577 0.397034 0.021136 0.395609 0.020962 0.394832 0.023759 0.393666 0.024633 0.393795 0.026906 0.389909 0.033024 0.393407 0.034423 0.393925 0.037220 0.401697 0.036871 0.401567 0.028654 0.416723 0.009948 0.413614 0.005227 0.411412 0.005227 0.410505 0.002780 0.407785 0.003304 0.407008 0.001556 0.405065 0.000507 0.399922 0.000000
1 0.971554 0.718759 0.969352 0.718759 0.968705 0.720332 0.967280 0.720332 0.965078 0.722955 0.969093 0.728374 0.970648 0.728549 0.971554 0.726626 0.972591 0.726626 0.972979 0.724703 0.971425 0.723479
1 0.542565 0.576031 0.542565 0.579353 0.541399 0.580052 0.541269 0.584423 0.539197 0.586696 0.550855 0.606626 0.553705 0.606451 0.554223 0.604178 0.556295 0.605052 0.556813 0.605927 0.560829 0.606451 0.560959 0.603479 0.559534 0.602780 0.559275 0.601731 0.556813 0.601206 0.557073 0.597535 0.560959 0.595087 0.563420 0.594213 0.563549 0.580227 0.562513 0.580402 0.562124 0.573409 0.561218 0.571836 0.560959 0.568339 0.559793 0.567990 0.559793 0.563094 0.554352 0.562920 0.554352 0.564318 0.549560 0.564493 0.546580 0.569563 0.542953 0.569738 0.542435 0.571311 0.539974 0.572535
1 0.569482 0.660752 0.570518 0.658654 0.571943 0.659528 0.571943 0.666171 0.573238 0.665647 0.574016 0.670892 0.573238 0.671241 0.572461 0.673689 0.570000 0.671591 0.567798 0.671066 0.567280 0.669493 0.564689 0.669318 0.565337 0.664773 0.567280 0.664773 0.567927 0.660577
1 0.659896 0.702885 0.657176 0.706906 0.655622 0.707955 0.654456 0.708304 0.651477 0.711976 0.661062 0.717745 0.664301 0.718094 0.664689 0.714948 0.665984 0.714598 0.665855 0.712150 0.662358 0.703934
1 0.725181 0.696591 0.721554 0.691696 0.722073 0.687850 0.722979 0.686801 0.723368 0.683829 0.725181 0.683829 0.726218 0.681206 0.726606 0.682605 0.730492 0.682955 0.730622 0.684878 0.737876 0.685052 0.739948 0.688374 0.743705 0.688724 0.743446 0.694318 0.742021 0.697290 0.741373 0.697990 0.741503 0.702535 0.744093 0.702360 0.745907 0.704633 0.746166 0.712500 0.748886 0.717045 0.748886 0.725437 0.747850 0.726136 0.747332 0.729983 0.746425 0.731556 0.746554 0.734703 0.743964 0.737850 0.743705 0.740647 0.732565 0.740997 0.730881 0.738199 0.730233 0.736276 0.729326 0.735227 0.728938 0.732605 0.727642 0.730857 0.724663 0.731206 0.725311 0.733129 0.718316 0.741521 0.717150 0.739598 0.714819 0.736801 0.714948 0.732955 0.709508 0.725962 0.711580 0.725262 0.710544 0.724213 0.709508 0.722465 0.707824 0.721591 0.708472 0.720017 0.711451 0.717745 0.712617 0.712850 0.715207 0.709878 0.717021 0.712850 0.717798 0.715647 0.719870 0.716521 0.721166 0.718794 0.721943 0.716871 0.722461 0.720367 0.725181 0.720017 0.725311 0.718269 0.726477 0.718269 0.728420 0.716521 0.732176 0.716346 0.734637 0.715122 0.734637 0.713199 0.732953 0.712325 0.730492 0.711801 0.731010 0.708304 0.729974 0.708479 0.729456 0.704983 0.726088 0.700262
1 0.134184 0.867028 0.137966 0.871084 0.141917 0.876626 0.140972 0.878531 0.141127 0.881101 0.139702 0.880664 0.137345 0.882797 0.135440 0.884301 0.131658 0.883864 0.131179 0.880035 0.129922 0.878112 0.131658 0.877465 0.131179 0.869371 0.132280 0.868724
1 0.583394 0.704441 0.591503 0.704441 0.592202 0.706486 0.593575 0.707238 0.593018 0.710577 0.590000 0.714668 0.587383 0.714843 0.585453 0.712430 0.584624 0.711503 0.584352 0.707238 0.582837 0.707972
1 0.567293 0.737308 0.567565 0.736014 0.568666 0.737692 0.569495 0.738234 0.569495 0.746416 0.564819 0.745664 0.563174 0.742517 0.562345 0.742325 0.562345 0.740105 0.563860 0.738234
1 0.523692 0.820507 0.530816 0.820664 0.530946 0.826626 0.522137 0.826976 0.522137 0.828531 0.519676 0.828724 0.517345 0.831503 0.516308 0.830629 0.515402 0.827133 0.514365 0.826434 0.514106 0.821731 0.516697 0.818392 0.522785 0.817885
1 0.542733 0.869091 0.540272 0.864720 0.539883 0.860350 0.541438 0.858601 0.546619 0.858094 0.546360 0.868934
1 0.562293 0.915262 0.562163 0.907045 0.563588 0.907395 0.563329 0.903706 0.561904 0.903899 0.561645 0.900734 0.553355 0.905647 0.549080 0.905804 0.551801 0.909301 0.552189 0.912098 0.553484 0.911766 0.558795 0.919790
1 0.545583 0.957220 0.548951 0.961923 0.550246 0.961399 0.550635 0.962990 0.552707 0.963147 0.553096 0.961591 0.553744 0.961241 0.553873 0.952657 0.549987 0.953007 0.549339 0.954406 0.545712 0.954755
0 0.580725 0.315699 0.580984 0.306643 0.583614 0.307885 0.586503 0.313566 0.586244 0.316031 0.583212 0.317797 0.578484 0.317797
0 0.666256 0.362465 0.678951 0.363514 0.672215 0.381171
1 0.459443 0.961923 0.454909 0.961591 0.450635 0.966993 0.450635 0.969458 0.447008 0.974860 0.447137 0.977133 0.444417 0.979406 0.444547 0.982028 0.446360 0.981853 0.446101 0.983969 0.448692 0.983969 0.449598 0.982220 0.451541 0.982378 0.452966 0.979755 0.452966 0.977483 0.455298 0.975227 0.457241 0.971731 0.457241 0.969615 0.458277 0.969615 0.458277 0.966294 0.459573 0.965612
1 0.355933 0.867185 0.356839 0.870682 0.362668 0.879423 0.365000 0.879248 0.365648 0.877850 0.367461 0.877500 0.367720 0.866486 0.365259 0.862115 0.358394 0.861766
1 0.359806 0.627325 0.359806 0.622430 0.357992 0.622255 0.356438 0.621206 0.353588 0.621206 0.353718 0.623304 0.351775 0.624003 0.351256 0.627150 0.352293 0.627850 0.352552 0.630647 0.353588 0.631346 0.353588 0.633444 0.356179 0.637290 0.361101 0.637290 0.361101 0.634493 0.362267 0.633969 0.362396 0.630647
1 0.383251 0.603374 0.383899 0.603199 0.384417 0.603199 0.384676 0.604423 0.390764 0.604598 0.391153 0.606871 0.394780 0.606346 0.395168 0.608094 0.397241 0.608269 0.397889 0.605997 0.399443 0.605997 0.398666 0.599528 0.396593 0.599178 0.396464 0.598129 0.392966 0.597955 0.391930 0.596031 0.387655 0.596031 0.386619 0.595157 0.380920 0.594633 0.379624 0.592010 0.377293 0.592185 0.376127 0.590612 0.375091 0.590787 0.374184 0.592885 0.370557 0.592360 0.368873 0.594633 0.371205 0.598304 0.371464 0.600227 0.371982 0.601101 0.373795 0.603024
1 0.394391 0.572098 0.387915 0.571923 0.385972 0.574196 0.386101 0.576469 0.387396 0.576469 0.387396 0.580490 0.390635 0.585734 0.391671 0.585909 0.394521 0.581189 0.394780 0.578916 0.396334 0.578741 0.395946 0.574196
1 0.465505 0.557937 0.471205 0.557238 0.472370 0.559860 0.472500 0.568427 0.470168 0.570524 0.469909 0.571573 0.469650 0.571224 0.468614 0.570350 0.468614 0.569825 0.466671 0.569825 0.465764 0.568601 0.464987 0.567902 0.464987 0.564580 0.464339 0.563881 0.464080 0.560734
1 0.444262 0.606888 0.450479 0.606713 0.450350 0.615280 0.448795 0.615280 0.449313 0.618077 0.448277 0.618427 0.448148 0.620000 0.444521 0.620350 0.443614 0.619301 0.443096 0.618776 0.442966 0.616154 0.441930 0.613706 0.440117 0.613357 0.440117 0.608811 0.444650 0.608462
1 0.497539 0.440647 0.510363 0.440297 0.514508 0.447115 0.519041 0.446766 0.520466 0.444843 0.520466 0.442920 0.518912 0.441346 0.519041 0.437325 0.518523 0.437325 0.517358 0.435052 0.515933 0.435752 0.515933 0.434003 0.514378 0.433479 0.514249 0.424913 0.515285 0.424563 0.515155 0.423864 0.514508 0.423864 0.513990 0.417920 0.512435 0.415997 0.508031 0.416346 0.504663 0.421066 0.504145 0.423864 0.502202 0.427010 0.500000 0.425962 0.499223 0.422990 0.498705 0.422465 0.497798 0.421591 0.494689 0.421591 0.492617 0.425612 0.492617 0.428059 0.497668 0.434353 0.497539 0.436101 0.498834 0.437500
1 0.468653 0.439948 0.462047 0.455857 0.458808 0.456381 0.451166 0.437325 0.452850 0.437150 0.453368 0.436101 0.461140 0.435402 0.460622 0.432955 0.463083 0.429808 0.463731 0.427185 0.464896 0.426661 0.464508 0.424038 0.467876 0.420192 0.467228 0.415297 0.469041 0.414248 0.470984 0.414948 0.471244 0.411626 0.475130 0.406906 0.476813 0.407605 0.486140 0.435052 0.486788 0.439248 0.473316 0.438724 0.472280 0.436451 0.471762 0.436451 0.471244 0.438549 0.468394 0.437850
1 0.444184 0.498741 0.448355 0.504703 0.450298 0.504878 0.450168 0.501906 0.451736 0.501731 0.451606 0.495227 0.446658 0.494703
0 0.805246 0.386416 0.828821 0.390437 0.812759 0.419458
1 0.657876 0.837797 0.657487 0.842168 0.656062 0.844615 0.651658 0.843741 0.651528 0.841818 0.645311 0.841993 0.644275 0.840245 0.639482 0.840420 0.639741 0.839196 0.637798 0.839021 0.646347 0.827308 0.646218 0.825210 0.647383 0.824685 0.648938 0.821538 0.650622 0.821713 0.651788 0.823636 0.653601 0.823636 0.653731 0.816643 0.657228 0.815944 0.659948 0.819441 0.660078 0.824161 0.661891 0.828357 0.662927 0.828531 0.663057 0.835000 0.662280 0.835699
1 0.648290 0.863671 0.655674 0.863147 0.655415 0.861748 0.657358 0.861573 0.658653 0.863322 0.659430 0.862273 0.662539 0.862098 0.664352 0.864021 0.664352 0.866119 0.663446 0.866643 0.663575 0.869790 0.662409 0.869790 0.661891 0.872587 0.660984 0.873287 0.660725 0.880629 0.658782 0.882902 0.656192 0.882552 0.650233 0.874685 0.649974 0.871888 0.646218 0.866469
1 0.678212 0.889545 0.689611 0.901783 0.691943 0.899510 0.691813 0.893217 0.693238 0.892692 0.692850 0.875035 0.691554 0.873811 0.676917 0.884301 0.675233 0.884650 0.674715 0.887273
1 0.658782 0.944266 0.668368 0.955280 0.670570 0.956503 0.671477 0.958077 0.672124 0.956503 0.673031 0.955979 0.673290 0.949860 0.674456 0.949510 0.674456 0.941294 0.676010 0.940070 0.676010 0.933601 0.678212 0.933601 0.678083 0.924685 0.672383 0.924860 0.672383 0.930280 0.655544 0.939371 0.655803 0.941993
1 0.691930 1.000000 0.689870 0.995140 0.696088 0.994266 0.698290 0.998112 0.701917 0.997937 0.701762 1.000000
1 0.734288 1.000000 0.734689 0.995140 0.733135 0.994965 0.731839 0.993042 0.730803 0.993042 0.726140 0.997762 0.722902 0.998112 0.723096 1.000000
1 0.811891 0.919441 0.812280 0.912622 0.813446 0.912448 0.813446 0.908427 0.822902 0.920664 0.824585 0.921364 0.831710 0.931503 0.829508 0.931853 0.828990 0.933077 0.826399 0.932552 0.824326 0.936049 0.823420 0.942692 0.822902 0.943566 0.820699 0.944091 0.817073 0.938322 0.812798 0.938497 0.812150 0.940245 0.807876 0.940420 0.808264 0.939895 0.809948 0.938671 0.809430 0.936224 0.808264 0.936399 0.810078 0.935000 0.809689 0.922587 0.811762 0.923287
1 0.829896 0.961573 0.831839 0.961573 0.843368 0.968042 0.848290 0.968916 0.849585 0.971364 0.849456 0.978357 0.848290 0.979930 0.848031 0.986923 0.844145 0.981678 0.843238 0.981853 0.843497 0.984650 0.841036 0.985699 0.840777 0.989895 0.838316 0.989545 0.837798 0.991469 0.833135 0.991294 0.832746 0.989720 0.831192 0.988846 0.831969 0.981154 0.830544 0.980979 0.830155 0.975385 0.829119 0.974860
1 0.870699 0.978881 0.880285 0.978881 0.881969 0.982378 0.881710 0.985699 0.879508 0.987972 0.881321 0.990070 0.879119 0.993392 0.876788 0.993042 0.876917 0.995490 0.875881 0.996014 0.875803 1.000000 0.864909 1.000000 0.865648 0.994790 0.864482 0.994266 0.864223 0.990245 0.862927 0.989371 0.862927 0.984301 0.859948 0.980979 0.860207 0.979406 0.861373 0.979056 0.862150 0.977483 0.869922 0.976783
1 0.887150 0.968392 0.887150 0.960000 0.886114 0.958601 0.885466 0.955804 0.884041 0.958252 0.881969 0.958252 0.881839 0.960524 0.879637 0.960524 0.879249 0.962797 0.881062 0.963846 0.880803 0.965769 0.885725 0.972762 0.885984 0.967343
1 0.979249 1.000000 0.979249 0.986224 0.976658 0.983601 0.976658 0.980804 0.974197 0.976434 0.977694 0.975559 0.978472 0.973811 0.981710 0.973462 0.981839 0.976783 0.983523 0.976783 0.984948 0.974336 0.986114 0.977832 0.992591 0.976783 0.993238 0.978881 0.995699 0.978881 0.996088 0.973636 0.995311 0.973811 0.994922 0.966119 0.996995 0.964021 0.997254 0.961573 1.000000 0.961451 1.000000 0.982378 0.995959 0.982203 0.996088 0.983951 0.998161 0.985699 0.998679 0.983252 1.000000 0.983042 1.000000 1.000000
1 0.940518 0.926608 0.943627 0.926259 0.944534 0.928182 0.945440 0.928706 0.945699 0.931154 0.943109 0.934476 0.939870 0.934825 0.939870 0.936923 0.937021 0.936399 0.934689 0.933252 0.934430 0.928182 0.936114 0.928706 0.936762 0.926958 0.938057 0.926783 0.939352 0.924510
1 0.757124 0.793776 0.765415 0.782937 0.765933 0.785035 0.766839 0.789755 0.768264 0.791503 0.767876 0.797098 0.768912 0.798322 0.769041 0.800245 0.768135 0.800594 0.768135 0.801993 0.764767 0.802168 0.763990 0.800420 0.761269 0.800594 0.760492 0.799021 0.757254 0.799021 0.756477 0.797273 0.754922 0.796748 0.754404 0.793776
1 0.760104 0.824196 0.751295 0.823846 0.751295 0.825769 0.754793 0.829790 0.756865 0.830315 0.756865 0.832587 0.758549 0.832238 0.758938 0.830664 0.760104 0.829965
1 0.817358 0.825420 0.820337 0.822098 0.823446 0.821748 0.825518 0.823252 0.825259 0.832517 0.820207 0.832238 0.820078 0.830140 0.817617 0.829790
1 0.812306 0.796224 0.821114 0.802517 0.821503 0.804790 0.826295 0.804790 0.826425 0.795524 0.825130 0.794476 0.825000 0.789056 0.822798 0.785909 0.821373 0.786783 0.820596 0.789580 0.817876 0.790455 0.816062 0.794476
1 0.868135 0.807413 0.882124 0.807762 0.881995 0.812308 0.879793 0.814406 0.879404 0.818776 0.878627 0.820000 0.878368 0.822448 0.876813 0.824895 0.873575 0.825245 0.870725 0.820524 0.870337 0.817902 0.869301 0.817552 0.869430 0.813007 0.867617 0.810734 0.866580 0.809336
1 0.944430 0.796399 0.947409 0.791678 0.948316 0.794126 0.951554 0.793951 0.952591 0.791154 0.953627 0.792552 0.958290 0.801643 0.958420 0.805490 0.960881 0.808462 0.960881 0.810385 0.964767 0.815280 0.964378 0.820350 0.962306 0.819650 0.961528 0.821573 0.960104 0.821399 0.955829 0.828566 0.951425 0.828217 0.949482 0.824545 0.946373 0.825245 0.945466 0.823322 0.941969 0.823322 0.941451 0.821923 0.943264 0.821399 0.943523 0.816329 0.940933 0.813881 0.940803 0.811434 0.942228 0.811608 0.941710 0.809860 0.939119 0.808636 0.941580 0.805315 0.941710 0.802692 0.943005 0.801993 0.943912 0.800245
1 0.915207 0.732570 0.907824 0.732570 0.908342 0.736591 0.910155 0.736766 0.913912 0.742885 0.918187 0.742535 0.918316 0.736591
1 0.883601 0.638339 0.883083 0.663164 0.882047 0.664563 0.882176 0.668059 0.880492 0.665962 0.877124 0.665962 0.877124 0.663689 0.875052 0.663514 0.870000 0.657745 0.868316 0.657220 0.857824 0.647255 0.882953 0.628724 0.883212 0.634668 0.884508 0.635017 0.884508 0.637815
1 0.910933 0.585892 0.910674 0.589213 0.912358 0.592185 0.911710 0.596906 0.913135 0.598479 0.912746 0.600227 0.915337 0.601801 0.914430 0.607395 0.915984 0.608094 0.915855 0.610717 0.917409 0.611766 0.917668 0.616836 0.918705 0.617185 0.918316 0.622255 0.921166 0.626626 0.921036 0.628549 0.919870 0.629248 0.920518 0.634843 0.924275 0.634318 0.928549 0.630647 0.943316 0.631521 0.933860 0.591136 0.933860 0.584843 0.932176 0.581521 0.930751 0.582570 0.927513 0.586066
1 0.934508 0.640262 0.919741 0.650752 0.917798 0.650227 0.913135 0.654423 0.914948 0.655122 0.916244 0.662465 0.923886 0.670332 0.923627 0.672430 0.927254 0.672780 0.927254 0.674528 0.931658 0.674528 0.928290 0.691486 0.927513 0.692885 0.927642 0.701976 0.934767 0.709843 0.938782 0.706696 0.938782 0.696731 0.938005 0.696906 0.938135 0.692360 0.943057 0.692360 0.943446 0.690962 0.949793 0.690087 0.949663 0.686241 0.943834 0.677850 0.943446 0.675227 0.940207 0.671731 0.940466 0.670682 0.935544 0.663689 0.935544 0.652150 0.936580 0.651976 0.936580 0.642360
0 0.841904 0.336766 0.851878 0.336416 0.846438 0.325402
1 0.978290 0.680297 0.977902 0.684668 0.976736 0.685892 0.976736 0.688339 0.973109 0.688689 0.970907 0.684843 0.970259 0.678724 0.971166 0.678374 0.971295 0.673129 0.983212 0.667535 0.983212 0.665962 0.988005 0.666136 0.987746 0.674178 0.986451 0.674703 0.984249 0.677850 0.981399 0.677850 0.980492 0.679598
1 0.707293 0.385227 0.708847 0.385227 0.708588 0.379283 0.709883 0.379108 0.709754 0.374563 0.703666 0.373864 0.703666 0.375787 0.694987 0.375262 0.694339 0.377692 0.690194 0.377185 0.690194 0.379283 0.683329 0.379441 0.681127 0.382255 0.683718 0.382937 0.685142 0.384878 0.685661 0.391521 0.689028 0.397640 0.689028 0.399038 0.696153 0.408654 0.699391 0.409161 0.702370 0.403234 0.708588 0.403409 0.708847 0.395367 0.707293 0.395367
1 0.719598 0.393427 0.722189 0.393427 0.722966 0.396416 0.729054 0.410402 0.728925 0.413899 0.730350 0.413899 0.730609 0.422273 0.720764 0.421399 0.719728 0.420017 0.708718 0.419493 0.707293 0.416871 0.708588 0.415822 0.708718 0.413374 0.712345 0.408287 0.712474 0.406381 0.713769 0.405664 0.714158 0.400962
1 0.790583 0.378759 0.789028 0.379633 0.789935 0.381731 0.787474 0.386101 0.782163 0.385927 0.782163 0.384528 0.779313 0.384003 0.778666 0.382937 0.772578 0.382780 0.771801 0.381031 0.769469 0.380682 0.769469 0.377360 0.772060 0.377692 0.778925 0.367203 0.780997 0.366871 0.780868 0.364073 0.779961 0.362500 0.779832 0.360752 0.782163 0.360402 0.781904 0.365455 0.782940 0.365455 0.786567 0.360210 0.791360 0.360052 0.791231 0.364073 0.788122 0.369825 0.788381 0.371766 0.790324 0.372115
1 0.762863 0.408129 0.757293 0.423147 0.755350 0.422815 0.755479 0.425769 0.754184 0.426643 0.754184 0.431206 0.750168 0.435227 0.750039 0.438007 0.748614 0.439073 0.749003 0.441503 0.746023 0.444668 0.746282 0.446748 0.748744 0.447465 0.749132 0.449371 0.756256 0.449038 0.757034 0.447815 0.757811 0.449213 0.759106 0.449738 0.760920 0.446941 0.761567 0.450437 0.763381 0.450437 0.766749 0.454615 0.769210 0.454615 0.776852 0.461608 0.779054 0.461801 0.779961 0.458654 0.780997 0.457955 0.781127 0.450962 0.779702 0.450787 0.779443 0.447815 0.781386 0.447990 0.780997 0.444493 0.779832 0.444493 0.780091 0.437675 0.774650 0.431381 0.774780 0.427185 0.766231 0.407780
1 0.834624 0.440297 0.848096 0.440629 0.850298 0.437325 0.850946 0.436976 0.851075 0.435577 0.849909 0.434878 0.849909 0.432430 0.847319 0.429983 0.847060 0.426836 0.846282 0.426311 0.846023 0.423339 0.844858 0.422465 0.841490 0.417395 0.838510 0.417220 0.837863 0.415822 0.834106 0.421066 0.832163 0.419493 0.832293 0.423689 0.830350 0.425087 0.830738 0.427517 0.829054 0.428392 0.829184 0.431014 0.830738 0.431556 0.829184 0.433829 0.831127 0.435752 0.830738 0.436801 0.828148 0.436976 0.828277 0.440997 0.830091 0.440822 0.830868 0.442745 0.832034 0.439948 0.832293 0.439948 0.833459 0.442570
1 0.922539 0.506643 0.918562 0.507063 0.918951 0.510227 0.916878 0.511101 0.918174 0.512308 0.918821 0.516678 0.917008 0.517745 0.917396 0.520367 0.923355 0.520542 0.924003 0.518619 0.926464 0.519143 0.929184 0.515472 0.930479 0.513724 0.928148 0.513899 0.928407 0.510402 0.926205 0.510227 0.924262 0.507255
1 0.945505 0.478409 0.951075 0.484703 0.950557 0.486451 0.954832 0.491696 0.954573 0.494668 0.956904 0.495017 0.956904 0.496766 0.958718 0.499738 0.963899 0.500437 0.963640 0.494318 0.962215 0.494493 0.962345 0.486626 0.963381 0.486276 0.963510 0.480839 0.965324 0.479633 0.965194 0.477885 0.966231 0.477343 0.966231 0.470542 0.964676 0.467920 0.960790 0.468444 0.960661 0.470717 0.951593 0.470192 0.951593 0.471591 0.950298 0.471766 0.949262 0.470017 0.948096 0.472290 0.944339 0.472098 0.944469 0.474913 0.946023 0.474913
1 0.951593 0.415472 0.946412 0.416346 0.945635 0.420892 0.943562 0.422273 0.945376 0.423339 0.944858 0.424895 0.944858 0.428059 0.946930 0.429458 0.944598 0.430507 0.944080 0.433479 0.943303 0.434353 0.944339 0.435752 0.945505 0.437133 0.949003 0.436801 0.954832 0.431556 0.958199 0.431556 0.961308 0.427360 0.958718 0.424895 0.958588 0.421066 0.956256 0.421766 0.955997 0.419650 0.953666 0.419143
1 0.960104 0.329021 0.960920 0.323689 0.965324 0.318969 0.969210 0.318252 0.976334 0.327185 0.976593 0.335734 0.973096 0.335577 0.972578 0.348339 0.969210 0.351136 0.953925 0.344143 0.951205 0.339598
1 0.949482 0.298951 0.943264 0.312937 0.942655 0.317378 0.939935 0.318252 0.939935 0.320000 0.934365 0.319493 0.931516 0.311976 0.931645 0.308304 0.927370 0.302710 0.927370 0.296591 0.929702 0.297273 0.930091 0.295367 0.940712 0.295367 0.940842 0.293444 0.943303 0.293444 0.943174 0.295524 0.945376 0.295017 0.946023 0.292745
1 0.780738 0.206906 0.784106 0.189948 0.785920 0.188881 0.786438 0.178392 0.784106 0.176643 0.779054 0.176486 0.778666 0.178234 0.774780 0.178392 0.774780 0.179458 0.768044 0.180140 0.767915 0.181888 0.762992 0.181888 0.762345 0.183829 0.760790 0.183829 0.760661 0.186801 0.774391 0.209703 0.778018 0.209703
1 0.719469 0.252360 0.721412 0.250070 0.723225 0.249913 0.736179 0.289073 0.736308 0.295017 0.723096 0.293776 0.722319 0.292220 0.712733 0.291871 0.712085 0.290280 0.702500 0.289948 0.701593 0.288374 0.700816 0.286276 0.704961 0.280157 0.703148 0.278759 0.705609 0.278584 0.705997 0.275087 0.701852 0.271241 0.699909 0.270175 0.699909 0.265297 0.703795 0.261976 0.703018 0.259528 0.706127 0.256906 0.706904 0.257780 0.707552 0.253934 0.712992 0.246766 0.717137 0.246766 0.717267 0.249388 0.718951 0.249196
1 0.742915 0.322115 0.742526 0.324371 0.741231 0.325787 0.741231 0.329983 0.740194 0.330682 0.739935 0.333829 0.738381 0.333654 0.738510 0.338024 0.736826 0.338549 0.737085 0.346941 0.738510 0.346416 0.739028 0.348164 0.740712 0.347815 0.741490 0.346066 0.746930 0.345717 0.747578 0.344318 0.751593 0.344476 0.751852 0.342395 0.757293 0.342570 0.763640 0.333112 0.765065 0.333479 0.765972 0.328741 0.760272 0.319668 0.761826 0.317220 0.761956 0.313199 0.763122 0.313374 0.763122 0.310385 0.764417 0.308479 0.761567 0.307255 0.761956 0.303934 0.760661 0.302710 0.760402 0.297465 0.755479 0.297273 0.755220 0.298339 0.753148 0.298689 0.751464 0.301136 0.752370 0.303759 0.747578 0.304266 0.747578 0.307080 0.744598 0.311259 0.742396 0.311101 0.740972 0.314248 0.738899 0.314598 0.738769 0.315629 0.739158 0.316871 0.740972 0.320367
1 0.830972 0.230629 0.821386 0.230979 0.821386 0.256329 0.822940 0.258776 0.827474 0.258601 0.838225 0.246014 0.841334 0.244266 0.841593 0.239545 0.834080 0.236224
1 0.901179 0.185524 0.900013 0.185874 0.898329 0.183252 0.897293 0.186049 0.893925 0.185874 0.893277 0.188497 0.891334 0.185524 0.887837 0.188846 0.889262 0.190769 0.889521 0.193916 0.887448 0.193916 0.887966 0.199336 0.889909 0.201084 0.890039 0.204406 0.892370 0.208427 0.892241 0.220315 0.893925 0.220490 0.894184 0.226608 0.897422 0.228182 0.899495 0.226958 0.900013 0.225559 0.901697 0.225385 0.906101 0.219790 0.909339 0.221189 0.908821 0.218566 0.916205 0.215070 0.915816 0.209126 0.911282 0.203706 0.911023 0.201434 0.908951 0.201084 0.908174 0.198287 0.907915 0.196713 0.902863 0.190245
0 0.854469 0.170332 0.864832 0.162990 0.855117 0.153374
0 0.765479 0.061626 0.766775 0.069318 0.774806 0.079458 0.777267 0.079808 0.780246 0.064773 0.782319 0.060927 0.782319 0.057780
1 0.900790 0.134650 0.896645 0.139895 0.896127 0.142343 0.898588 0.143741 0.898977 0.145140 0.895738 0.146713 0.894961 0.145664 0.893277 0.144965 0.891723 0.143392 0.890298 0.145664 0.890168 0.145140 0.885635 0.137797 0.886671 0.133077 0.885376 0.132203 0.884598 0.129231 0.883821 0.130804 0.882785 0.130629 0.882526 0.127308 0.883562 0.125385 0.880972 0.124860 0.881101 0.122238 0.882267 0.121014 0.885764 0.120315 0.886671 0.118217 0.891205 0.118566 0.891205 0.120664 0.903510 0.120315 0.905453 0.122587 0.905065 0.126783 0.903251 0.131503 0.902863 0.134650
1 0.548277 0.131206 0.544780 0.125962 0.542189 0.128059 0.542448 0.129983 0.536101 0.136801 0.540505 0.144143 0.539080 0.145367 0.540635 0.146941 0.541023 0.152535 0.537137 0.157605 0.535583 0.157605 0.533381 0.160402 0.534288 0.162500 0.535712 0.162675 0.537785 0.167570 0.541671 0.174213 0.541541 0.177885 0.543614 0.178409 0.545168 0.180507 0.546334 0.180157 0.546852 0.178234 0.549702 0.178234 0.550738 0.179633 0.552811 0.179808 0.553199 0.173689 0.550479 0.170717 0.550738 0.169843 0.547889 0.164948 0.548925 0.164423 0.548925 0.157430 0.546723 0.154283 0.546593 0.144318 0.554236 0.145017 0.556956 0.143094 0.556826 0.139773 0.558122 0.138549 0.552422 0.132780 0.551904 0.130857
1 0.604624 0.093619 0.604365 0.084003 0.603199 0.082780 0.601386 0.084353 0.585453 0.099038 0.592060 0.106556 0.591930 0.110927 0.594521 0.113724 0.594909 0.119843 0.592837 0.120892 0.592966 0.123514 0.594391 0.123514 0.594391 0.126661 0.592966 0.128059 0.596205 0.132430 0.599832 0.132605 0.600220 0.130682 0.618873 0.115647 0.620557 0.111451 0.606826 0.100437 0.606308 0.095367
1 0.689003 0.088671 0.689003 0.083776 0.690687 0.083776 0.690427 0.078531 0.696516 0.078706 0.697422 0.080455 0.698588 0.080280 0.706231 0.089895 0.705583 0.092343 0.704935 0.092517 0.704935 0.104930 0.703122 0.106853 0.698070 0.106154 0.697681 0.104930 0.696386 0.107028 0.685117 0.106154 0.685117 0.102483 0.683692 0.100210 0.685376 0.099161 0.684987 0.092517
1 0.799236 0.021189 0.803122 0.016818 0.803640 0.012273 0.806360 0.011923 0.807915 0.009476 0.808821 0.009825 0.810635 0.012622 0.810635 0.015070 0.812578 0.014720 0.813484 0.018042 0.814262 0.019441 0.814780 0.022238 0.813096 0.023462 0.814262 0.024860 0.814650 0.027483 0.811671 0.027832 0.811282 0.029755 0.804806 0.030105 0.803899 0.028007 0.800920 0.027832 0.799106 0.025734
1 0.909210 0.032203 0.909469 0.023287 0.908821 0.023287 0.907655 0.020664 0.903381 0.020839 0.902733 0.022587 0.900920 0.022762 0.896127 0.029231 0.892889 0.029406 0.891205 0.032552 0.891075 0.034650 0.893925 0.035000 0.893795 0.037448 0.897422 0.042343 0.897681 0.039371 0.898588 0.039545 0.898977 0.041818 0.900920 0.041818 0.903381 0.045490 0.908951 0.045315 0.909210 0.040245 0.911023 0.040420 0.911153 0.033951
1 0.847034 0.024685 0.848459 0.024685 0.848199 0.035000 0.846256 0.037098 0.844702 0.036224 0.844054 0.038497 0.842759 0.036399 0.838355 0.036573 0.836023 0.032727 0.832915 0.032552 0.834339 0.030804 0.833562 0.029580 0.832655 0.027832 0.832655 0.026084 0.831878 0.027832 0.827474 0.027832 0.827604 0.022587 0.830972 0.022587 0.831619 0.024860 0.833303 0.024336 0.834728 0.026958 0.841464 0.016643 0.845479 0.016993 0.846645 0.019091 0.847163 0.019091
1 0.929611 0.216713 0.931697 0.220122 0.931697 0.221136 0.932293 0.221731 0.933031 0.229353 0.934067 0.232552 0.937047 0.237168 0.940764 0.242587 0.938381 0.243182 0.938834 0.244388 0.940764 0.245997 0.943290 0.248601 0.944184 0.248007 0.945220 0.251416 0.946554 0.248601 0.947293 0.249808 0.951606 0.245594 0.951904 0.238182 0.954132 0.237972 0.954132 0.234161 0.955764 0.233969 0.956062 0.224545 0.957111 0.224336 0.955168 0.220927 0.951904 0.220524 0.949974 0.218916 0.947591 0.218322 0.947448 0.215717 0.950272 0.215909 0.950272 0.211503 0.952060 0.210699 0.951762 0.206294 0.950570 0.205682 0.950712 0.201871 0.949378 0.200664 0.949236 0.198269 0.948342 0.198059 0.948044 0.193444 0.945518 0.189633 0.945363 0.187430 0.940609 0.186434 0.940609 0.188234 0.937642 0.188444 0.936451 0.187028 0.934521 0.187028 0.934067 0.183427 0.931244 0.186626 0.928873 0.187028 0.929016 0.191049 0.926347 0.194650 0.927241 0.195455 0.927837 0.196853 0.926788 0.199073 0.926788 0.200070 0.927979 0.201066 0.927241 0.202885 0.926788 0.207483 0.924858 0.208497 0.924858 0.213514 0.926943 0.216713
1 0.640803 0.184178 0.647215 0.172902 0.649158 0.173094 0.648562 0.170490 0.644832 0.165857 0.639158 0.166451 0.638705 0.164633 0.634236 0.164441 0.633484 0.165857 0.631244 0.166049 0.630946 0.179755 0.632137 0.179755 0.632137 0.183776 0.633640 0.183164 0.634832 0.185594 0.640350 0.184983
1 0.969741 0.197063 0.970479 0.199266 0.970920 0.200874 0.971516 0.202273 0.977915 0.203287 0.978057 0.199878 0.979845 0.197255 0.980440 0.185839 0.981619 0.185437 0.981917 0.182622 0.979987 0.181224 0.981775 0.180017 0.982073 0.177413 0.980738 0.176206 0.980142 0.175210 0.973446 0.175000 0.966166 0.182413 0.963199 0.182028 0.960816 0.184423 0.961412 0.188042 0.962746 0.188636 0.962604 0.191241 0.967060 0.194650
1 0.930117 0.161713 0.930117 0.159441 0.925712 0.159441 0.922992 0.163462 0.922733 0.169213 0.921580 0.169406 0.921697 0.174825 0.924417 0.176049 0.924935 0.177955 0.927137 0.178671 0.928057 0.176573 0.929352 0.178829 0.930117 0.176573 0.932060 0.176399 0.936477 0.170087 0.936477 0.167832 0.935039 0.167465 0.935039 0.164161 0.932966 0.163969 0.932448 0.162937 0.930648 0.162937
1 0.947085 0.157692 0.949676 0.154021 0.955764 0.154021 0.956412 0.155594 0.962241 0.155594 0.962383 0.158217 0.961088 0.158916 0.961334 0.163811 0.958225 0.164161 0.961334 0.169056 0.961088 0.170629 0.962111 0.170962 0.961982 0.176049 0.960946 0.178497 0.957850 0.178322 0.957060 0.180070 0.954080 0.180245 0.952785 0.178147 0.951373 0.178147 0.949935 0.181643 0.947863 0.177955 0.946567 0.177955 0.945920 0.180070 0.943601 0.180070 0.941904 0.176923 0.941775 0.171329 0.942811 0.170455 0.942811 0.167832 0.945544 0.167308 0.945544 0.160839 0.947215 0.161014
1 0.618860 0.582133 0.621451 0.578811 0.623912 0.578287 0.624560 0.580734 0.631554 0.580385 0.632850 0.582133 0.632850 0.585455 0.632073 0.585804 0.632850 0.594371 0.627798 0.598217 0.624689 0.597692 0.623653 0.600140 0.620803 0.599441 0.619896 0.598217 0.618990 0.597517 0.618990 0.589650 0.617953 0.588252 0.617953 0.587203 0.619378 0.587203
1 0.741399 0.538427 0.740751 0.542622 0.737902 0.542797 0.742694 0.550140 0.744378 0.550315 0.749689 0.557483 0.751503 0.556259 0.751373 0.554685 0.752280 0.554510 0.752409 0.548566 0.753964 0.548566 0.753575 0.534580 0.752539 0.536154 0.748264 0.536154 0.748005 0.538252
1 0.696723 0.561853 0.699184 0.558531 0.699184 0.550490 0.697111 0.548217 0.695687 0.548566 0.695168 0.551364 0.693614 0.550839 0.691671 0.553112 0.692060 0.554860 0.689339 0.558007 0.689080 0.564650 0.687655 0.565350 0.689210 0.567098 0.689210 0.569196 0.691412 0.569196 0.691930 0.571643 0.694909 0.571119 0.694391 0.568322 0.695298 0.567448
1 0.782694 0.709965 0.785803 0.709965 0.785933 0.715559 0.785285 0.716259 0.785285 0.720280 0.781658 0.720455 0.779326 0.716958 0.778420 0.712063 0.781658 0.712413
1 0.803420 0.683217 0.799016 0.687413 0.800052 0.688462 0.800959 0.689860 0.806528 0.690210 0.807047 0.688636 0.808083 0.686713 0.805881 0.683042 0.805492 0.679720 0.803808 0.680594
1 0.589197 0.363969 0.588938 0.371311 0.590363 0.373059 0.590622 0.379703 0.588679 0.379353 0.587772 0.376906 0.577927 0.377080 0.577668 0.376206 0.574560 0.375857 0.572617 0.372710 0.569767 0.371311 0.569637 0.370087 0.567047 0.369738 0.567565 0.367290 0.569637 0.367115 0.573523 0.362045 0.574430 0.362045 0.577409 0.357500 0.577409 0.354003 0.573912 0.350857 0.574093 0.345804 0.576425 0.343357 0.580311 0.344056 0.582383 0.340035 0.586528 0.340559 0.587565 0.348601 0.593212 0.347010 0.594378 0.349458 0.593860 0.364318 0.593342 0.364318 0.591140 0.361171
1 0.607409 0.323986 0.611295 0.315944 0.611425 0.311923 0.615699 0.305979 0.618938 0.305629 0.624767 0.317867 0.625026 0.318741 0.625285 0.322937 0.627098 0.324336 0.627098 0.327657 0.625026 0.330629 0.615829 0.330280 0.615052 0.328531 0.607798 0.328357
1 0.646917 0.205927 0.649456 0.210769 0.649896 0.211976 0.649896 0.215192 0.651101 0.217413 0.651399 0.219633 0.650052 0.222045 0.644534 0.222255 0.643484 0.220437 0.642591 0.222045 0.641101 0.220437 0.639003 0.220035 0.638860 0.217622 0.641541 0.214598 0.640946 0.209965 0.643329 0.210157 0.644236 0.208357 0.646023 0.208549
1 0.696179 0.232238 0.693588 0.232238 0.691516 0.234510 0.691904 0.238357 0.689702 0.244126 0.689443 0.247448 0.690997 0.248147 0.692293 0.249371 0.693847 0.249895 0.694754 0.251469 0.697863 0.247972 0.698381 0.244301 0.699806 0.244650 0.701749 0.241853 0.698122 0.236783 0.698122 0.234510
1 0.817034 0.204965 0.817034 0.210909 0.816386 0.211783 0.815738 0.216503 0.814702 0.216678 0.814573 0.222622 0.812630 0.226119 0.811593 0.224895 0.809780 0.221399 0.808225 0.222273 0.807319 0.217552 0.803433 0.218077 0.803174 0.216329 0.798122 0.215979 0.797021 0.214685 0.795790 0.214406 0.795142 0.213007 0.792552 0.213007 0.793718 0.210734 0.794365 0.209161 0.795142 0.206538 0.798640 0.206189 0.799806 0.204965 0.800842 0.206189 0.802655 0.206713 0.803303 0.207762 0.804728 0.206014 0.807448 0.206189 0.808484 0.205140 0.813407 0.204266 0.813407 0.202692 0.814961 0.202343
1 0.869288 0.185769 0.873562 0.185594 0.874598 0.186993 0.881075 0.187343 0.882759 0.189441 0.882759 0.197308 0.875894 0.196434 0.875635 0.198706 0.867085 0.199056 0.866956 0.195210 0.868381 0.193636 0.867992 0.190839 0.869806 0.191189
1 0.934832 0.048392 0.937552 0.045070 0.937681 0.040524 0.939365 0.038427 0.937940 0.038427 0.937552 0.036853 0.927966 0.036853 0.926023 0.039301 0.926282 0.042273 0.927837 0.041748 0.927837 0.055734 0.925764 0.056084 0.926282 0.071294 0.927189 0.071993 0.927189 0.075664 0.930557 0.076364 0.931205 0.074965 0.938459 0.069895 0.940272 0.069545 0.944676 0.064476 0.946749 0.065000 0.946101 0.059406 0.944547 0.059406 0.943510 0.058182 0.940790 0.056259 0.938847 0.055210 0.939365 0.052762 0.937811 0.054161 0.936256 0.053811
1 0.499223 0.873514 0.516710 0.859965 0.518187 0.887517 0.515000 0.890332 0.513756 0.889580 0.503925 0.880612
0 0.028692 0.061031 0.034780 0.061206 0.035026 0.058934 0.042681 0.059633 0.043070 0.057710 0.047979 0.058059 0.047733 0.067850 0.046826 0.068724 0.046308 0.071871 0.044236 0.071346 0.041386 0.077290 0.041503 0.080262 0.036852 0.085682 0.033083 0.082535 0.033225 0.078339 0.032435 0.076416 0.032435 0.072920 0.029080 0.067675
0 0.087604 0.144913 0.084106 0.153304 0.091878 0.153829 0.092008 0.151556 0.090453 0.149458 0.090194 0.145787
0 0.180091 0.191241 0.185142 0.186346 0.188640 0.185647 0.188899 0.196136 0.186697 0.199633 0.183977 0.197535
0 0.256360 0.201906 0.279404 0.236171 0.281490 0.233724 0.290427 0.191941 0.271516 0.198059
0 0.264378 0.244755 0.295350 0.242990 0.281347 0.280577
0 0.301308 0.297185 0.279404 0.330052 0.313096 0.341591
0 0.311023 0.383374 0.317759 0.383724 0.312060 0.391591
0 0.413484 0.406276 0.412578 0.423234 0.424365 0.416591
0 0.447824 0.317762 0.434223 0.324930 0.443290 0.339965
0 0.516736 0.341189 0.523342 0.332622 0.525026 0.333846 0.525933 0.346084 0.518679 0.343287
0 0.510389 0.368636 0.541477 0.342413 0.541218 0.391713
0 0.743977 0.537710 0.739819 0.540070 0.739016 0.542780 0.729780 0.541696 0.733925 0.535909 0.733122 0.530490 0.736075 0.525594
0 0.765142 0.586521 0.780544 0.582010 0.779339 0.600087 0.775997 0.600262
0 0.709223 0.650787 0.708964 0.693094 0.736295 0.671241
0 0.801969 0.755857 0.821399 0.713024 0.840311 0.756206
0 0.719715 0.838374 0.715402 0.855437 0.730674 0.850507
0 0.633925 0.915559 0.632759 0.934406 0.645816 0.926294
0 0.657435 0.976521 0.655078 0.989913 0.666308 0.988322
0 0.549197 0.938269 0.568122 0.919423 0.570609 0.952028
0 0.560687 0.979510 0.546710 0.981276 0.554935 0.996958
0 0.509054 0.827937 0.507111 0.870594 0.534961 0.852063
0 0.492215 0.847517 0.481852 0.848916 0.483407 0.869895 0.500635 0.867273
0 0.374210 0.834930 0.381723 0.819895 0.386904 0.835629
0 0.396490 0.878986 0.396619 0.894545 0.406205 0.888601
0 0.339495 0.924615 0.340790 0.942797 0.351541 0.929860
0 0.319288 0.868322 0.311386 0.884755 0.325635 0.885455
0 0.243899 0.842273 0.245842 0.880734 0.268769 0.859930
0 0.233536 0.833182 0.223692 0.857133 0.245583 0.857832
0 0.274728 0.801189 0.296231 0.839126 0.309054 0.795594
0 0.252966 0.821643 0.243251 0.831608 0.254521 0.839825
0 0.184067 0.859091 0.156865 0.871329 0.177319 0.897343
0 0.004961 0.904755 0.003795 0.921538 0.009106 0.921364 0.015583 0.913147
0 0.082422 0.813322 0.095117 0.821364 0.094469 0.800035
0 0.126334 0.783776 0.121023 0.802133 0.137474 0.797413
0 0.019858 0.729930 0.006904 0.749685 0.024132 0.755979
1 0.061697 0.783427 0.052241 0.789545 0.051464 0.796014 0.054443 0.796888 0.062215 0.793042 0.064547 0.786748 0.064158 0.784825
1 0.063122 0.766469 0.064676 0.771713 0.071412 0.779930 0.077370 0.776958 0.077630 0.771014 0.070376 0.770839 0.065324 0.765594
0 0.093562 0.653007 0.081904 0.674685 0.086179 0.676608 0.087085 0.678182 0.101464 0.678007
0 0.109883 0.664196 0.100557 0.693916 0.111438 0.693916 0.111826 0.693217 0.121412 0.690944 0.124780 0.689371
0 0.125427 0.611923 0.134754 0.610000 0.132422 0.623462
0 0.029184 0.584650 0.029961 0.599860 0.039547 0.592168
0 0.059184 0.490175 0.058925 0.506608 0.054650 0.506084 0.045972 0.492797 0.049987 0.488601
1 0.057889 0.506434 0.065272 0.496119 0.067992 0.496119 0.067992 0.499615 0.069547 0.500315 0.069547 0.508706 0.070842 0.508531 0.070972 0.512028 0.073303 0.512028 0.073433 0.518846 0.071231 0.520245 0.071231 0.524441 0.069547 0.525490 0.069806 0.527413 0.068251 0.527413 0.067215 0.528636 0.064883 0.526888 0.062293 0.523217 0.064495 0.518147 0.066567 0.516923 0.059702 0.509580
0 0.015687 0.390944 0.037863 0.397920 0.028679 0.419598 0.022370 0.418042
0 0.057940 0.402815 0.053161 0.411591 0.053731 0.417535 0.062150 0.418042 0.063303 0.416993 0.064832 0.416993 0.061580 0.405909
0 0.343005 0.136066 0.344754 0.175804 0.368977 0.152815
1 0.336075 0.168601 0.333355 0.171329 0.332772 0.175017 0.331904 0.175997 0.331904 0.181066 0.334223 0.185350 0.334365 0.193129 0.335518 0.193514 0.335376 0.199563 0.339702 0.199563 0.343886 0.196643 0.348212 0.195664 0.349663 0.193322 0.349365 0.187483 0.345311 0.179301 0.344754 0.174248 0.342733 0.173654 0.340272 0.168409
1 0.398018 0.155664 0.395505 0.159073 0.395350 0.166259 0.398290 0.171538 0.399987 0.171364 0.401386 0.168706 0.401503 0.164738 0.402785 0.164178 0.402487 0.158689 0.400104 0.155664
1 0.391982 0.205559 0.387798 0.206329 0.386528 0.204248 0.385687 0.206521 0.384016 0.206136 0.381632 0.209528 0.380920 0.215769 0.379948 0.217098 0.379534 0.219738 0.380518 0.219738 0.381218 0.223147 0.383718 0.222395 0.385415 0.222010 0.385259 0.218601 0.391567 0.213129 0.393381 0.210490 0.393381 0.207832
1 0.402487 0.232220 0.399003 0.232413 0.396619 0.236189 0.396477 0.242430 0.398860 0.245629 0.400246 0.245629 0.401801 0.242990 0.402630 0.241294 0.403342 0.240350 0.403472 0.236381 0.402215 0.235804
0 0.338640 0.269650 0.334003 0.277955 0.334158 0.281556 0.335972 0.281171 0.337098 0.283059 0.342267 0.283059 0.342979 0.281923 0.344093 0.281364 0.343666 0.277010 0.342124 0.272850 0.341580 0.268689
0 0.377422 0.251871 0.377293 0.253584 0.374054 0.257727 0.374197 0.259633 0.375894 0.260752 0.376179 0.261329 0.378135 0.262080 0.379262 0.264161 0.381347 0.263776 0.381904 0.256416 0.381075 0.254895 0.380233 0.251871
0 0.391295 0.221626 0.395505 0.221259 0.396477 0.223706 0.397163 0.224091 0.397163 0.226364 0.396062 0.227675 0.396192 0.230332 0.394521 0.232028 0.391567 0.232413 0.390868 0.229196 0.389754 0.227675 0.389896 0.223706 0.391425 0.223706
0 0.441995 0.221818 0.453187 0.222203 0.454598 0.224476 0.454171 0.225787 0.453057 0.228811 0.453187 0.229948 0.445920 0.239773 0.443238 0.232780 0.442681 0.229196 0.441580 0.228444
0 0.482137 0.089948 0.483342 0.109318 0.484158 0.110402 0.484352 0.118322 0.486788 0.120507 0.488199 0.124878 0.496490 0.113129 0.497500 0.113409 0.507604 0.099493 0.491231 0.091853
0 0.376477 0.027430 0.373886 0.027797 0.369093 0.038112 0.378290 0.038462
1 0.450699 0.036713 0.466632 0.036014 0.467150 0.039161 0.463782 0.044913 0.463264 0.048409 0.462098 0.048252 0.461192 0.045280 0.458860 0.042657 0.458860 0.040210 0.455881 0.040035 0.455233 0.041958 0.452383 0.041958 0.452254 0.038986
1 0.717552 0.031783 0.717940 0.035455 0.716127 0.037378 0.716645 0.038427 0.717422 0.042972 0.720272 0.045070 0.723640 0.045070 0.725065 0.042273 0.727008 0.041573 0.728951 0.038951 0.725972 0.032832 0.724547 0.032832 0.723769 0.031084
1 0.865842 0.113479 0.867915 0.113479 0.870117 0.109808 0.871671 0.114003 0.872966 0.114003 0.872707 0.116801 0.871930 0.116801 0.871541 0.119773 0.866878 0.120472 0.866878 0.118724 0.864158 0.117850 0.864288 0.115752
0 0.669365 0.503514 0.684793 0.484685 0.688225 0.512448
0 0.716619 0.492937 0.724948 0.477080 0.731801 0.491958
1 0.734780 0.011678 0.736205 0.011678 0.738148 0.008881 0.740868 0.009580 0.741904 0.012902 0.748510 0.011678 0.748510 0.014126 0.752137 0.013601 0.753951 0.015699 0.754987 0.015699 0.756412 0.018322 0.754728 0.021818 0.752267 0.021818 0.750712 0.020070 0.749676 0.023042 0.749806 0.033182 0.746956 0.036503 0.741516 0.036329 0.738018 0.030210 0.740091 0.028636 0.739573 0.027762 0.737241 0.026888 0.737241 0.019545 0.735946 0.018497 0.735816 0.015699 0.734650 0.015524
1 0.529767 0.201189 0.530026 0.204860 0.525751 0.209930 0.527824 0.212727 0.528083 0.215350 0.530933 0.216049 0.531580 0.217797 0.532876 0.215874 0.535466 0.214825 0.536762 0.214126 0.536762 0.213601 0.538964 0.213427 0.540130 0.211154 0.542461 0.211154 0.542461 0.208881 0.543368 0.207483 0.543497 0.201538 0.543497 0.201364 0.542202 0.198916 0.540000 0.198392 0.539093 0.196993 0.538187 0.197517 0.537927 0.200490 0.533523 0.199266 0.531451 0.197343 0.531580 0.200140
1 0.328381 0.251678 0.330065 0.252203 0.331231 0.250105 0.334858 0.255874 0.334987 0.259196 0.334728 0.260594 0.334080 0.262867 0.332396 0.265490 0.329417 0.264965 0.328899 0.264091 0.327085 0.261818 0.328381 0.255699 0.326308 0.254650
1 0.279288 0.288042 0.276438 0.288741 0.273199 0.292762 0.274624 0.293811 0.273329 0.295035 0.277992 0.302203 0.278381 0.299231 0.280712 0.298706 0.280842 0.293811 0.282267 0.293462 0.280842 0.291888
0 0.310117 0.215664 0.315557 0.211469 0.319961 0.211643 0.319443 0.219860 0.318536 0.219860 0.318148 0.223531 0.314909 0.223706
0 0.224003 0.372832 0.228925 0.383671 0.233329 0.376154 0.232940 0.372657 0.231775 0.371434 0.228407 0.370210 0.229184 0.372832
0 0.041399 0.612308 0.041256 0.619738 0.043718 0.622483 0.048355 0.616801 0.045026 0.613864
0 0.318290 0.660577 0.316477 0.663024 0.316347 0.672990 0.315311 0.673514 0.315311 0.678409 0.319715 0.678059 0.327876 0.672465
1 0.430725 0.703566 0.431762 0.701818 0.433446 0.699720 0.437073 0.697972 0.442772 0.697098 0.442902 0.710035 0.442124 0.712308 0.441865 0.715280 0.439145 0.716329 0.439404 0.718951 0.434352 0.725594 0.428782 0.716678 0.427098 0.716154 0.425155 0.712308 0.427746 0.709510 0.427228 0.707063
1 0.429430 0.673147 0.427876 0.673322 0.427487 0.681014 0.429301 0.682238 0.429171 0.689056 0.430855 0.693077 0.431373 0.695350 0.433575 0.695524 0.433575 0.689930 0.435000 0.690105 0.434741 0.688357 0.433446 0.687832 0.433705 0.682063 0.432150 0.681364 0.432409 0.677692
0 0.526075 0.776416 0.530609 0.775892 0.531516 0.775192 0.533977 0.774318 0.535272 0.772570 0.536697 0.772920 0.536956 0.779038 0.536956 0.779913 0.535790 0.788829 0.534624 0.789703 0.532940 0.787780 0.531645 0.787955 0.531516 0.785507 0.528666 0.785857 0.526205 0.782535
0 0.061282 0.961101 0.055570 0.983042 0.045350 0.964948 0.050661 0.961276
1 0.057267 0.959703 0.066075 0.959878 0.065946 0.966871 0.063096 0.971591 0.061153 0.968969 0.060505 0.965472
1 0.913342 0.078024 0.916101 0.077675 0.916490 0.075385 0.923057 0.075017 0.924236 0.078042 0.928174 0.078392 0.927124 0.083531 0.922137 0.090437 0.916490 0.090262 0.914003 0.085997 0.912953 0.087063 0.912034 0.086364 0.910583 0.086888 0.905466 0.087238 0.905337 0.085647 0.902060 0.085472 0.902707 0.077150 0.904948 0.076801 0.905466 0.072727 0.907565 0.076259 0.909016 0.075192 0.909016 0.073776 0.910712 0.075909 0.912163 0.075385
0 0.782396 0.747797 0.778251 0.757063 0.788355 0.754965
0 0.476736 0.510769 0.477124 0.530000 0.488653 0.522133 0.489430 0.519161 0.488782 0.517937 0.487746 0.517937 0.485415 0.513916 0.483731 0.513916 0.481140 0.509895
1 0.578238 0.116731 0.576943 0.117955 0.577202 0.120752 0.579663 0.120577 0.581865 0.123724 0.581606 0.125822 0.584715 0.125297 0.585751 0.123724 0.586658 0.114108 0.585363 0.113409 0.584845 0.112010 0.583808 0.113934 0.581088 0.113759
0 0.577422 0.687413 0.590570 0.674476 0.591943 0.675577 0.591671 0.683164 0.593031 0.683724 0.592630 0.693706 0.591528 0.693881 0.591528 0.697395
0 0.918718 0.330297 0.928925 0.330612 0.929378 0.332745 0.945933 0.333357 0.945259 0.337640 0.944573 0.340402 0.944573 0.342552 0.941399 0.345000 0.941179 0.348671 0.938679 0.350804 0.938225 0.356626 0.931425 0.363969 0.929611 0.362745 0.927798 0.357535 0.926438 0.351731 0.924171 0.346836 0.922124 0.338252 0.920764 0.339493
0 0.911697 0.264196 0.944352 0.264196 0.928251 0.221958 0.925078 0.224406 0.911010 0.253479 0.911697 0.256241 0.907163 0.258986
1 0.354560 0.285542 0.356917 0.283409 0.358484 0.281818 0.385984 0.268042 0.385984 0.266451 0.389326 0.265664 0.391282 0.268846 0.391490 0.277325 0.390104 0.277587 0.389132 0.288724 0.388925 0.290577 0.388536 0.302238 0.386969 0.302238 0.386373 0.314161 0.385181 0.317605 0.383627 0.317605 0.381865 0.315227 0.376749 0.311521 0.375570 0.310717 0.375570 0.308339 0.374003 0.305420 0.372630 0.305682 0.367720 0.299860 0.365959 0.299580
1 0.503433 0.281556 0.502254 0.287395 0.517176 0.328741 0.518355 0.327150 0.531321 0.301976 0.531321 0.300909 0.534067 0.296399 0.554495 0.278654 0.551153 0.276521 0.548990 0.276783 0.524832 0.255577 0.523666 0.282622 0.522876 0.285804 0.521891 0.283951
1 0.412306 0.339091 0.405427 0.369301 0.406023 0.373007 0.408964 0.375402 0.429391 0.366119 0.432332 0.365052 0.432733 0.362937 0.424870 0.352867 0.422124 0.347290
1 0.994262 0.508584 0.996464 0.508584 0.997863 0.511276 0.998873 0.508304 1.000000 0.508304 1.000000 0.521993 0.993653 0.521014 0.992448 0.519126 0.992448 0.522378 0.993860 0.527517 0.983225 0.527780 0.983031 0.526696 0.981023 0.524266 0.987034 0.516958 0.987034 0.514790 0.989650 0.511014 0.993653 0.510734
1 0.551658 0.070280 0.578834 0.068636 0.566166 0.036364 0.563303 0.036364 0.549819 0.062570
0 0.648199 0.071871 0.672902 0.087133 0.671334 0.050507
1 0.412617 0.026399 0.417681 0.025944 0.431231 0.035000 0.431231 0.037640 0.432539 0.039388 0.419806 0.056154 0.416373 0.055472 0.413601 0.040734
1 0.415881 0.019615 0.417565 0.017168 0.420155 0.017168 0.428446 0.024336 0.430518 0.024336 0.432591 0.027308 0.432332 0.029056 0.433756 0.030804 0.433497 0.033601 0.431425 0.034476 0.428187 0.031503 0.427280 0.032727 0.420803 0.028357 0.420674 0.025035 0.417047 0.022762
1 0.472358 0.058601 0.492047 0.068042 0.492306 0.071189 0.481295 0.084301 0.479741 0.084126 0.474560 0.091643 0.471969 0.090594 0.471321 0.086923 0.470155 0.086923 0.469896 0.079056 0.469249 0.079056 0.469249 0.069965 0.467435 0.069615 0.467435 0.060874 0.465751 0.057378 0.468212 0.055455 0.470803 0.055804
1 0.513031 0.021189 0.507850 0.029056 0.504611 0.030455 0.492306 0.042692 0.486736 0.042343 0.487254 0.035175 0.485311 0.033951 0.485440 0.029056 0.484275 0.028881 0.484275 0.026608 0.481036 0.022238 0.479482 0.023112 0.479223 0.014720 0.482850 0.012098 0.483497 0.007028 0.484793 0.005455 0.491528 0.005280 0.508886 0.016643
1 0.437642 0.153182 0.435699 0.153531 0.435052 0.151958 0.425855 0.151783 0.424430 0.153357 0.423135 0.154056 0.423912 0.157727 0.425078 0.157727 0.425207 0.159650 0.425855 0.160175 0.425855 0.165594 0.430518 0.169790 0.437642 0.158951
1 0.462513 0.136573 0.451244 0.136573 0.450855 0.139021 0.449041 0.135874 0.448264 0.137797 0.445415 0.138322 0.445285 0.143217 0.447617 0.144615 0.448394 0.150385 0.449041 0.150385 0.449560 0.158951 0.451632 0.159126 0.452409 0.160699 0.455259 0.160524 0.457202 0.158077 0.457073 0.153357 0.461088 0.149161 0.461347 0.147063 0.463161 0.142867 0.463549 0.138322
1 0.455907 0.104580 0.470544 0.104406 0.469637 0.099860 0.469249 0.099161 0.468212 0.095315 0.467565 0.094965 0.467435 0.093042 0.466269 0.092692 0.465751 0.089196 0.463938 0.086399 0.461218 0.087098 0.461218 0.090420 0.459275 0.092517 0.459275 0.094965 0.456036 0.097937
1 0.438808 0.095839 0.436088 0.098636 0.437254 0.100210 0.438420 0.102308 0.442435 0.103357 0.443083 0.109126 0.445026 0.110524 0.446451 0.110175 0.448135 0.107727 0.448135 0.098287 0.448912 0.098112 0.449301 0.094965 0.451891 0.094965 0.452021 0.091294 0.453057 0.089895 0.453187 0.085000 0.449948 0.085524 0.448653 0.087972 0.447617 0.087098 0.447617 0.088846 0.443472 0.089021 0.442824 0.087622 0.441658 0.087622 0.441658 0.089196 0.438679 0.089371
1 0.472746 0.122762 0.472617 0.127308 0.471969 0.127657 0.472487 0.129755 0.473005 0.132552 0.470803 0.133951 0.471192 0.154755 0.473135 0.156329 0.477668 0.157378 0.481036 0.162797 0.484145 0.162273 0.485959 0.158951 0.486477 0.155105 0.489845 0.155105 0.490881 0.153357 0.493601 0.153531 0.493212 0.141469 0.491528 0.141294 0.491917 0.129056 0.491140 0.127832 0.489715 0.124336 0.486088 0.124510 0.486347 0.127657 0.481684 0.127657 0.481295 0.125734 0.479352 0.126084 0.479352 0.123811 0.477927 0.124336 0.476373 0.122762
1 0.497681 0.040367 0.496127 0.041941 0.495609 0.043689 0.492500 0.048234 0.492500 0.049458 0.496645 0.054353 0.494702 0.056976 0.498588 0.064843 0.500661 0.063094 0.502474 0.062920 0.513355 0.055052 0.513355 0.052430 0.504547 0.045087 0.504288 0.041766
1 0.457383 0.409615 0.462966 0.404371 0.462966 0.401399 0.467111 0.399825 0.469054 0.398252 0.469184 0.403322 0.470350 0.403846 0.469961 0.414685 0.466852 0.417657 0.462707 0.414685 0.460246 0.413462
0 0.772370 0.536993 0.759119 0.555437 0.779339 0.565909
1 0.275635 0.351976 0.277189 0.346906 0.277578 0.343759 0.280427 0.339913 0.284443 0.340962 0.284573 0.344983 0.285738 0.344633 0.286127 0.348304 0.289106 0.352675 0.288718 0.361066 0.287940 0.362290 0.278096 0.361591 0.278096 0.360017 0.274858 0.359668 0.273174 0.357745 0.273044 0.353024
1 0.286645 0.393234 0.296231 0.415262 0.294158 0.419633 0.292215 0.419808 0.291179 0.421031 0.289624 0.418584 0.288199 0.419283 0.286775 0.422080 0.282759 0.422080 0.281723 0.424003 0.273951 0.423129 0.273433 0.421556 0.271490 0.421206 0.269547 0.418759 0.269288 0.414213 0.271490 0.414563 0.271101 0.411416 0.269417 0.411416 0.269547 0.405472 0.270324 0.405297 0.270842 0.402500 0.271878 0.402500 0.271878 0.398654 0.274858 0.395332 0.276930 0.395332 0.281852 0.387990 0.284961 0.387815
1 0.260350 0.439388 0.260220 0.443934 0.259443 0.444633 0.259313 0.456521 0.258018 0.456521 0.257759 0.463164 0.257241 0.462990 0.256593 0.458619 0.255557 0.457395 0.253614 0.454598 0.252578 0.453899 0.251023 0.454073 0.248692 0.457045 0.248692 0.466661 0.250117 0.467535 0.250894 0.468584 0.252966 0.467010 0.256982 0.466836 0.256464 0.476101 0.258277 0.476101 0.259054 0.476801 0.260220 0.475577 0.261645 0.473829 0.273692 0.474003 0.281205 0.464213 0.284054 0.461066 0.284054 0.458444 0.278484 0.452500 0.278614 0.448479 0.280039 0.445157 0.282370 0.441311 0.282241 0.436766 0.274987 0.436941 0.273951 0.435192 0.273303 0.436941 0.272396 0.436941 0.272008 0.443934 0.263199 0.436416 0.261775 0.436766
1 0.302707 0.415262 0.302707 0.409143 0.304521 0.407220 0.314624 0.407045 0.316049 0.409843 0.316308 0.421906 0.315531 0.423129 0.314754 0.425752 0.311645 0.428724 0.310868 0.429773 0.305946 0.429948 0.301541 0.424878 0.301541 0.421206 0.300635 0.421206 0.300505 0.417885
1 0.305687 0.387290 0.305427 0.399703 0.302578 0.403374 0.300635 0.399528 0.297526 0.400227 0.297785 0.396381 0.295194 0.392710 0.302448 0.386066 0.302448 0.386066
1 0.323433 0.404248 0.328873 0.397080 0.331852 0.396206 0.333536 0.392885 0.336516 0.397430 0.336775 0.407045 0.337940 0.408619 0.338329 0.414388 0.331075 0.414913 0.330427 0.412815 0.328225 0.412640 0.328096 0.411766 0.323303 0.410892 0.323562 0.409318 0.322396 0.408444 0.322915 0.406696
1 0.340674 0.423304 0.349352 0.422955 0.349741 0.424003 0.351166 0.424178 0.351036 0.422605 0.352202 0.423829 0.353497 0.425227 0.353238 0.429248 0.352461 0.429773 0.352461 0.432395 0.351166 0.432920 0.351295 0.435892 0.348575 0.440437 0.344948 0.440612 0.344948 0.438514 0.343782 0.437815 0.343523 0.433969 0.342358 0.434143 0.342098 0.429773 0.340155 0.430297
1 0.372539 0.458794 0.371762 0.462465 0.370596 0.461941 0.370466 0.481346 0.369430 0.481696 0.369171 0.497605 0.368135 0.498829 0.366839 0.500752 0.365155 0.497955 0.363212 0.497955 0.354534 0.487815 0.350389 0.486241 0.349482 0.482570 0.346244 0.480647 0.344171 0.481171 0.342358 0.483269 0.342098 0.487115 0.340285 0.487990 0.338990 0.489913 0.337694 0.489913 0.337047 0.488164 0.335363 0.487815 0.334715 0.485017 0.333161 0.482045 0.332902 0.472080 0.335104 0.471381 0.335881 0.470157 0.340285 0.469983 0.340544 0.471556 0.342746 0.472080 0.343135 0.470332 0.346373 0.470332 0.347539 0.468584 0.349611 0.468934 0.351036 0.467185 0.353238 0.466486 0.353756 0.465262 0.355829 0.464913 0.356606 0.462640 0.358549 0.462640 0.358808 0.461766 0.361010 0.461416 0.364637 0.455997 0.364378 0.454773 0.361269 0.454423 0.360363 0.450227 0.358031 0.447080 0.357642 0.437990 0.358679 0.436941 0.358679 0.431521 0.360104 0.430997 0.360622 0.426626 0.361269 0.426276 0.361528 0.419633 0.362953 0.418584 0.362824 0.415612 0.364637 0.416136 0.365674 0.414563 0.378238 0.430822 0.378627 0.432745 0.380570 0.436066 0.380959 0.439913 0.379663 0.441661 0.376554 0.443059 0.375777 0.443759 0.375518 0.450227 0.377202 0.451626 0.377332 0.455647 0.376425 0.457045 0.375777 0.457570
1 0.365311 0.517465 0.365052 0.509598 0.367254 0.506801 0.369197 0.506976 0.381114 0.516066 0.380984 0.520962 0.369715 0.530927 0.366865 0.530052 0.367124 0.531801 0.363627 0.531451 0.362591 0.533199 0.355596 0.533374 0.355207 0.531976 0.353523 0.530577 0.353523 0.523759 0.354689 0.523934 0.354948 0.520787 0.356244 0.520437 0.356244 0.517290 0.359611 0.513269 0.363627 0.517640
