0 0.039845 0.933304 0.044249 0.933829 0.045544 0.932605 0.054223 0.931381 0.055389 0.930682 0.065751 0.929983 0.067176 0.928234 0.073912 0.927885 0.063161 0.971241 0.062642 0.972115 0.061477 0.975087 0.058756 0.975087 0.056684 0.972290 0.056295 0.969493 0.049430 0.960927 0.048912 0.958829 0.047876 0.956731 0.047487 0.953759 0.045933 0.954108 0.042694 0.948514 0.042306 0.945892 0.041269 0.944843 0.041269 0.942395 0.037513 0.938024 0.037383 0.935227 0.040622 0.935227
0 0.592370 0.150839 0.590557 0.152937 0.590557 0.154685 0.589780 0.155559 0.589521 0.158706 0.587319 0.161154 0.586930 0.166049 0.585894 0.166748 0.585894 0.171119 0.603899 0.171294 0.603769 0.166748 0.599495 0.162378 0.599624 0.160455 0.597293 0.156259 0.597293 0.154510 0.596516 0.154161 0.595609 0.149965
0 0.084158 0.017955 0.083640 0.020752 0.083381 0.021451 0.083122 0.025997 0.081826 0.026696 0.080790 0.036311 0.078718 0.039283 0.079236 0.044528 0.078070 0.045577 0.078070 0.054143 0.076645 0.054843 0.076256 0.058514 0.075220 0.060087 0.075220 0.062535 0.074054 0.063584 0.074832 0.069878 0.076256 0.072150 0.077811 0.071451 0.078329 0.069703 0.081438 0.069528 0.082345 0.067955 0.085065 0.067605 0.086231 0.066731 0.090505 0.066031 0.092189 0.064283 0.093873 0.064283 0.095687 0.062360 0.100091 0.062535 0.101127 0.060787 0.105272 0.061311 0.106049 0.059563 0.108769 0.059038 0.109028 0.057640 0.110324 0.059563 0.112267 0.057115 0.112396 0.053619 0.089339 0.022325 0.089210 0.019178 0.087526 0.019178 0.086749 0.017430
0 0.307863 0.089143 0.304365 0.089143 0.304495 0.091941 0.302422 0.095612 0.301904 0.097360 0.300220 0.099633 0.297111 0.112745 0.295298 0.114493 0.296075 0.114668 0.296852 0.116591 0.313433 0.116766 0.314210 0.116066 0.318484 0.115542 0.318484 0.107150 0.316412 0.105752 0.314728 0.102430 0.312785 0.099983 0.312137 0.097360 0.310842 0.096136 0.311101 0.094388 0.311101 0.094388
0 0.465933 0.139458 0.456477 0.139633 0.455699 0.142780 0.456995 0.142955 0.457254 0.147500 0.457772 0.148199 0.458549 0.150297 0.459585 0.151871 0.459715 0.155192 0.460622 0.155892 0.467487 0.147850 0.467228 0.146276 0.468394 0.144878 0.468264 0.141556 0.465933 0.141381
0 0.472150 0.163059 0.469301 0.166731 0.468653 0.165857 0.468264 0.168304 0.465285 0.171801 0.465285 0.173199 0.462435 0.176871 0.462565 0.178794 0.459067 0.183514 0.457902 0.187185 0.456606 0.186661 0.455699 0.190157 0.454922 0.191206 0.454922 0.192955 0.453627 0.194528 0.453756 0.197325 0.455440 0.197500 0.455440 0.198549 0.466321 0.199248 0.466710 0.200822 0.477720 0.201171 0.478238 0.203094 0.484067 0.202220 0.484197 0.201521 0.485622 0.199948 0.484456 0.199598 0.484197 0.195752 0.483290 0.195052 0.483679 0.191031 0.482254 0.190157 0.482254 0.188059 0.480959 0.186836 0.480570 0.184563 0.479534 0.182815 0.479534 0.180717 0.478109 0.180192 0.477850 0.177570 0.476166 0.176696 0.476166 0.170402
0 0.453238 0.216556 0.452332 0.227045 0.453756 0.227395 0.454016 0.234913 0.455959 0.236311 0.455829 0.244003 0.456995 0.245577 0.456865 0.255367 0.452332 0.255192 0.450777 0.253444 0.448705 0.252570 0.446373 0.250647 0.443005 0.249423 0.442358 0.247500 0.440026 0.247325 0.438342 0.245752 0.436140 0.245752 0.434974 0.244003 0.432254 0.244178 0.431477 0.242430 0.427461 0.242605 0.427202 0.241556 0.425130 0.240332 0.424870 0.237360 0.429534 0.231416 0.430181 0.231416 0.432383 0.228619 0.434456 0.228444 0.442358 0.216556 0.443135 0.217255 0.448316 0.210787 0.450259 0.210262
0 0.543148 0.156101 0.546386 0.155227 0.546386 0.153479 0.545350 0.152780 0.545350 0.150857 0.543148 0.147360 0.542889 0.145437 0.540687 0.142115 0.540039 0.138794 0.539262 0.138444 0.538873 0.135122 0.535764 0.130927 0.532785 0.131276 0.532655 0.133899 0.532008 0.133899 0.531749 0.136346 0.529935 0.138269 0.530194 0.141941 0.528769 0.141766 0.528899 0.144038 0.525790 0.148059 0.526179 0.150157 0.524754 0.151206 0.524624 0.153304 0.523070 0.155052 0.525013 0.154703 0.526179 0.157500 0.542241 0.157500
0 0.565946 0.182308 0.565816 0.191224 0.566593 0.192098 0.567111 0.198217 0.568536 0.199091 0.568795 0.205559 0.569832 0.206259 0.570220 0.211678 0.570738 0.213951 0.571127 0.216573 0.574495 0.217273 0.591852 0.193322 0.591852 0.191049 0.590816 0.190874 0.590298 0.189126 0.586801 0.188776 0.586412 0.187378 0.582785 0.187028 0.582785 0.185455 0.579417 0.185629 0.578640 0.184056 0.575013 0.184231 0.574624 0.181783 0.570868 0.181084 0.570350 0.179510 0.564909 0.179860
0 0.733342 0.168217 0.733083 0.178357 0.733860 0.179755 0.734378 0.182902 0.735544 0.185699 0.734508 0.186573 0.734508 0.191993 0.735415 0.192168 0.735674 0.195664 0.733990 0.195839 0.732824 0.199161 0.734767 0.200909 0.733472 0.201259 0.733212 0.207902 0.734508 0.208951 0.733212 0.210350 0.733212 0.212448 0.733860 0.212972 0.734378 0.215594 0.735544 0.217168 0.737098 0.215245 0.740207 0.214895 0.742150 0.211748 0.745000 0.211224 0.746684 0.209301 0.762487 0.196538 0.763394 0.197063 0.766632 0.193916 0.764948 0.190070 0.763653 0.189720 0.761192 0.185699 0.759249 0.185874 0.757565 0.182727 0.754845 0.182203 0.752124 0.178357 0.750440 0.178182 0.749793 0.176608 0.748627 0.176608 0.747202 0.175385 0.744611 0.174336 0.743705 0.172063 0.742021 0.171364 0.740596 0.169790 0.739041 0.169441 0.738005 0.167517
0 0.857396 0.142920 0.857396 0.146766 0.861801 0.152185 0.860376 0.154983 0.861541 0.155332 0.862837 0.159003 0.866205 0.159528 0.870350 0.154283 0.870091 0.151136 0.871127 0.149563 0.871386 0.147465 0.872681 0.146416 0.872422 0.143794 0.874106 0.143094 0.873977 0.140997 0.872552 0.137675 0.859469 0.137850 0.858303 0.139773 0.855712 0.139598 0.855972 0.142920
0 0.804339 0.098129 0.804728 0.110192 0.803562 0.110892 0.802655 0.125927 0.801878 0.125927 0.801749 0.136766 0.801101 0.137115 0.800712 0.145682 0.798769 0.149003 0.797733 0.147780 0.795790 0.147080 0.794883 0.145332 0.792940 0.145157 0.791127 0.142360 0.789054 0.141661 0.788795 0.138514 0.787759 0.138514 0.786723 0.136766 0.784391 0.136066 0.782578 0.133969 0.782189 0.131521 0.780635 0.130997 0.775065 0.124178 0.774288 0.123829 0.773640 0.122430 0.770920 0.122605 0.771049 0.117535 0.780894 0.110367 0.782319 0.110017 0.786205 0.106346 0.797474 0.099703
0 0.859482 0.372080 0.861684 0.375577 0.863368 0.375227 0.863756 0.377325 0.867383 0.377500 0.870104 0.380997 0.870622 0.379423 0.871788 0.379073 0.871528 0.353724 0.869845 0.353199 0.869456 0.354598 0.865959 0.355122 0.864016 0.358444 0.862332 0.358794 0.861813 0.359493 0.859741 0.360017 0.858705 0.361591 0.857409 0.361766 0.854301 0.366486 0.854689 0.366661 0.855078 0.369633 0.856891 0.371381
0 0.964702 0.514406 0.964702 0.519528 0.963977 0.520507 0.963614 0.529283 0.962358 0.531241 0.960725 0.535385 0.959456 0.532692 0.957474 0.532937 0.956023 0.530752 0.956023 0.528794 0.954041 0.527570 0.949702 0.521469 0.949521 0.519773 0.950959 0.518549 0.953497 0.516836 0.953679 0.515874 0.957837 0.515629 0.959456 0.513671
0 0.987137 0.603759 0.985842 0.625787 0.984547 0.626836 0.984028 0.634178 0.982992 0.636451 0.980142 0.636276 0.978199 0.633829 0.977552 0.631206 0.975868 0.630857 0.974054 0.629283 0.972889 0.629283 0.972630 0.626311 0.971334 0.625962 0.967189 0.621416 0.965505 0.620892 0.962785 0.615822 0.983122 0.603759
0 0.488523 0.338934 0.488523 0.343479 0.486062 0.346101 0.486321 0.350140 0.480751 0.362902 0.480751 0.366031 0.478808 0.369371 0.478679 0.371451 0.477383 0.372675 0.476736 0.377045 0.475570 0.378444 0.475570 0.384231 0.481917 0.384388 0.482694 0.383514 0.492021 0.382815 0.492150 0.381416 0.504715 0.381416 0.505622 0.379668 0.510933 0.378636 0.510155 0.374773 0.508083 0.372675 0.507694 0.369021 0.504067 0.365157 0.504067 0.362902 0.499922 0.358339 0.499922 0.355717 0.499016 0.354668 0.498627 0.351696 0.497332 0.350472 0.497202 0.348392
0 0.656606 0.425490 0.656865 0.432308 0.657513 0.433182 0.658031 0.438951 0.659715 0.441748 0.662435 0.442622 0.666710 0.436503 0.666451 0.433881 0.669819 0.433531 0.670466 0.431084 0.672280 0.429685 0.672280 0.426888 0.670078 0.427063 0.669430 0.425140 0.666321 0.424441 0.665026 0.423392 0.662176 0.423217 0.661269 0.421469 0.655699 0.421119 0.655311 0.424091
0 0.752772 0.510874 0.752772 0.517343 0.751347 0.517517 0.751088 0.527308 0.750181 0.528182 0.751347 0.530455 0.750052 0.532028 0.750052 0.541119 0.748497 0.543217 0.752642 0.543392 0.753161 0.542692 0.756010 0.541643 0.757306 0.540070 0.758212 0.539895 0.759378 0.538671 0.762098 0.538497 0.763523 0.536224 0.764948 0.536224 0.765207 0.535699 0.768575 0.535350 0.769093 0.532902 0.771813 0.532902 0.773368 0.530804 0.771684 0.528881 0.770518 0.528531 0.766244 0.523112 0.765078 0.522937 0.759508 0.515769 0.758342 0.515769 0.755881 0.512273
0 0.739560 0.557028 0.758472 0.579930 0.759767 0.580280 0.759767 0.582552 0.763394 0.587273 0.764560 0.587448 0.766632 0.586049 0.766891 0.580629 0.767668 0.579930 0.767668 0.574685 0.769741 0.573112 0.769352 0.563147 0.770389 0.563147 0.770648 0.560699 0.771684 0.560000 0.772073 0.552832 0.772979 0.552308 0.773238 0.543916 0.774275 0.543217 0.774275 0.538322 0.772073 0.538322 0.770648 0.540594 0.767150 0.540769 0.766373 0.541294 0.762876 0.542343 0.761839 0.543916 0.759378 0.543916 0.757824 0.545664 0.756140 0.545315 0.755492 0.546888 0.751088 0.546888 0.750311 0.548986 0.744870 0.548986 0.744611 0.550559 0.742021 0.551259 0.740984 0.552133 0.738264 0.553007 0.739689 0.554231
0 0.748627 0.642867 0.748627 0.645839 0.750699 0.648811 0.751088 0.651783 0.753161 0.651608 0.755492 0.655455 0.758342 0.655804 0.759119 0.652483 0.760026 0.651783 0.760285 0.648287 0.761839 0.647063 0.761710 0.636748 0.762617 0.636224 0.763135 0.629755 0.763782 0.629930 0.764430 0.622238 0.765596 0.621713 0.765337 0.610874 0.760155 0.611573 0.758342 0.613497 0.753549 0.613497 0.752254 0.615070 0.751088 0.615245 0.750181 0.616469 0.744741 0.617168 0.742927 0.619266 0.739560 0.618566 0.737098 0.622238 0.732306 0.623112 0.734896 0.627483 0.735544 0.630804 0.738264 0.631154 0.739560 0.633077 0.739301 0.636224 0.741891 0.636399 0.742280 0.639196 0.743964 0.640944 0.745518 0.642343
0 0.782306 0.682552 0.782694 0.692343 0.780881 0.692867 0.780881 0.698636 0.782565 0.699685 0.782435 0.711399 0.786839 0.712098 0.789301 0.707902 0.790337 0.707902 0.793446 0.703182 0.795259 0.703182 0.798627 0.698462 0.800052 0.699161 0.801865 0.696189 0.800311 0.694615 0.799145 0.694441 0.798109 0.693042 0.794870 0.693042 0.795130 0.691119 0.792927 0.690594 0.792021 0.689196 0.791244 0.688671 0.790984 0.687448 0.789689 0.686923 0.788523 0.685524 0.786969 0.685350 0.784637 0.681503
0 0.747202 0.753706 0.747332 0.759126 0.748627 0.760175 0.748627 0.766818 0.746943 0.768392 0.748627 0.769965 0.748238 0.779755 0.744482 0.780105 0.743575 0.778531 0.741373 0.778007 0.740596 0.776434 0.737358 0.775734 0.736580 0.774510 0.734119 0.773986 0.731399 0.768042 0.737358 0.761399 0.738005 0.761573 0.740725 0.758077 0.742927 0.757378 0.745518 0.753357
0 0.748756 0.818566 0.753679 0.818217 0.753808 0.820140 0.752513 0.821538 0.752513 0.829406 0.751606 0.830629 0.750959 0.837448 0.750181 0.837622 0.750052 0.841643 0.749145 0.843217 0.748497 0.846014 0.747073 0.844615 0.745259 0.844266 0.737228 0.833776 0.737228 0.831678 0.735544 0.829231 0.733472 0.828182 0.733212 0.825734 0.734637 0.823636 0.738135 0.823287 0.738264 0.822413 0.742150 0.821713 0.742280 0.820839 0.748627 0.820140
0 0.764948 0.800559 0.768187 0.805804 0.769611 0.805455 0.771425 0.806853 0.772591 0.806853 0.772979 0.808776 0.775440 0.809301 0.776218 0.811224 0.779326 0.811224 0.779585 0.797063 0.781010 0.797238 0.780751 0.769091 0.778549 0.769091 0.777772 0.770315 0.774145 0.770839 0.771684 0.773986 0.769093 0.774510 0.766244 0.777832 0.765207 0.777832 0.764171 0.779231 0.762617 0.779406 0.761580 0.781853 0.760155 0.781503 0.759508 0.783252 0.757565 0.783601 0.754845 0.787273 0.753549 0.787273 0.751995 0.788846 0.751477 0.791643 0.754845 0.791119 0.755104 0.794965 0.757435 0.795490 0.759767 0.798462 0.762228 0.798462
0 0.797979 0.886923 0.802254 0.892517 0.802383 0.895664 0.805363 0.898811 0.805492 0.900909 0.809637 0.906853 0.809896 0.908776 0.811321 0.911049 0.812487 0.911049 0.815596 0.907727 0.815855 0.902308 0.817021 0.901084 0.817280 0.897238 0.818575 0.896189 0.818705 0.890420 0.819482 0.889720 0.820389 0.885874 0.821036 0.882378 0.821943 0.880105 0.822073 0.875035 0.823368 0.873287 0.823886 0.870140 0.824922 0.869615 0.825311 0.867517 0.826088 0.866643 0.826088 0.861923 0.822332 0.861923 0.821813 0.862797 0.814430 0.863497 0.813264 0.865245 0.807565 0.865070 0.806917 0.866643 0.798497 0.867343 0.797720 0.868741 0.786321 0.868916 0.786451 0.871014 0.788005 0.873636 0.789689 0.873811 0.790855 0.875385 0.792927 0.875559 0.792539 0.879930 0.794611 0.880629 0.795389 0.884126 0.797591 0.884126
0 0.812098 0.944441 0.813653 0.948636 0.814430 0.949510 0.814430 0.956678 0.816244 0.956853 0.815984 0.962622 0.809637 0.962972 0.809249 0.961923 0.803679 0.962622 0.802772 0.959650 0.799145 0.959476 0.799145 0.957552 0.809119 0.944441
0 0.887746 0.964196 0.903679 0.949685 0.906399 0.949510 0.906528 0.959825 0.907953 0.960175 0.908601 0.979406 0.904974 0.979056 0.904456 0.977657 0.902513 0.977308 0.899922 0.973986 0.897073 0.973112 0.894352 0.970140 0.893057 0.969790 0.892150 0.968392 0.890725 0.968566 0.890078 0.967517 0.887876 0.967168
0 0.516179 0.596591 0.514365 0.598339 0.514236 0.601486 0.512034 0.603584 0.511127 0.607255 0.499080 0.633479 0.498692 0.635752 0.496619 0.638199 0.496360 0.642395 0.516826 0.642570 0.517085 0.644143 0.535868 0.644843 0.536256 0.642395 0.519417 0.602185 0.519028 0.598339
0 0.499210 0.721066 0.516049 0.743619 0.516308 0.746416 0.513199 0.745892 0.512681 0.748164 0.507630 0.747815 0.506464 0.749388 0.502448 0.749388 0.500894 0.750962 0.497137 0.751486 0.495712 0.753059 0.489883 0.753409 0.489106 0.750087 0.491826 0.748864 0.492215 0.745192 0.493122 0.744143 0.493640 0.736451 0.495065 0.736626 0.494676 0.728759 0.496490 0.727710 0.496101 0.723339
0 0.457500 0.684703 0.458536 0.687150 0.459443 0.689598 0.459702 0.692395 0.468899 0.707605 0.469028 0.710052 0.470842 0.713374 0.471749 0.716171 0.473303 0.718444 0.475894 0.718619 0.476671 0.715822 0.477578 0.714423 0.477448 0.712150 0.478744 0.711101 0.479003 0.707955 0.479909 0.707605 0.480168 0.704808 0.482889 0.701311 0.482630 0.697815 0.485350 0.694843 0.485479 0.692570 0.486904 0.690647 0.487163 0.688549 0.488199 0.687500 0.488459 0.685402 0.489495 0.684878 0.489624 0.680332 0.481852 0.679808 0.480557 0.681731 0.479262 0.680157 0.478096 0.681206 0.476801 0.679808 0.473433 0.679808 0.472785 0.681031 0.469158 0.681731 0.468899 0.679808 0.464883 0.679808 0.463977 0.681556 0.458925 0.681731
0 0.386645 0.734703 0.386904 0.738024 0.387811 0.739773 0.388329 0.741696 0.390142 0.743094 0.390013 0.747115 0.390920 0.747465 0.391179 0.751836 0.392215 0.753584 0.392215 0.756206 0.394028 0.757255 0.393899 0.762500 0.387681 0.762500 0.387034 0.761101 0.375764 0.760752 0.375117 0.759178 0.370453 0.758479 0.369935 0.756731 0.369417 0.755507 0.371749 0.755157 0.371490 0.752710 0.374210 0.749913 0.374080 0.747465 0.379521 0.741171 0.379521 0.739073 0.383536 0.732955 0.385350 0.732255
0 0.124249 0.424703 0.120881 0.428374 0.120881 0.430472 0.117124 0.435542 0.117124 0.437640 0.114145 0.441136 0.114145 0.442885 0.111295 0.446556 0.111036 0.448654 0.112979 0.449003 0.114275 0.450577 0.122565 0.450927 0.123601 0.453024 0.133446 0.452850 0.133446 0.448829 0.132150 0.447255 0.132021 0.443234 0.131114 0.441661 0.131114 0.439738 0.129689 0.438689 0.129689 0.434843 0.128135 0.433269 0.128264 0.430647 0.126710 0.430472 0.126710 0.428199
0 0.187798 0.526154 0.188057 0.529458 0.188834 0.531206 0.188834 0.536276 0.189611 0.536976 0.190130 0.543636 0.191036 0.544318 0.191684 0.553759 0.192850 0.555157 0.192850 0.557955 0.193238 0.558497 0.193886 0.561801 0.197383 0.563549 0.202047 0.556556 0.202306 0.554126 0.204249 0.553759 0.213705 0.540822 0.213446 0.539073 0.216166 0.535577 0.215389 0.535052 0.214870 0.533479 0.211762 0.533479 0.210984 0.531731 0.207746 0.531906 0.206969 0.529650 0.202176 0.529650 0.201917 0.528776 0.196995 0.527902 0.196088 0.525962 0.190907 0.526311
0 0.072876 0.683986 0.074560 0.683462 0.075207 0.684685 0.083238 0.685210 0.084016 0.685734 0.088420 0.686434 0.089326 0.688182 0.095026 0.688706 0.096839 0.690455 0.100596 0.690455 0.102539 0.692727 0.100984 0.694126 0.100855 0.696399 0.098653 0.699196 0.098782 0.701993 0.086995 0.717203 0.086736 0.719650 0.081813 0.725944 0.080259 0.725944 0.080000 0.723322 0.079352 0.722273 0.079352 0.717552 0.078187 0.716678 0.078057 0.711434 0.076762 0.709510 0.076373 0.707413 0.075596 0.706014 0.075466 0.703916 0.073782 0.701469 0.073782 0.695000 0.073135 0.693776 0.072746 0.692203 0.071710 0.689580 0.072617 0.688182 0.071451 0.685909
0 0.038938 0.954283 0.038679 0.957255 0.037902 0.958129 0.037772 0.960577 0.036218 0.961626 0.035959 0.964423 0.033627 0.967220 0.033497 0.973689 0.035570 0.976136 0.036995 0.973514 0.038549 0.975437 0.040104 0.974738 0.045674 0.973514 0.047228 0.972115 0.047228 0.968969 0.045415 0.966171 0.045285 0.964073 0.041399 0.959703 0.041269 0.957430
0 0.140104 0.917920 0.139845 0.928059 0.138808 0.928934 0.138808 0.935052 0.140233 0.934003 0.143860 0.933304 0.145026 0.932255 0.146969 0.931731 0.147487 0.930507 0.152150 0.929283 0.153057 0.928409 0.154741 0.930157 0.155130 0.928584 0.156943 0.928584 0.160311 0.924213 0.149948 0.909703 0.148523 0.909528 0.147358 0.906031 0.146451 0.905507 0.145933 0.902535 0.142824 0.906206 0.142565 0.911976 0.141269 0.912500 0.142047 0.917920
0 0.145803 0.949738 0.150984 0.956381 0.150855 0.958479 0.156166 0.965122 0.155907 0.967570 0.158368 0.970542 0.160181 0.970542 0.160440 0.973514 0.158756 0.973689 0.158368 0.975087 0.155000 0.975612 0.154482 0.977185 0.148005 0.977010 0.147358 0.978584 0.137642 0.978934 0.137383 0.973689 0.138679 0.968794 0.139197 0.968969 0.139585 0.964423 0.140751 0.964073 0.140881 0.961451 0.142565 0.960577 0.142565 0.955332 0.143601 0.955332 0.143990 0.952010
0 0.346256 0.886381 0.340946 0.893199 0.340557 0.895997 0.338225 0.898619 0.338225 0.903864 0.342241 0.903864 0.343277 0.905087 0.352085 0.905612 0.352215 0.899668 0.351438 0.898444 0.351049 0.895297 0.349883 0.894773 0.349883 0.890752 0.348977 0.890227 0.348977 0.886381
0 0.469249 0.842465 0.463161 0.851556 0.461347 0.851731 0.460181 0.853129 0.460052 0.856101 0.457461 0.856801 0.457202 0.859248 0.458756 0.861696 0.460570 0.860997 0.461218 0.863269 0.464715 0.863094 0.466010 0.865717 0.468342 0.865542 0.468731 0.866591 0.471451 0.866766 0.472876 0.868864 0.479223 0.868514 0.478057 0.867115 0.477668 0.856451 0.476762 0.855927 0.476632 0.848759 0.475855 0.847185 0.475207 0.841066 0.473523 0.838619 0.471451 0.841766
0 0.514585 0.763269 0.518860 0.760472 0.531684 0.758374 0.531684 0.766591 0.531166 0.767115 0.530907 0.771836 0.529482 0.772360 0.529482 0.775507 0.528575 0.775682 0.528575 0.780927 0.527668 0.781451 0.527021 0.787920 0.526114 0.787920 0.525466 0.791941 0.524948 0.791591 0.524171 0.796311 0.523523 0.796661 0.522876 0.801731 0.521839 0.802605 0.521839 0.805227 0.519767 0.807325 0.518601 0.807325 0.517824 0.804703 0.513290 0.798584 0.513031 0.797010 0.502927 0.782850 0.502927 0.780752 0.497358 0.773234 0.497487 0.769563 0.499171 0.769563 0.500078 0.767990 0.504223 0.767815 0.506036 0.766416 0.511995 0.765717
0 0.532850 0.833899 0.536477 0.838794 0.538420 0.838619 0.538549 0.841416 0.543990 0.848409 0.544119 0.849633 0.550725 0.860297 0.552409 0.860647 0.554352 0.858199 0.554352 0.855227 0.555259 0.854528 0.555648 0.847710 0.557073 0.847710 0.556943 0.841066 0.559404 0.838794 0.559793 0.832675 0.560699 0.832150 0.560699 0.827955 0.561477 0.827255 0.561477 0.819038 0.560311 0.819388 0.559922 0.821311 0.555389 0.821136 0.555130 0.822885 0.548523 0.823059 0.547746 0.824458 0.543601 0.824808 0.542565 0.826556 0.537254 0.826556 0.536218 0.827605 0.532720 0.827955 0.532591 0.830052 0.533627 0.831276
0 0.604041 0.900350 0.603912 0.904196 0.602358 0.905420 0.602358 0.920105 0.603394 0.920979 0.605984 0.919231 0.608446 0.918881 0.608575 0.917483 0.610648 0.917483 0.611813 0.915909 0.613627 0.915909 0.614663 0.913636 0.616736 0.913811 0.616477 0.911888 0.612979 0.906993 0.612461 0.906993 0.608705 0.902622 0.607150 0.902448
0 0.700155 0.931993 0.685389 0.953846 0.690699 0.953846 0.691347 0.955070 0.693679 0.955594 0.694456 0.956993 0.698990 0.957692 0.699249 0.959091 0.702487 0.959615 0.703653 0.960839 0.708187 0.961189 0.708446 0.960490 0.710259 0.959266 0.708834 0.957867 0.708316 0.953147 0.707668 0.952797 0.707150 0.946853 0.705337 0.945280 0.705855 0.940559 0.704560 0.940559 0.704171 0.933392 0.704041 0.933392 0.703005 0.929895 0.701580 0.932343
