0 0.985026 0.337850 0.988653 0.332780 0.993187 0.332430 0.993446 0.359003 0.992280 0.361276 0.987487 0.361958 0.985933 0.358462 0.984119 0.358654 0.981658 0.354808 0.980104 0.354808 0.979456 0.353934 0.978290 0.353759 0.975181 0.350262 0.973238 0.349563 0.973109 0.346066 0.975440 0.345892 0.975311 0.342920 0.977642 0.342727 0.977902 0.341521 0.981010 0.340472 0.982047 0.338357
0 0.762953 0.287220 0.763731 0.286871 0.763990 0.283549 0.762824 0.281626 0.761269 0.281101 0.758290 0.284948 0.757513 0.282675 0.754275 0.287570 0.751684 0.288444 0.751684 0.289843 0.748057 0.290192 0.746373 0.292640 0.742617 0.293339 0.723446 0.309248 0.720466 0.309423 0.720725 0.313444 0.722409 0.313794 0.724223 0.317640 0.730181 0.318864 0.730570 0.323059 0.731736 0.324458 0.735492 0.324108 0.746632 0.335472 0.748187 0.335297 0.748187 0.338094 0.749870 0.337920 0.755829 0.343339 0.758549 0.344213 0.759456 0.346311 0.761528 0.346486 0.761658 0.314493 0.762824 0.314143 0.762694 0.290717
0 0.929054 0.493916 0.924650 0.499685 0.922707 0.500559 0.922707 0.504580 0.924909 0.504930 0.925816 0.506503 0.929573 0.506853 0.930997 0.508951 0.937604 0.508427 0.937604 0.499336 0.936438 0.497762 0.936179 0.490070 0.935013 0.487972 0.933459 0.488147 0.933199 0.489371 0.930868 0.489196 0.928925 0.490769
0 0.864624 0.082395 0.864365 0.085017 0.861386 0.087815 0.863847 0.090962 0.864106 0.098304 0.864883 0.099528 0.864106 0.100402 0.864236 0.101801 0.865142 0.102850 0.865531 0.109318 0.864754 0.110192 0.864754 0.112990 0.869288 0.113864 0.873303 0.110542 0.876282 0.110542 0.876282 0.107045 0.878096 0.105122 0.880298 0.105122 0.883925 0.100402 0.884573 0.100227 0.888718 0.095332 0.885738 0.091136 0.884184 0.091486 0.883536 0.089563 0.879909 0.089563 0.879909 0.087990 0.877578 0.087640 0.876801 0.085717 0.875246 0.085717 0.874858 0.084143 0.872396 0.083794 0.872137 0.082745 0.867215 0.082220 0.866179 0.080647
0 0.268316 0.401783 0.272837 0.407238 0.273964 0.407238 0.277034 0.411154 0.278575 0.412378 0.281438 0.415350 0.282604 0.415524 0.292824 0.428619 0.292565 0.415350 0.293601 0.414476 0.293731 0.403986 0.295427 0.402937 0.295026 0.392098 0.296464 0.391748 0.296593 0.383357 0.297630 0.382832 0.298018 0.373724 0.299948 0.370594 0.294896 0.370594 0.294508 0.371119 0.290376 0.371818 0.290246 0.373199 0.288821 0.373724 0.287526 0.375297 0.284275 0.375839 0.283886 0.376713 0.280531 0.376888 0.279624 0.378811 0.276762 0.378811 0.275337 0.380385 0.274689 0.380909 0.273277 0.382133 0.271593 0.382657 0.270933 0.384213 0.267565 0.384388 0.267047 0.385787 0.264080 0.385962 0.260440 0.392448
0 0.235855 0.486329 0.235337 0.503986 0.234301 0.505734 0.234301 0.509580 0.235596 0.510804 0.234689 0.512378 0.234689 0.523042 0.237150 0.523217 0.238316 0.520769 0.239870 0.521469 0.241295 0.519371 0.244145 0.519196 0.244793 0.517448 0.246218 0.517448 0.248549 0.514126 0.252047 0.513601 0.252824 0.512378 0.255803 0.511853 0.256451 0.510455 0.260725 0.506084 0.259171 0.504685 0.259041 0.501888 0.257487 0.502413 0.255026 0.498392 0.253472 0.498741 0.250622 0.495070 0.245570 0.489476 0.244922 0.489825 0.240389 0.483531 0.237539 0.484056
0 0.099093 0.015647 0.096373 0.019668 0.096503 0.021941 0.093640 0.025262 0.093640 0.026836 0.087953 0.033479 0.088212 0.035752 0.085622 0.038374 0.086269 0.040822 0.081477 0.045892 0.081982 0.047990 0.078368 0.052885 0.079663 0.055332 0.080570 0.056906 0.093782 0.056906 0.094041 0.058479 0.114249 0.059178 0.113990 0.053934 0.113070 0.052535 0.113070 0.049913 0.111399 0.048514 0.111528 0.044493 0.110622 0.043969 0.109974 0.041171 0.109326 0.040122 0.108938 0.037675 0.107889 0.037675 0.107772 0.032255 0.106736 0.031206 0.106736 0.029108 0.105298 0.028409 0.104793 0.023514 0.102461 0.020192 0.102332 0.018444
0 0.058187 0.578497 0.067604 0.588881 0.067604 0.592657 0.069728 0.592465 0.075181 0.599458 0.074650 0.601783 0.076632 0.602150 0.079819 0.607517 0.081282 0.606993 0.082215 0.605734 0.082876 0.605192 0.083277 0.601066 0.083938 0.599808 0.084067 0.595332 0.085130 0.594808 0.085000 0.588706 0.086995 0.587640 0.086995 0.582605 0.088459 0.582605 0.088057 0.577413 0.089521 0.576888 0.089521 0.572220 0.090583 0.571678 0.090842 0.559318 0.088588 0.559318 0.088316 0.560927 0.082746 0.560927 0.081684 0.562727 0.076904 0.563077 0.076775 0.563986 0.073588 0.564493 0.072915 0.566311 0.068005 0.566661 0.067746 0.567378 0.063627 0.567745 0.062293 0.569161 0.057513 0.570437 0.057124 0.573811 0.058446 0.574738
0 0.316762 0.772430 0.347720 0.773129 0.348886 0.771556 0.352513 0.771731 0.352642 0.774703 0.351995 0.775577 0.349870 0.781469 0.336321 0.819983 0.334637 0.819983 0.333083 0.817710 0.332694 0.815612 0.332047 0.815612 0.331528 0.811766 0.329067 0.808444 0.329197 0.805997 0.326995 0.803024 0.326477 0.801276 0.325570 0.800752 0.324922 0.797955 0.322850 0.794458 0.322850 0.793409 0.321943 0.792360 0.321943 0.789913 0.319093 0.786066 0.318834 0.783969 0.315984 0.779948
0 0.442927 0.752430 0.458212 0.785472 0.458472 0.789668 0.440984 0.790367 0.440466 0.791766 0.439171 0.791941 0.437617 0.790542 0.435933 0.790717 0.435674 0.791591 0.427642 0.791766 0.427254 0.790892 0.424793 0.789143 0.429326 0.781626 0.429845 0.777430 0.431528 0.775682 0.433083 0.771136 0.435155 0.769563 0.434896 0.765192 0.438394 0.761521 0.437876 0.758549 0.438912 0.758549 0.438912 0.756626
0 0.558705 0.863724 0.580207 0.863566 0.580337 0.861101 0.576451 0.854283 0.576192 0.852203 0.574119 0.849213 0.573990 0.847115 0.572953 0.846766 0.572694 0.844668 0.570751 0.841521 0.569974 0.836626 0.567772 0.834720 0.567513 0.830682 0.565311 0.827885 0.564922 0.826486 0.563497 0.824563 0.563109 0.822483 0.562073 0.821941 0.559741 0.823164 0.560000 0.824913 0.558964 0.826486 0.558575 0.829476 0.557280 0.829983 0.556891 0.833129 0.554430 0.835927 0.554689 0.838024 0.553264 0.838724 0.553523 0.843462 0.550933 0.845892 0.551451 0.847990 0.549767 0.848864 0.549896 0.851661 0.546658 0.855157 0.547047 0.856573 0.546140 0.857955 0.546140 0.861451 0.544585 0.861626 0.544326 0.865997 0.558575 0.865472
0 0.758083 0.798357 0.757824 0.807273 0.756788 0.807797 0.756528 0.818462 0.755751 0.818462 0.755233 0.830000 0.753031 0.831748 0.752772 0.842238 0.751736 0.842413 0.751477 0.850979 0.750311 0.851329 0.750311 0.856224 0.748627 0.858147 0.749404 0.859545 0.788135 0.842762 0.792668 0.842587 0.792798 0.841364 0.794223 0.840490 0.789430 0.834196 0.787876 0.834371 0.788005 0.830524 0.785544 0.830699 0.766114 0.804476 0.764560 0.804476 0.764689 0.800455 0.763135 0.800455 0.759896 0.796958
0 0.513433 0.622255 0.514858 0.624003 0.528588 0.624178 0.528329 0.621381 0.527293 0.620857 0.526775 0.615437 0.525738 0.614563 0.527293 0.613514 0.526904 0.608269 0.524184 0.608269 0.524184 0.607220 0.516930 0.590787 0.516671 0.586241 0.515894 0.585892 0.515635 0.582220 0.512137 0.581696 0.509806 0.585367 0.509158 0.588339 0.508122 0.589388 0.508251 0.591486 0.505661 0.594108 0.505531 0.596731 0.501645 0.601101 0.501775 0.603724 0.498925 0.607045 0.499443 0.610542 0.496723 0.613864 0.496723 0.616661 0.495168 0.617710 0.495039 0.620157 0.496205 0.621731
0 0.775920 0.627675 0.776438 0.624703 0.777604 0.623479 0.782008 0.622955 0.782008 0.628549 0.782655 0.629773 0.793536 0.672080 0.794832 0.673479 0.795220 0.682570 0.793407 0.681696 0.792630 0.679773 0.786023 0.679598 0.785505 0.677150 0.777992 0.678024 0.777215 0.676101 0.772552 0.676626 0.772034 0.674528 0.766852 0.674878 0.766464 0.672255 0.761023 0.672605 0.760635 0.670682 0.752863 0.670857 0.751956 0.669458 0.749624 0.669633 0.750531 0.668234 0.754288 0.664038 0.754288 0.661766 0.758174 0.656171 0.758044 0.654773 0.759987 0.654423 0.761671 0.652675 0.761282 0.649528 0.765687 0.645157 0.765687 0.641661 0.775531 0.630122
0 0.900181 0.297990 0.900052 0.315997 0.899534 0.316503 0.898627 0.330490 0.897332 0.330682 0.897461 0.356556 0.892280 0.356906 0.889948 0.353059 0.888782 0.353759 0.885803 0.349388 0.884637 0.349563 0.881658 0.345892 0.880492 0.346224 0.877772 0.342045 0.876218 0.342570 0.862098 0.328234 0.859249 0.328059 0.859249 0.325437 0.856917 0.324738 0.858083 0.322115 0.862098 0.322290 0.864689 0.318969 0.866891 0.318969 0.869741 0.314755 0.872591 0.315297 0.875052 0.312675 0.898756 0.295717
0 0.594715 0.467657 0.594715 0.469755 0.595622 0.470280 0.595751 0.499126 0.596917 0.500874 0.597565 0.505769 0.596010 0.507168 0.596399 0.510664 0.597953 0.510490 0.619456 0.493007 0.620881 0.493531 0.624896 0.487063 0.621788 0.482867 0.619197 0.482867 0.617642 0.481643 0.615699 0.481469 0.614534 0.479371 0.613627 0.479196 0.612461 0.477273 0.599119 0.468182 0.598212 0.466608
0 0.279689 0.065105 0.279948 0.067902 0.279041 0.068427 0.278782 0.071049 0.277617 0.071573 0.277228 0.078741 0.276321 0.078741 0.275933 0.083112 0.274637 0.083636 0.274767 0.088357 0.273601 0.088531 0.273731 0.091503 0.272565 0.092203 0.272694 0.096923 0.272047 0.097797 0.271269 0.100944 0.270104 0.101818 0.269715 0.105140 0.268679 0.107587 0.269067 0.111434 0.272824 0.111259 0.272953 0.110035 0.280984 0.109860 0.282927 0.108287 0.287979 0.108636 0.288627 0.106888 0.295881 0.106189 0.296917 0.104790 0.302487 0.104965 0.303135 0.103217 0.304948 0.103042 0.303005 0.100070 0.303264 0.097448 0.297694 0.091154 0.297824 0.087133 0.291477 0.080315 0.291347 0.076818 0.288627 0.077517 0.288627 0.074720 0.281762 0.065105
0 0.482047 0.746661 0.482176 0.768514 0.483342 0.768864 0.485674 0.766066 0.488782 0.766241 0.490984 0.762220 0.492927 0.762745 0.493575 0.759948 0.495130 0.760647 0.497332 0.758024 0.496943 0.756101 0.495907 0.756276 0.493187 0.752430 0.491503 0.751906 0.491114 0.750682 0.488523 0.750507 0.488005 0.748234 0.486062 0.748234 0.485285 0.747010
0 0.866334 0.664738 0.875142 0.664213 0.875661 0.665262 0.886153 0.665787 0.887578 0.667885 0.908821 0.671381 0.909080 0.674353 0.905712 0.679073 0.906231 0.681346 0.901826 0.685367 0.901826 0.687815 0.897681 0.692885 0.898199 0.695332 0.893795 0.699878 0.894443 0.701976 0.890168 0.706871 0.890298 0.708444 0.886153 0.713864 0.886153 0.715962 0.881490 0.716836 0.880972 0.710367 0.879547 0.710017 0.879417 0.704773 0.878251 0.704598 0.878381 0.701451 0.877085 0.700752 0.876956 0.698129 0.876049 0.697255 0.876049 0.693059 0.874754 0.692360 0.874495 0.690437 0.873718 0.689563 0.873459 0.684493 0.871645 0.683619 0.871904 0.680997 0.870738 0.680647 0.870738 0.676626 0.869832 0.675927 0.869313 0.674003 0.867889 0.673479 0.867630 0.669283 0.868148 0.667885 0.867111 0.667360
0 0.091503 0.442657 0.086192 0.450175 0.084767 0.449476 0.084637 0.452448 0.080751 0.456294 0.080233 0.459441 0.078938 0.459965 0.077124 0.461364 0.076995 0.465210 0.075052 0.466608 0.073886 0.466783 0.072720 0.470804 0.069611 0.475000 0.067927 0.473776 0.067798 0.476573 0.063912 0.481294 0.064301 0.482867 0.064948 0.484441 0.069741 0.484266 0.070130 0.486713 0.071813 0.486014 0.074016 0.488811 0.080233 0.488462 0.081658 0.489685 0.085674 0.490385 0.086062 0.492308 0.088394 0.492832 0.089301 0.494056 0.096813 0.493881 0.097461 0.496329 0.101477 0.496154 0.101865 0.489161 0.101736 0.488636 0.101218 0.480769 0.099275 0.480245 0.099016 0.475699 0.098109 0.474825 0.098238 0.470979 0.096554 0.468531 0.096813 0.463811 0.096166 0.463636 0.095648 0.456294 0.094482 0.455944 0.094482 0.452098 0.093316 0.451923 0.093316 0.445455
0 0.134767 0.592832 0.134767 0.595979 0.131140 0.599650 0.131140 0.602098 0.128420 0.605245 0.128420 0.607343 0.126218 0.610664 0.126088 0.612762 0.124793 0.614860 0.127124 0.614860 0.128420 0.616958 0.135155 0.616608 0.136710 0.618357 0.137746 0.618357 0.138264 0.616783 0.145130 0.616608 0.144223 0.615909 0.143705 0.612762 0.142668 0.612063 0.142150 0.605944 0.141114 0.605420 0.141114 0.602448 0.139689 0.601573 0.139819 0.597552 0.138782 0.597203 0.138523 0.594930
0 0.402176 0.036818 0.398679 0.040315 0.398938 0.042587 0.395052 0.047133 0.395570 0.049231 0.391036 0.054301 0.391554 0.056399 0.384948 0.064965 0.384948 0.066538 0.383264 0.068811 0.383264 0.071084 0.385078 0.071434 0.385596 0.072832 0.396477 0.073007 0.397772 0.074930 0.407617 0.075105 0.407746 0.076853 0.414352 0.076853 0.414482 0.071434 0.413316 0.069685 0.413057 0.065140 0.412409 0.064790 0.412409 0.062343 0.410855 0.061119 0.410596 0.056748 0.409560 0.055699 0.409301 0.051329 0.408005 0.049930 0.408005 0.045734 0.407098 0.045559 0.406710 0.041189 0.404119 0.037168
0 0.783459 0.461416 0.775039 0.461416 0.774650 0.465437 0.775557 0.466486 0.775557 0.471206 0.776852 0.471731 0.777500 0.478199 0.778925 0.479773 0.779832 0.483969 0.784365 0.494108 0.790583 0.486766 0.790194 0.485017 0.794987 0.478024 0.795246 0.476276 0.800816 0.469283 0.800557 0.465437 0.792267 0.465787 0.791619 0.463339 0.784106 0.463339
0 0.441943 0.150455 0.442720 0.150455 0.442979 0.184196 0.441813 0.181748 0.438705 0.181748 0.438057 0.180524 0.436114 0.180350 0.433782 0.176853 0.430674 0.176678 0.428990 0.173706 0.426528 0.173182 0.426140 0.171783 0.424715 0.171434 0.420829 0.166888 0.422513 0.164441 0.424585 0.164790 0.428342 0.158671 0.429249 0.159196 0.431839 0.155699 0.433264 0.155524 0.434301 0.153252 0.435207 0.153776 0.438446 0.149580 0.439352 0.149930 0.441036 0.148182
0 0.508381 0.000000 0.505674 0.005227 0.505674 0.007500 0.501788 0.012570 0.501528 0.015017 0.500363 0.015892 0.500492 0.018514 0.497254 0.020962 0.498161 0.023584 0.494793 0.026556 0.495181 0.028829 0.494404 0.029178 0.493627 0.032500 0.490130 0.035647 0.491295 0.038619 0.489093 0.040892 0.488575 0.043339 0.487150 0.044213 0.487409 0.046136 0.485855 0.047710 0.486891 0.048934 0.488575 0.052605 0.489741 0.050857 0.521736 0.050157 0.522383 0.052780 0.531062 0.051731 0.532098 0.049633 0.532098 0.048059 0.531321 0.047885 0.531451 0.044913 0.529119 0.041416 0.512707 0.000000
0 0.783925 0.075402 0.790013 0.082745 0.790013 0.085367 0.792474 0.085017 0.792863 0.088339 0.799210 0.097080 0.799080 0.101451 0.793381 0.101626 0.792604 0.102850 0.788199 0.103024 0.787293 0.104773 0.781723 0.104773 0.780687 0.106521 0.779650 0.104948 0.778744 0.106871 0.774339 0.106346 0.774080 0.104948 0.773433 0.104248 0.774210 0.103024 0.774598 0.095157 0.775894 0.093934 0.776282 0.091486 0.776930 0.091661 0.777189 0.086241 0.778096 0.086241 0.778355 0.083094 0.779132 0.082920 0.779909 0.077150 0.780816 0.075752 0.780687 0.073129 0.783277 0.071906
