0 0.515907 0.514738 0.528886 0.541958 0.540155 0.512413
0 0.166580 0.013059 0.166580 0.022745 0.169106 0.022465 0.177966 0.039825 0.187254 0.019615 0.188510 0.010507 0.171218 0.010227
0 0.259793 0.112692 0.250298 0.133741 0.255570 0.134038 0.257047 0.134598 0.270544 0.135175 0.263381 0.114685
0 0.120181 0.260682 0.137902 0.253864 0.133899 0.280892
0 0.900816 0.796189 0.884883 0.816643 0.885013 0.818566 0.905609 0.829056
0 0.952241 0.756329 0.951205 0.780804 0.967008 0.772413 0.961956 0.766294 0.960531 0.766469
0 0.137759 0.571766 0.137500 0.573164 0.135557 0.574038 0.134909 0.575962 0.123381 0.591364 0.123510 0.595035 0.126749 0.595559 0.127008 0.596958 0.133225 0.597483 0.135557 0.599406 0.136723 0.599406 0.137241 0.600804 0.145155 0.601154 0.145155 0.594860 0.143731 0.594510 0.143342 0.590315 0.142565 0.589266 0.142435 0.585752 0.141399 0.585752 0.140751 0.579283 0.140104 0.578934 0.139715 0.573339
0 0.926464 0.798986 0.921282 0.827133 0.942655 0.821364 0.942655 0.816119
0 0.265492 0.386294 0.250324 0.402535 0.249301 0.402360 0.247215 0.405332 0.250453 0.410052 0.253044 0.409703 0.269106 0.418094 0.268847 0.409528 0.268329 0.408829 0.269106 0.406399 0.267293 0.404108 0.267435 0.393287
0 0.239832 0.440997 0.248653 0.440647 0.249301 0.439248 0.264313 0.439423 0.253044 0.470017 0.241528 0.448164 0.239585 0.446416
0 0.274676 0.477535 0.291127 0.497990 0.294106 0.485752 0.295285 0.484196 0.295531 0.477710 0.295142 0.476486 0.296308 0.474213 0.296049 0.470017 0.295142 0.468269 0.291775 0.467920 0.291645 0.469843 0.288536 0.470367 0.288277 0.472115 0.283096 0.471766 0.281930 0.474388 0.278303 0.475262
0 0.559832 0.873374 0.570453 0.901171 0.581593 0.872675 0.580039 0.874073 0.578873 0.872325
0 0.336982 0.438899 0.332202 0.458654 0.331801 0.466713 0.337111 0.466171 0.338277 0.465472 0.343329 0.465839 0.345803 0.462150 0.349417 0.463024 0.349689 0.461469 0.353951 0.461626 0.346697 0.450262 0.347098 0.447990 0.340220 0.438549
0 0.342811 0.353951 0.354728 0.347832 0.355376 0.346241 0.357837 0.346416 0.358873 0.363024 0.357707 0.365822 0.353692 0.364773 0.351101 0.359878 0.349547 0.359703 0.347098 0.356206
0 0.526360 0.761311 0.519365 0.768304 0.519754 0.768829 0.512111 0.780192 0.511852 0.782640 0.509780 0.783864 0.510816 0.786661 0.534391 0.791381
0 0.335557 0.371591 0.339832 0.372990 0.358355 0.382255 0.342034 0.404650 0.340479 0.403776 0.336593 0.380507 0.335557 0.380175
0 0.424288 0.318112 0.424547 0.324913 0.425324 0.325262 0.426114 0.350612 0.409922 0.340122 0.406684 0.337675 0.407060 0.335227 0.405505 0.335227 0.421956 0.318619
0 0.535687 0.790682 0.551490 0.773024 0.555635 0.799073
0 0.578407 0.758462 0.601723 0.755490 0.593692 0.781189
0 0.638122 0.761608 0.631386 0.787832 0.648873 0.784685 0.650039 0.778566 0.648355 0.777517 0.647319 0.775594
0 0.722241 0.953164 0.712267 0.964178 0.723536 0.969423
0 0.772241 0.960507 0.781179 0.994948 0.798407 0.969598
0 0.728148 0.243252 0.732306 0.236871 0.732163 0.235524 0.738899 0.225839 0.738614 0.224493 0.740337 0.221591 0.748795 0.247710 0.739041 0.247902 0.738472 0.245577 0.733886 0.245769 0.733161 0.244021
0 0.087111 0.124738 0.088277 0.157780 0.099417 0.146591 0.099547 0.144843 0.101490 0.145909 0.105635 0.139248 0.107319 0.139423 0.106930 0.133829 0.104080 0.133829 0.102526 0.132797 0.094883 0.127010 0.093977 0.124930 0.091917 0.124930 0.089832 0.121941 0.087889 0.121434
0 0.058355 0.148864 0.042694 0.168636 0.057837 0.177710 0.064573 0.178059 0.064067 0.157273 0.062124 0.156206 0.062124 0.152535 0.059780 0.149213
0 0.143847 0.190997 0.164702 0.191364 0.163808 0.197640 0.156412 0.216713 0.153446 0.220210 0.152267 0.219668 0.144236 0.203934 0.143731 0.198864 0.141140 0.196066 0.141256 0.192570
0 0.086464 0.288724 0.107461 0.272290 0.106930 0.307955 0.103303 0.309178 0.090220 0.292220
0 0.098834 0.330594 0.086736 0.349580 0.082707 0.333129 0.080505 0.330857 0.080764 0.323357 0.083497 0.323357 0.083614 0.325612 0.095155 0.325105
0 0.121710 0.412675 0.122358 0.435927 0.136464 0.424388
0 0.168070 0.452535 0.185946 0.460052 0.186205 0.464091 0.183355 0.468462 0.181412 0.467395 0.181295 0.470717 0.172474 0.480699 0.170933 0.480699 0.170285 0.476329 0.168459 0.461801 0.167293 0.461469
0 0.191904 0.394161 0.214974 0.390297 0.206282 0.420892 0.204210 0.421766 0.195272 0.405682 0.193329 0.404983 0.193459 0.401154 0.190609 0.396941
0 0.803407 0.924860 0.809754 0.918392 0.811308 0.918042 0.811826 0.932028 0.809624 0.931853
0 0.223899 0.483654 0.227655 0.484003 0.227785 0.481906 0.230246 0.483129 0.232707 0.477535 0.240350 0.478759 0.241775 0.477203 0.248510 0.477203 0.243070 0.510577 0.237370 0.504633 0.236995 0.504458 0.233355 0.500437 0.233355 0.498689 0.225712 0.488199
0 0.678005 0.527745 0.697189 0.536486 0.682927 0.555909 0.679443 0.555210 0.678925 0.547692 0.678264 0.546294 0.677876 0.538584 0.676697 0.537360
0 0.431801 0.377360 0.423640 0.403409 0.422733 0.410402 0.431023 0.410577 0.431153 0.408479 0.441386 0.409021 0.442163 0.406906 0.446438 0.407080 0.447863 0.404108 0.447733 0.402360 0.444106 0.397657 0.444106 0.395035 0.443199 0.395542 0.442811 0.391871 0.439573 0.390822 0.439832 0.388042
0 0.431541 0.421591 0.426114 0.420717 0.425712 0.419843 0.413925 0.419668 0.412111 0.421591 0.412513 0.424563 0.413277 0.424913 0.420337 0.444056
0 0.430246 0.438374 0.450078 0.419668 0.453044 0.419843 0.453821 0.452885 0.452915 0.454808 0.451101 0.454108 0.450078 0.452727 0.447085 0.452727 0.445661 0.449738 0.442552 0.449038 0.443070 0.447640 0.438420 0.446766
0 0.177306 0.560385 0.177824 0.561783 0.175881 0.562657 0.174974 0.564580 0.173031 0.564580 0.172902 0.566521 0.165764 0.567570 0.167448 0.578584 0.171982 0.579808 0.181321 0.587150 0.183394 0.587500 0.183653 0.563182 0.182746 0.562832 0.183264 0.561084 0.183394 0.559336
0 0.092137 0.582080 0.081891 0.606224 0.081762 0.608846 0.103148 0.609895 0.104443 0.607972 0.104184 0.603252 0.103407 0.602552 0.103407 0.600105 0.100557 0.597133 0.100557 0.594860 0.098614 0.594860 0.098225 0.589790 0.094339 0.582430
0 0.071645 0.646469 0.065427 0.663619 0.063873 0.665017 0.064003 0.667990 0.062319 0.671311 0.062189 0.674108 0.078782 0.674283 0.079301 0.672185 0.082021 0.672710 0.084093 0.670087
0 0.100039 0.685315 0.098873 0.687413 0.098225 0.689336 0.088627 0.705787 0.110285 0.705962 0.108990 0.703164 0.108860 0.701066 0.107824 0.700542 0.107176 0.695979 0.105350 0.693706 0.105220 0.690385 0.104054 0.690559 0.103277 0.687063
0 0.156036 0.669738 0.153446 0.673409 0.149171 0.687937 0.147487 0.688811 0.147746 0.693706 0.161878 0.693706 0.162008 0.692483 0.167319 0.692133 0.167189 0.689336 0.165117 0.688811 0.165246 0.684441 0.163433 0.681818 0.162915 0.678671 0.158381 0.673409 0.158769 0.671836
0 0.167060 0.654161 0.167448 0.665892 0.166412 0.666591 0.166153 0.682168 0.167448 0.681643 0.167966 0.680245 0.172500 0.679545 0.173549 0.678846 0.177306 0.677972 0.178990 0.674633 0.181451 0.674808 0.182098 0.672360 0.185596 0.673059 0.187021 0.669563 0.180544 0.660472 0.179378 0.661346 0.177435 0.657325 0.175233 0.657850 0.170946 0.652762 0.169391 0.651713
0 0.282358 0.092483 0.281308 0.110979 0.280039 0.111259 0.280039 0.121801 0.284676 0.120944 0.287422 0.117815 0.290790 0.118374 0.299858 0.113252 0.300285 0.110402 0.297332 0.108129 0.292474 0.098741 0.287630 0.095035
0 0.311464 0.100734 0.339301 0.103584 0.326645 0.132885
0 0.181503 0.614528 0.181762 0.621696 0.186036 0.632535 0.194067 0.615752 0.189404 0.615577 0.188756 0.613654 0.186166 0.613829 0.184741 0.611556 0.184093 0.613654
0 0.205725 0.668199 0.213497 0.659283 0.214404 0.659458 0.218161 0.654038 0.219456 0.653689 0.221140 0.651941 0.221788 0.653514 0.222565 0.654563 0.222694 0.660332 0.223990 0.661381 0.223731 0.663479 0.222306 0.664703 0.224249 0.666451 0.223990 0.679388 0.222953 0.679913 0.222435 0.681836 0.221010 0.681661 0.217513 0.678514 0.215570 0.677640 0.214793 0.676766 0.210259 0.676066
0 0.050415 0.783759 0.050803 0.785507 0.045233 0.792850 0.046010 0.794773 0.043031 0.797570 0.043420 0.799493 0.040311 0.802815 0.040699 0.805612 0.039275 0.806136 0.039663 0.808409 0.041865 0.809108 0.043161 0.810507 0.055207 0.810857 0.056114 0.812780 0.057539 0.812955 0.058446 0.811206 0.060518 0.810857 0.060518 0.808934 0.059741 0.807535 0.059223 0.803164 0.058964 0.802815 0.057927 0.799668 0.056762 0.799318 0.056503 0.795472
0 0.094845 0.775367 0.095104 0.800717 0.110130 0.789178 0.109870 0.785857 0.101580 0.778339 0.100544 0.777640 0.098342 0.774318 0.097565 0.776416
0 0.055725 0.832010 0.055984 0.839178 0.057409 0.839878 0.057668 0.859108 0.061036 0.859983 0.068290 0.851066 0.069456 0.851066 0.069715 0.848619 0.075155 0.841626 0.069715 0.835857 0.067642 0.835332 0.066736 0.834108 0.065959 0.835682 0.064793 0.833759 0.062202 0.833934 0.061295 0.832185
0 0.873614 0.957902 0.888122 0.947937 0.888251 0.968392 0.886179 0.967867
0 0.050674 0.884808 0.052098 0.884108 0.052358 0.885857 0.053523 0.887430 0.056762 0.902465 0.055337 0.905087 0.049508 0.904913 0.048731 0.903864 0.046788 0.903514 0.046269 0.901766 0.042772 0.901591 0.042254 0.899843 0.040699 0.899668 0.040181 0.897570 0.048472 0.886556 0.050544 0.886206
0 0.203070 0.086783 0.206010 0.107570 0.218031 0.091906 0.211710 0.085070
0 0.211295 0.049213 0.208964 0.084231 0.232163 0.068566
0 0.195052 0.114388 0.214456 0.115524 0.202642 0.139161
0 0.110518 0.913129 0.109352 0.940752 0.110777 0.941451 0.115311 0.936381 0.120104 0.936381 0.128782 0.925717
0 0.171140 0.853339 0.171528 0.856661 0.176969 0.870472 0.178135 0.870647 0.179689 0.874668 0.181762 0.875192 0.183316 0.880787 0.184223 0.880612 0.186166 0.879563 0.186425 0.873619 0.190052 0.868024 0.189663 0.863654 0.191606 0.862955 0.191736 0.857535 0.192383 0.857535 0.193161 0.855262 0.193808 0.853864 0.193808 0.851416 0.176710 0.851066 0.176969 0.853164
0 0.205855 0.807535 0.203005 0.808409 0.203523 0.814878 0.204560 0.814003 0.205078 0.818199 0.208705 0.823094 0.208575 0.825892 0.211036 0.828339 0.211684 0.832185 0.212979 0.832185 0.214404 0.829213 0.216218 0.829913 0.216477 0.825542 0.217513 0.825367 0.217642 0.821521 0.218679 0.821171 0.218549 0.818899 0.220104 0.817500 0.220233 0.814703 0.222824 0.812080 0.222824 0.805962 0.206891 0.806136
0 0.263420 0.878234 0.262902 0.882063 0.261995 0.883129 0.262124 0.885559 0.261088 0.886626 0.260570 0.890647 0.259793 0.891346 0.259663 0.894301 0.257720 0.895717 0.258238 0.901294 0.257202 0.903584 0.266010 0.903916 0.266788 0.901294 0.274560 0.901836 0.274948 0.900087 0.276891 0.900087 0.276891 0.898671 0.278705 0.897290 0.271839 0.889773 0.271839 0.886976 0.264974 0.878234
0 0.272228 0.905507 0.272098 0.907780 0.269896 0.911276 0.269896 0.913899 0.266010 0.918969 0.266140 0.920192 0.263420 0.923339 0.263161 0.926136 0.262254 0.927010 0.262383 0.929458 0.267435 0.929458 0.268731 0.931381 0.284016 0.932255 0.275337 0.907780 0.274301 0.905332
0 0.347228 0.949213 0.347617 0.954458 0.346062 0.955157 0.346321 0.964073 0.345026 0.965822 0.345674 0.977885 0.347228 0.975262 0.350466 0.975262 0.351632 0.973689 0.353057 0.973689 0.353446 0.971766 0.355907 0.971416 0.356295 0.970192 0.359793 0.970717 0.359404 0.968601 0.362383 0.968269 0.362513 0.967045 0.364326 0.966521 0.359663 0.959703 0.356943 0.960227 0.352798 0.953059 0.351503 0.953234 0.350984 0.951119 0.349041 0.950962
0 0.422487 0.949038 0.425466 0.949213 0.425855 0.952535 0.430777 0.956556 0.429611 0.959178 0.434793 0.965297 0.435181 0.967727 0.437902 0.971416 0.434663 0.972098 0.433497 0.973514 0.428575 0.973514 0.427409 0.975087 0.415104 0.975087 0.421451 0.953059
0 0.399171 0.911101 0.400337 0.910752 0.405000 0.916871 0.405000 0.918776 0.411736 0.927517 0.411347 0.929633 0.414715 0.932955 0.414845 0.935052 0.409922 0.934703 0.408886 0.936976 0.399560 0.936451 0.398523 0.938199 0.391528 0.938881 0.391269 0.938199 0.392435 0.936976 0.392565 0.930332 0.393990 0.930332 0.393731 0.925262 0.395155 0.924388 0.395155 0.922273 0.396839 0.922115 0.396969 0.916346 0.397876 0.916154 0.397876 0.913024
0 0.389326 0.838724 0.393601 0.868951 0.372876 0.860577 0.379611 0.848846 0.382332 0.848514 0.383238 0.844318
0 0.167215 0.023304 0.163212 0.055752 0.144650 0.034406
0 0.175440 0.051486 0.194845 0.071136 0.196528 0.036976 0.181554 0.045227 0.178601 0.045507
0 0.282215 0.649580 0.278977 0.653951 0.279236 0.656748 0.277163 0.657622 0.277163 0.660594 0.273925 0.664441 0.274054 0.666888 0.272630 0.667587 0.272889 0.672832 0.276904 0.672483 0.277163 0.674056 0.291412 0.674755 0.291153 0.671259 0.290117 0.670559 0.289728 0.664615 0.289339 0.663392 0.288433 0.661818 0.286878 0.659545 0.286101 0.658147 0.285842 0.655175 0.285065 0.654650 0.285065 0.653427
0 0.261231 0.627028 0.275609 0.638042 0.276645 0.639615 0.279624 0.640140 0.279106 0.606224 0.277163 0.606224 0.260712 0.619685 0.257992 0.622657 0.258381 0.626503
0 0.323277 0.636119 0.322241 0.638217 0.320168 0.638217 0.320946 0.641189 0.310842 0.652902 0.312008 0.654301 0.306697 0.660245 0.308251 0.662168 0.310324 0.662517 0.311360 0.664266 0.315246 0.663392 0.316282 0.665664 0.323277 0.665140 0.323666 0.667063 0.327034 0.667587 0.332474 0.667762 0.326516 0.648182 0.325868 0.641888
0 0.316541 0.601329 0.331308 0.600105 0.331438 0.609021 0.326386 0.624056 0.325997 0.630524 0.323925 0.631049 0.314987 0.620035 0.315117 0.617587 0.308381 0.608322 0.308381 0.607098 0.314080 0.603776
0 0.281179 0.543986 0.280272 0.546958 0.280272 0.547133 0.279883 0.559371 0.279106 0.559720 0.279236 0.568636 0.280531 0.564790 0.284417 0.565839 0.285453 0.564965 0.287655 0.563217 0.287655 0.562692 0.290376 0.563217 0.291671 0.560944 0.294650 0.560594 0.295946 0.558497 0.294132 0.557098 0.293614 0.555000 0.292578 0.553776 0.286619 0.548007 0.284935 0.548706 0.284935 0.546084
0 0.117085 0.309336 0.107630 0.328392 0.109054 0.331713 0.124339 0.332238 0.124210 0.328042 0.123174 0.326643 0.123044 0.323322 0.121749 0.321748 0.121360 0.319126 0.120842 0.319126 0.120065 0.314930 0.118769 0.314056
0 0.140272 0.333636 0.145972 0.333287 0.157630 0.339231 0.160738 0.344126 0.158277 0.346573 0.157630 0.351643 0.155168 0.351643 0.155557 0.354790 0.152707 0.356364 0.153614 0.359860 0.147655 0.365455 0.145065 0.365979 0.145065 0.360734 0.144547 0.359685 0.143769 0.354790 0.143251 0.354615 0.142733 0.351119 0.141826 0.350944 0.141697 0.349021 0.140272 0.346399 0.139883 0.343077 0.138847 0.341154
0 0.947707 0.830455 0.933329 0.857028 0.959106 0.862972
0 0.278225 0.280140 0.275505 0.283462 0.274469 0.286259 0.273951 0.288182 0.273433 0.288881 0.271360 0.289930 0.266438 0.299196 0.265013 0.297972 0.259443 0.306713 0.279909 0.317902 0.279003 0.290105 0.278096 0.289406 0.279521 0.286608
0 0.307500 0.268252 0.306464 0.267552 0.301412 0.275594 0.318251 0.286434 0.319676 0.285734 0.320712 0.287657 0.323303 0.287657 0.323433 0.283287 0.321619 0.282238 0.322137 0.265804 0.321101 0.265280 0.320972 0.257238 0.317604 0.257063 0.316567 0.259510 0.314624 0.258986 0.313847 0.261958 0.311516 0.261434
0 0.316101 0.182990 0.332124 0.173024 0.332124 0.190105 0.331490 0.192098 0.331075 0.204615 0.329806 0.206608 0.327060 0.206608 0.323692 0.201206 0.321788 0.200909 0.314624 0.191521 0.312720 0.192657 0.311036 0.188671 0.312306 0.182413
0 0.064508 0.500629 0.069780 0.529650 0.074210 0.521976 0.074637 0.520839 0.077370 0.520542 0.082642 0.512867 0.082228 0.509161 0.084974 0.507448 0.080324 0.503182 0.074637 0.503759 0.073795 0.501189 0.068731 0.500052
0 0.352617 0.745087 0.352617 0.747028 0.347539 0.754598 0.347668 0.756346 0.344663 0.758811 0.344534 0.762867 0.349495 0.763392 0.350013 0.765140 0.360052 0.765140 0.357435 0.757063 0.356658 0.750192 0.356399 0.750192 0.355881 0.747028 0.353925 0.745262
0 0.372953 0.740000 0.376606 0.739283 0.377124 0.738409 0.386904 0.738059 0.385337 0.747028 0.385078 0.747727 0.384158 0.752133 0.382992 0.751434 0.383122 0.754073 0.381554 0.754423 0.374909 0.745629 0.374650 0.742622 0.373601 0.742622
0 0.437992 0.785385 0.435518 0.795402 0.435648 0.801906 0.438122 0.802273 0.439028 0.801031 0.443472 0.800157 0.444119 0.798392 0.446075 0.798392 0.446334 0.794353 0.440855 0.786783
0 0.526412 0.954668 0.536386 0.954843 0.536386 0.952745 0.545065 0.952920 0.545324 0.950997 0.548951 0.951521 0.541308 0.981416 0.538329 0.980192 0.531334 0.969878 0.530946 0.966031 0.527319 0.962010 0.526930 0.959738 0.525894 0.959738
0 0.566567 0.919703 0.565013 0.936836 0.563977 0.937535 0.563329 0.945752 0.561904 0.945577 0.562681 0.951171 0.566956 0.950822 0.582759 0.943829 0.584443 0.941906 0.582889 0.939633 0.580168 0.939283 0.579780 0.936486 0.576412 0.931241 0.574728 0.932815 0.574728 0.928969 0.573821 0.928794 0.572137 0.923899
0 0.978148 0.718741 0.984883 0.732727 0.985920 0.732203 0.986956 0.734825 0.989547 0.736573 0.991360 0.737098 0.991749 0.732203 0.996153 0.718042 0.996412 0.710524 0.988251 0.711399 0.986308 0.714545 0.983459 0.713846
0 0.878666 0.702657 0.867137 0.722063 0.866619 0.726259 0.864676 0.729755 0.864676 0.732028 0.889288 0.733951 0.888122 0.725559
0 0.955738 0.644948 0.945635 0.664878 0.954702 0.665752 0.955350 0.667150 0.962992 0.666976 0.963381 0.662080
0 0.596373 0.781748 0.578795 0.798339 0.598484 0.815420 0.598484 0.783654
0 0.699676 0.808776 0.719003 0.828217 0.723225 0.794073
0 0.590052 0.677885 0.570725 0.698759 0.577396 0.703497 0.579858 0.708234 0.592500 0.712028
0 0.617098 0.626189 0.613238 0.654178 0.615000 0.656538 0.632215 0.646119
0 0.581256 0.581136 0.566503 0.605332 0.591801 0.608654
0 0.540505 0.579248 0.531010 0.607220 0.537332 0.608164 0.538744 0.607220 0.551399 0.607220 0.554210 0.601538
0 0.343420 0.712867 0.358782 0.712133 0.365181 0.714878 0.365997 0.719283 0.365039 0.722587 0.360687 0.728287 0.361645 0.729755 0.352396 0.742045 0.345596 0.723881
0 0.393290 0.570507 0.407280 0.582570 0.408705 0.582220 0.408834 0.585367 0.398083 0.593584 0.396140 0.594808 0.395104 0.597605 0.391736 0.597430 0.391606 0.572430
0 0.406244 0.598129 0.412979 0.597955 0.425933 0.591836 0.425026 0.622955 0.417642 0.617710 0.417254 0.615612 0.415052 0.615087 0.408834 0.606521 0.406632 0.605472 0.406632 0.603549 0.404689 0.603199 0.404560 0.598829
0 0.443420 0.641311 0.442902 0.644108 0.432021 0.658794 0.431373 0.662815 0.433964 0.664388 0.436295 0.665612 0.437720 0.665962 0.438627 0.668059 0.444845 0.667185 0.446010 0.669808 0.452228 0.669108 0.452746 0.662815 0.451969 0.661766 0.451451 0.657220 0.451062 0.656871 0.450674 0.654773 0.450026 0.654248 0.449249 0.646556 0.447565 0.647080 0.447953 0.643059 0.447047 0.643234 0.446788 0.639913 0.445233 0.639388
0 0.492513 0.641486 0.475933 0.660892 0.479430 0.664038 0.482798 0.663864 0.483446 0.665787 0.486036 0.665612 0.487979 0.668584 0.499767 0.669108
0 0.527927 0.475839 0.521839 0.485105 0.523653 0.488252 0.532202 0.488776
0 0.544767 0.494545 0.538808 0.502238 0.539585 0.504685 0.541010 0.504685 0.541917 0.506608 0.547098 0.505909 0.548264 0.504860
0 0.614456 0.451364 0.607850 0.476364 0.616528 0.475315 0.618342 0.473392 0.621192 0.473392 0.622487 0.470594 0.628834 0.470594 0.627021 0.467098 0.625725 0.466573 0.625596 0.463776
0 0.624301 0.372343 0.621062 0.376014 0.620803 0.379860 0.617953 0.383706 0.618212 0.385804 0.616788 0.387028 0.618860 0.388601 0.620803 0.388951 0.628057 0.389126 0.629611 0.387552 0.631554 0.386154 0.631166 0.383182 0.629870 0.381608 0.628575 0.381084 0.628187 0.378112
0 0.540376 0.298864 0.538951 0.300612 0.535453 0.300437 0.531956 0.302885 0.531308 0.305140 0.530920 0.307605 0.523148 0.319318 0.543873 0.329615
0 0.558277 0.220962 0.556334 0.223059 0.555946 0.226556 0.552319 0.230752 0.552189 0.232675 0.548303 0.238269 0.548562 0.246486 0.553225 0.245787 0.554521 0.247535 0.567863 0.247885 0.566956 0.245262 0.565790 0.243689 0.565531 0.238969 0.564495 0.237570 0.564106 0.234073 0.563588 0.233899 0.563329 0.231101 0.560997 0.230052 0.561645 0.226206
0 0.519935 0.194038 0.520065 0.209598 0.517863 0.209598 0.519158 0.216591 0.522137 0.216066 0.536386 0.206801 0.531075 0.199283 0.529003 0.199808 0.525376 0.194213 0.524469 0.194038 0.523044 0.192115 0.521749 0.191766
0 0.469935 0.190542 0.451412 0.215017 0.473044 0.221836 0.473303 0.222710 0.476023 0.223059 0.476023 0.213269 0.475246 0.212570 0.474598 0.206626 0.473951 0.206451 0.473562 0.199633 0.472785 0.198759 0.472137 0.193689
0 0.418381 0.210997 0.430946 0.211521 0.431982 0.213969 0.433277 0.213794 0.426801 0.226031 0.426930 0.228479 0.423951 0.231451 0.421749 0.231626 0.421360 0.228829 0.418510 0.226031 0.418251 0.221836 0.417604 0.220962 0.417085 0.216591 0.416308 0.214668 0.416567 0.213969
0 0.404352 0.101521 0.427668 0.101521 0.412902 0.130192
0 0.591101 0.014178 0.579495 0.030437 0.594262 0.036434
0 0.659054 0.053269 0.662927 0.079196 0.677539 0.061399
0 0.665078 0.096416 0.678692 0.099703 0.669236 0.114213
0 0.707215 0.112080 0.702345 0.142850 0.725285 0.133164
0 0.714961 0.152133 0.697902 0.168969 0.717254 0.180175
0 0.719832 0.192570 0.710946 0.219073 0.735596 0.213846 0.729003 0.201276 0.728575 0.198374 0.722124 0.190822
0 0.711943 0.253514 0.725427 0.253514 0.726852 0.255629 0.729003 0.255437 0.728575 0.258531 0.719262 0.278269 0.710233 0.255629
0 0.696801 0.537710 0.694093 0.562045 0.700168 0.562045 0.701982 0.560804 0.710285 0.560629 0.710933 0.558531 0.715078 0.558706 0.714560 0.555210 0.711839 0.552762 0.711969 0.550839 0.708484 0.546469 0.708083 0.544196 0.704443 0.539983 0.704197 0.535787 0.702370 0.535787 0.701593 0.534913 0.698368 0.534913
0 0.724417 0.514441 0.722085 0.538059 0.737513 0.530892 0.736995 0.527745 0.734391 0.524423 0.733484 0.523549 0.732319 0.521451 0.730894 0.521451
0 0.741282 0.509196 0.741023 0.511993 0.742824 0.514266 0.744249 0.515315 0.758251 0.533164 0.765635 0.496766
0 0.698420 0.663059 0.696347 0.686608 0.712396 0.677640
0 0.723199 0.653724 0.722228 0.685857 0.743821 0.669965
0 0.866477 0.100787 0.875285 0.100787 0.875933 0.103409 0.884223 0.102710 0.887850 0.103934 0.894067 0.102885 0.894326 0.097640 0.893679 0.095542 0.885389 0.071591 0.883575 0.071766 0.879171 0.076311 0.877617 0.076836 0.877617 0.079633 0.872306 0.086626 0.872306 0.087850 0.867902 0.092745 0.867642 0.094668 0.866606 0.095717
0 0.723057 0.713322 0.718769 0.719860 0.717526 0.719668 0.714611 0.723409 0.712681 0.724161 0.711567 0.727710 0.710052 0.727710 0.708666 0.729003 0.706580 0.729196 0.703821 0.733497 0.704922 0.736853 0.706723 0.737238 0.707837 0.739668 0.709495 0.739283 0.711567 0.742273 0.711010 0.744895 0.712396 0.746573 0.712539 0.747325 0.718355 0.746766 0.719184 0.748636 0.720155 0.749003 0.721256 0.750874 0.723057 0.751626 0.726658 0.746766 0.725972 0.735175 0.725272 0.735175 0.724585 0.715927
0 0.807111 0.657587 0.814870 0.656678 0.814741 0.658846 0.823847 0.662640 0.812332 0.677657 0.809922 0.678007 0.809650 0.667168 0.808446 0.666993 0.808446 0.662290 0.806839 0.661381
0 0.834171 0.629021 0.838718 0.653601 0.840596 0.653601 0.853316 0.635175
0 0.857474 0.622325 0.857746 0.634983 0.856801 0.635175 0.856801 0.647098 0.872604 0.638059 0.872604 0.635175
0 0.893640 0.600997 0.890557 0.605157 0.889624 0.604790 0.877163 0.617273 0.883860 0.618899 0.885868 0.622325 0.890427 0.622517 0.890155 0.623601 0.895777 0.624143 0.896049 0.625052 0.898316 0.621853
0 0.933562 0.583094 0.939184 0.603164 0.942668 0.598829 0.942539 0.594668 0.948161 0.588339 0.947630 0.586538 0.949093 0.585455 0.948031 0.582920 0.940117 0.582745 0.939987 0.580927 0.934896 0.580752
0 0.815635 0.475455 0.826645 0.501678 0.828459 0.501329 0.840246 0.476154 0.836749 0.474580 0.836749 0.474231 0.825091 0.473706 0.824054 0.472308 0.819262 0.472657
0 0.854106 0.474755 0.863303 0.506224 0.882863 0.475629
0 0.889210 0.480524 0.908899 0.499406 0.910712 0.463916
0 0.968484 0.456573 0.952940 0.485070 0.977681 0.487343
0 0.857630 0.283776 0.839883 0.294790 0.856982 0.310350
0 0.865920 0.272238 0.865531 0.300559 0.884443 0.285699 0.883277 0.280629 0.880039 0.281329 0.870194 0.272937
0 0.851930 0.282028 0.850246 0.284476 0.849469 0.283776 0.848044 0.278357 0.847526 0.275210 0.847137 0.273811 0.844547 0.269790 0.844288 0.261399 0.853096 0.260175 0.853744 0.262098 0.859573 0.262098 0.859961 0.263671 0.862422 0.264371 0.862034 0.266993 0.859961 0.268566 0.860350 0.270839
0 0.921269 0.175612 0.921269 0.179983 0.922953 0.182255 0.930596 0.200612 0.935648 0.192220 0.935648 0.190297 0.940181 0.184878 0.940181 0.182430 0.941865 0.180332 0.941347 0.179458 0.940311 0.177885 0.934611 0.176661 0.933834 0.175087
0 0.965052 0.136276 0.945492 0.146591 0.947824 0.148514 0.948342 0.152710 0.951062 0.153059 0.952746 0.156906 0.954171 0.156906 0.957539 0.160752 0.958446 0.160577 0.959093 0.163549 0.963886 0.163724 0.964145 0.152885 0.964275 0.151836 0.964663 0.142570 0.965829 0.141521 0.965829 0.137325
0 0.893290 0.061276 0.896399 0.059353 0.898212 0.059353 0.901580 0.055157 0.905466 0.055332 0.906503 0.054108 0.908834 0.054108 0.909870 0.053409 0.915311 0.052710 0.916477 0.050787 0.919197 0.051136 0.919456 0.055157 0.917642 0.059003 0.916347 0.061626 0.917513 0.069143 0.916088 0.070542 0.916088 0.075612 0.914793 0.077360 0.914145 0.085402 0.912202 0.086101 0.911166 0.084353 0.908057 0.085052 0.907927 0.081906 0.903653 0.076486 0.902228 0.076661 0.896399 0.067920 0.896399 0.066696
0 0.986036 0.037500 0.986166 0.041871 0.983057 0.045367 0.981632 0.049213 0.981244 0.051486 0.980855 0.053584 0.978912 0.054808 0.978782 0.059353 0.977358 0.060927 0.981114 0.061101 0.982280 0.062500 0.984223 0.062325 0.984611 0.061101 0.994715 0.061801 0.995363 0.059703 0.999119 0.059353 0.998731 0.057080 0.998083 0.055507 0.997047 0.049738 0.995363 0.049738 0.994456 0.045542 0.993161 0.043969 0.990440 0.043269 0.990829 0.037850
0 0.934352 0.013374 0.935389 0.011801 0.938497 0.011626 0.938238 0.014598 0.937720 0.017745 0.938756 0.018794 0.939534 0.024563 0.939922 0.024388 0.940052 0.036276 0.939793 0.037850 0.938368 0.037675 0.936554 0.035752 0.935648 0.034528 0.934870 0.037150 0.933964 0.035052 0.929948 0.034353 0.929560 0.032430 0.927228 0.032605 0.926969 0.029983 0.925026 0.030682 0.924378 0.028234 0.923990 0.028759 0.922435 0.025612 0.925155 0.025087 0.925803 0.023514 0.927746 0.020367 0.929301 0.019143 0.931244 0.018094 0.931762 0.016521 0.931503 0.014073
0 0.857150 0.029808 0.880725 0.029633 0.880725 0.033129 0.869067 0.058479 0.860389 0.040297 0.860259 0.037500 0.858057 0.036626
0 0.789663 0.040297 0.801451 0.040297 0.794326 0.054458
0 0.704301 0.042745 0.711166 0.040122 0.711554 0.038549 0.725285 0.038374 0.717642 0.064423
