0 0.947992 0.871469 0.951036 0.877273 0.951749 0.879336 0.958484 0.888601 0.958484 0.890699 0.960946 0.890874 0.961464 0.894895 0.969365 0.903811 0.980635 0.858357 0.980505 0.856783 0.975842 0.856608 0.974806 0.857657 0.971308 0.858531 0.969495 0.860105 0.964313 0.860105 0.963925 0.862203 0.958873 0.862028 0.958744 0.863776 0.954858 0.863252 0.954728 0.864650 0.947215 0.866224 0.946049 0.867098
0 0.456218 0.181748 0.456995 0.210245 0.461528 0.211469 0.463342 0.208846 0.464637 0.208497 0.469171 0.202727 0.477591 0.196084 0.482124 0.189441 0.482383 0.188217 0.481218 0.185070 0.478497 0.185245 0.478109 0.184021 0.475777 0.183497 0.474741 0.181748 0.473705 0.181748 0.471891 0.179476 0.469041 0.179476 0.467228 0.176678 0.463990 0.176329 0.463731 0.175979 0.460751 0.174755 0.460363 0.172308 0.457513 0.172832 0.455052 0.171434 0.454922 0.179301
0 0.493096 0.951399 0.496852 0.946154 0.498666 0.946329 0.499443 0.959266 0.496852 0.958741 0.495427 0.956993 0.492707 0.956993 0.492189 0.956119 0.490635 0.955594 0.489728 0.952797 0.491541 0.951573
0 0.395389 0.494843 0.395259 0.500087 0.393575 0.501311 0.393446 0.505857 0.392798 0.506381 0.392927 0.511801 0.391244 0.511801 0.391632 0.516871 0.390596 0.517045 0.389819 0.520717 0.388912 0.521766 0.389430 0.527360 0.387487 0.529108 0.387098 0.532430 0.387617 0.534178 0.392927 0.533829 0.394611 0.532780 0.397979 0.532780 0.399275 0.530857 0.405104 0.530857 0.406010 0.528584 0.411580 0.528409 0.414560 0.526311 0.417409 0.525962 0.416632 0.522815 0.415207 0.522640 0.414819 0.520542 0.403808 0.504108 0.401218 0.502885 0.400052 0.498689 0.398497 0.497115
0 0.294961 0.322045 0.296062 0.325490 0.297150 0.333112 0.298238 0.334580 0.298238 0.339003 0.299702 0.340490 0.299702 0.345892 0.301710 0.347622 0.301347 0.354021 0.304080 0.355490 0.303899 0.352290 0.306269 0.353024 0.318290 0.335315 0.317927 0.332867 0.320479 0.332133 0.319028 0.329913 0.301347 0.322045 0.300609 0.320559
0 0.577850 0.009073 0.579534 0.042290 0.581088 0.038094 0.585622 0.037745 0.590155 0.031451 0.592746 0.031626 0.594689 0.027430 0.596503 0.027255 0.598057 0.025507 0.596632 0.020962 0.595855 0.020962 0.583290 0.010822 0.581347 0.010822
0 0.122850 0.100524 0.123238 0.130944 0.124016 0.130944 0.124275 0.143357 0.127902 0.143531 0.129197 0.140909 0.131269 0.139336 0.135155 0.135315 0.137098 0.134266 0.138912 0.130769 0.140337 0.130769 0.141891 0.127972 0.144352 0.128322 0.147979 0.122203 0.149534 0.122378 0.151347 0.119231 0.151218 0.116958 0.150570 0.114161 0.148627 0.113636 0.146684 0.110140 0.144093 0.110664 0.142409 0.108741 0.137487 0.108566 0.136710 0.106469 0.134896 0.106469 0.131788 0.102448 0.127902 0.099825 0.128161 0.099825
0 0.185415 0.176224 0.188782 0.172902 0.193575 0.171503 0.194482 0.169580 0.198886 0.169755 0.199534 0.168881 0.202902 0.168357 0.203938 0.165909 0.208601 0.165734 0.207953 0.173601 0.207306 0.174650 0.207694 0.183042 0.206399 0.183566 0.206269 0.188986 0.204585 0.189685 0.204715 0.193007 0.203808 0.194930 0.203161 0.198077 0.200829 0.198077 0.200570 0.197378 0.198368 0.197378 0.198497 0.194056 0.196166 0.194231 0.195907 0.191608
0 0.663342 0.057850 0.669689 0.057850 0.670596 0.058899 0.674611 0.059248 0.676684 0.060822 0.680829 0.060647 0.682513 0.062745 0.691839 0.065017 0.693653 0.066241 0.697021 0.066766 0.699223 0.068689 0.702202 0.069738 0.702979 0.070962 0.704016 0.071661 0.702461 0.074808 0.700518 0.074108 0.700259 0.077955 0.675000 0.112395 0.674093 0.112220 0.673834 0.107325 0.672798 0.105227 0.672798 0.099983 0.671632 0.099808 0.671114 0.093164 0.670725 0.091591 0.670207 0.083374 0.669301 0.083374 0.668912 0.080752 0.667746 0.080227 0.667228 0.070962 0.665285 0.068339 0.664896 0.060122
0 0.861567 0.054301 0.861956 0.060420 0.858847 0.063566 0.858847 0.067937 0.857940 0.070385 0.855220 0.085944 0.853795 0.088392 0.853795 0.090839 0.851852 0.091713 0.854054 0.093986 0.856516 0.093986 0.857422 0.092238 0.863899 0.092762 0.864288 0.091888 0.867008 0.091364 0.868174 0.089615 0.872837 0.089615 0.874391 0.087867 0.876723 0.087343 0.877759 0.086469 0.882034 0.085594 0.884883 0.082098 0.884754 0.080000 0.867655 0.058497 0.867396 0.055699 0.865972 0.055874 0.863510 0.052203
0 0.798459 0.255507 0.796645 0.257797 0.796904 0.259703 0.794313 0.262850 0.794313 0.267570 0.793277 0.267570 0.793536 0.269668 0.790427 0.272815 0.790687 0.275612 0.789003 0.276486 0.788744 0.279283 0.785246 0.283829 0.785246 0.285402 0.779935 0.299038 0.777345 0.300262 0.777345 0.302185 0.806231 0.301661 0.807137 0.303584 0.812060 0.304283 0.812189 0.302010 0.818666 0.302710 0.818666 0.300629 0.816075 0.295892 0.816075 0.293794 0.814780 0.292220 0.814780 0.291888 0.814650 0.290472 0.813744 0.287325 0.810894 0.285052 0.810894 0.283147 0.802345 0.262850 0.802345 0.260420
0 0.652383 0.271451 0.659119 0.285612 0.659767 0.292080 0.642280 0.291906 0.643834 0.290157 0.643964 0.287885 0.647073 0.283689 0.646943 0.282990 0.647591 0.281416 0.648627 0.280192 0.649404 0.276521
0 0.039987 0.210122 0.042902 0.217255 0.043083 0.222413 0.048549 0.230280 0.048549 0.234458 0.049275 0.232990 0.054741 0.226836 0.058031 0.218234 0.059119 0.212325 0.062759 0.208881 0.060389 0.205927 0.051464 0.204948 0.049819 0.202972 0.041619 0.203479
0 0.451528 0.409371 0.447694 0.414773 0.445881 0.414038 0.443148 0.417238 0.442047 0.418706 0.440777 0.420192 0.442047 0.421661 0.442228 0.424615 0.443873 0.424615 0.444780 0.427570 0.447332 0.428059 0.450065 0.431259 0.451528 0.431259 0.460091 0.438881 0.461917 0.438881 0.468472 0.447255 0.469573 0.445769 0.470842 0.446503 0.472124 0.446993 0.474858 0.450437 0.474858 0.445524 0.476308 0.445769 0.476684 0.417727 0.475402 0.417727 0.474495 0.393129 0.455712 0.407885
0 0.584391 0.350577 0.583847 0.352290 0.583484 0.353776 0.582940 0.357710 0.582383 0.357955 0.581295 0.367308 0.579288 0.370997 0.579469 0.377640 0.578018 0.378129 0.577655 0.384266 0.575285 0.389930 0.575285 0.395350 0.574003 0.397063 0.573096 0.400997 0.572915 0.405927 0.577655 0.405682 0.579650 0.403462 0.584935 0.403462 0.585855 0.401486 0.589858 0.401993 0.591321 0.400262 0.594054 0.399773 0.594961 0.398794 0.599521 0.397552 0.600246 0.395594 0.603899 0.395594 0.604624 0.394598 0.609184 0.394598 0.609909 0.392150 0.615013 0.390909 0.607358 0.380332 0.605907 0.378619 0.604080 0.375175 0.599339 0.367797 0.597150 0.366556 0.596425 0.363864 0.586218 0.349336
0 0.259249 0.438619 0.258212 0.441241 0.258083 0.443164 0.256399 0.446661 0.255363 0.448584 0.253420 0.448759 0.252902 0.452430 0.250181 0.455402 0.250311 0.456976 0.246295 0.461871 0.246295 0.464493 0.243834 0.467815 0.243705 0.471836 0.246943 0.471836 0.247720 0.473234 0.252772 0.473934 0.253031 0.474633 0.261192 0.474633 0.262617 0.477080 0.270518 0.476381 0.270648 0.471136 0.269093 0.470962 0.269223 0.464318 0.266632 0.461171 0.266632 0.457500 0.264948 0.456276 0.265078 0.453479 0.263653 0.451731 0.263782 0.447710 0.263005 0.447535 0.262487 0.442115
0 0.183860 0.545262 0.200181 0.545262 0.200829 0.549983 0.199922 0.550857 0.199404 0.554878 0.191244 0.574458 0.191373 0.576206 0.189819 0.576906 0.188394 0.572710 0.184249 0.567115 0.183860 0.565717 0.182176 0.563094 0.181399 0.559948 0.179456 0.557675 0.178938 0.554878 0.178161 0.554003 0.177772 0.551731 0.176736 0.550507 0.176347 0.547535 0.179197 0.546661 0.179197 0.545962 0.180751 0.545262 0.181269 0.547535 0.184119 0.547885
0 0.160894 0.738094 0.162578 0.738094 0.165168 0.741591 0.165816 0.745787 0.166723 0.746136 0.166982 0.749458 0.169313 0.751731 0.169573 0.756801 0.155712 0.756801 0.155453 0.749808 0.157396 0.746136 0.158044 0.742990 0.160635 0.741066
0 0.648044 0.739493 0.656205 0.762045 0.663588 0.754003 0.663329 0.750857 0.665790 0.748409 0.667863 0.742990 0.668122 0.741416 0.674339 0.733024 0.674858 0.727605 0.668640 0.727255 0.667992 0.725332 0.647267 0.726381 0.643640 0.727255 0.644028 0.730402 0.645972 0.730052 0.645583 0.734948
0 0.252578 0.811836 0.251334 0.815594 0.249313 0.817902 0.249158 0.819563 0.248705 0.821031 0.246528 0.826888 0.244676 0.830857 0.243122 0.834213 0.242966 0.835455 0.242811 0.839860 0.241567 0.841311 0.240790 0.843829 0.239715 0.847168 0.254585 0.847797 0.255207 0.846538 0.268536 0.846136 0.270855 0.843199 0.267137 0.838182 0.267915 0.837552 0.267293 0.836084 0.266205 0.832745 0.264508 0.832115 0.264508 0.830017 0.261865 0.826888 0.261865 0.824790 0.259080 0.820402 0.259391 0.819353 0.256140 0.814545 0.255984 0.813287 0.254585 0.811836
0 0.368731 0.729528 0.368860 0.732850 0.370155 0.733199 0.370155 0.738444 0.372228 0.738969 0.371451 0.743339 0.373005 0.744388 0.372746 0.748759 0.373653 0.749808 0.375078 0.752955 0.375984 0.752955 0.376632 0.751381 0.378316 0.751381 0.380000 0.749633 0.380000 0.747010 0.388938 0.734598 0.389067 0.731276 0.385181 0.730927 0.384663 0.729003 0.378316 0.729003 0.377798 0.728129 0.372617 0.727255 0.372358 0.725682 0.367694 0.725857
0 0.384016 0.749808 0.371969 0.785297 0.371839 0.791241 0.378316 0.791416 0.379482 0.789843 0.390492 0.789493 0.390622 0.788969 0.402150 0.787920 0.402927 0.785997 0.405907 0.786171 0.404611 0.784248 0.404482 0.783199 0.402927 0.781276 0.402539 0.777780 0.398394 0.772885 0.398394 0.771486 0.393342 0.766416 0.393472 0.763619 0.390363 0.758549 0.390622 0.757850 0.387513 0.753129 0.386995 0.750332
0 0.393510 0.379685 0.393899 0.383007 0.406593 0.410629 0.408148 0.417273 0.414106 0.428112 0.417085 0.425140 0.422785 0.412552 0.423303 0.407832 0.424469 0.407832 0.424469 0.404336 0.424858 0.403636 0.426023 0.401189 0.429262 0.395594 0.429909 0.390000 0.433925 0.385105 0.433666 0.379860
0 0.909067 0.520472 0.920078 0.533759 0.921114 0.529738 0.922668 0.529913 0.922668 0.523444 0.924482 0.521871 0.924352 0.512430 0.925907 0.511731 0.925907 0.504038 0.908808 0.511731 0.904145 0.511906 0.904016 0.516276 0.907383 0.520472
0 0.795725 0.663129 0.804016 0.662605 0.804922 0.661556 0.825000 0.660507 0.825130 0.659633 0.832642 0.658759 0.832772 0.657710 0.835751 0.657185 0.835622 0.659458 0.819171 0.708059 0.802073 0.675017 0.798705 0.671521 0.798057 0.666276
0 0.813472 0.603514 0.845596 0.579038 0.848187 0.578339 0.848316 0.602640 0.847668 0.602815 0.846244 0.636906 0.838083 0.629038 0.835881 0.628514 0.834326 0.625542 0.832513 0.625542 0.829145 0.620822 0.826554 0.619773 0.824352 0.616101 0.824352 0.616101 0.817098 0.611731 0.816062 0.611381 0.812694 0.605437
0 0.932319 0.740000 0.922474 0.784406 0.922215 0.792273 0.960298 0.779161 0.962241 0.777937 0.947604 0.757308 0.946956 0.757308 0.938407 0.747168
0 0.907642 0.777273 0.913277 0.771643 0.915609 0.770769 0.914961 0.793497 0.914184 0.794545 0.915350 0.795769 0.915350 0.798217 0.915350 0.799441 0.913795 0.810629 0.913666 0.812028 0.911982 0.815874 0.908355 0.812902 0.907707 0.812378 0.904339 0.808182 0.901878 0.806434 0.901749 0.804685 0.899417 0.803287 0.898381 0.801713 0.895920 0.800664 0.893459 0.796119 0.891904 0.797343 0.887241 0.790699 0.888795 0.790524 0.888536 0.787902 0.903433 0.778462
0 0.838795 0.803654 0.838277 0.799108 0.842422 0.794038 0.845531 0.798059 0.845790 0.800157 0.846567 0.800682 0.846956 0.805402 0.847733 0.806801 0.848251 0.808899 0.849417 0.809773 0.849935 0.812395 0.853433 0.819038 0.853433 0.820962 0.855117 0.822360 0.855376 0.828479 0.834391 0.828479 0.834132 0.827430 0.825972 0.827255 0.827655 0.824808 0.827785 0.822710 0.829210 0.822535 0.829080 0.818864 0.832837 0.814843 0.833225 0.811346 0.836205 0.808024 0.835946 0.806976
0 0.828692 0.846661 0.830764 0.844738 0.837630 0.844738 0.838795 0.843339 0.841386 0.843164 0.842681 0.841766 0.849028 0.840367 0.850065 0.839143 0.852008 0.839318 0.852526 0.845787 0.851749 0.846136 0.851360 0.851556 0.850324 0.853654 0.849935 0.857500 0.848122 0.858899 0.849158 0.862745 0.847474 0.863094 0.847345 0.867290 0.845920 0.868514 0.845531 0.871836 0.843847 0.873059 0.843847 0.880577 0.840868 0.886696 0.839313 0.882500 0.838148 0.881976 0.837241 0.877605 0.835557 0.876731 0.834780 0.874808 0.832578 0.873934 0.832319 0.871836 0.828951 0.867465 0.828044 0.864143 0.825453 0.863619 0.824935 0.860472 0.822345 0.858024 0.822474 0.855577 0.823510 0.854703 0.821049 0.851906 0.822085 0.848934 0.822863 0.845262 0.827008 0.844563
0 0.950091 0.970892 0.949702 0.993094 0.950738 0.994493 0.951256 0.995717 0.952940 0.994668 0.956697 0.994143 0.956438 0.990297 0.961101 0.990297 0.961749 0.987325 0.962915 0.986976 0.967578 0.982430 0.967319 0.977360 0.965117 0.977535 0.965117 0.977535 0.962526 0.974913 0.961490 0.974913 0.960065 0.972640 0.957474 0.971591 0.956956 0.970192
