0 0.438148 0.644108 0.438083 0.655769 0.438731 0.656643 0.439417 0.659283 0.441839 0.659441 0.449482 0.648951 0.449028 0.647045 0.446671 0.647290 0.445402 0.646311 0.445402 0.645822 0.441049 0.645087 0.441593 0.643864
0 0.499806 0.359056 0.499547 0.370420 0.494883 0.370420 0.494624 0.368846 0.492552 0.368846 0.491775 0.367273 0.490997 0.366748 0.490738 0.364301 0.493718 0.360280 0.495272 0.360979 0.497863 0.355909
0 0.848031 0.305822 0.842798 0.305822 0.841256 0.308112 0.841101 0.312063 0.844028 0.313322 0.844339 0.318514 0.846956 0.317273 0.847422 0.319353 0.848964 0.319773 0.849728 0.321224 0.851891 0.321224 0.852811 0.323304 0.854974 0.323304 0.879637 0.345559 0.880712 0.278986 0.879326 0.278986 0.859598 0.293339 0.858212 0.292937 0.857435 0.297308 0.853886 0.297098 0.853588 0.299371
1 0.143433 0.050245 0.140984 0.052028 0.134948 0.072413 0.132681 0.074196 0.134184 0.076486 0.147409 0.076486 0.147409 0.075717 0.151373 0.074441 0.152694 0.075717 0.154573 0.075979 0.155142 0.081836 0.157409 0.086171 0.158161 0.090245 0.162124 0.094073 0.166658 0.087448 0.167409 0.082343 0.170246 0.078269 0.174585 0.069091 0.183834 0.051521 0.185920 0.047692 0.185920 0.043619 0.184974 0.043357 0.184028 0.042343 0.152306 0.041329 0.150233 0.040315 0.147785 0.040315 0.145518 0.038531 0.140790 0.038531
0 0.427915 0.832657 0.400544 0.886101 0.406658 0.886748 0.410570 0.889720 0.449909 0.888724 0.445518 0.882797 0.444041 0.876853
0 0.826749 0.782535 0.819417 0.839580 0.784715 0.803636
0 0.753433 0.692815 0.737060 0.767028 0.790816 0.749878 0.774935 0.725140 0.775181 0.724808
0 0.146477 0.773584 0.146878 0.807850 0.168627 0.792080
1 0.303420 0.831556 0.307772 0.850559 0.309508 0.850804 0.314728 0.844703 0.314896 0.841888 0.318549 0.837657 0.317163 0.835542 0.313679 0.835315 0.313329 0.833199
0 0.176788 0.491713 0.192539 0.490035 0.193575 0.495629 0.191503 0.498427 0.188601 0.509615 0.185907 0.509895
0 0.245816 0.388217 0.227992 0.424021 0.258666 0.427937
0 0.744767 0.392395 0.721943 0.451608 0.769845 0.449196
0 0.824430 0.043392 0.821205 0.078671 0.818860 0.075507 0.818860 0.082832 0.820181 0.084213 0.820026 0.085997 0.818562 0.087955 0.820181 0.091154 0.819145 0.093724 0.819301 0.095909 0.821205 0.096503 0.859352 0.075507 0.850842 0.063619 0.848640 0.063217 0.847617 0.059860 0.846153 0.062238 0.841308 0.054301 0.839106 0.053514 0.837345 0.052535 0.831477 0.043601 0.829715 0.043199 0.828251 0.041818
0 0.936334 0.181853 0.933782 0.192150 0.931813 0.190245 0.929832 0.195192 0.925881 0.202430 0.925881 0.209301 0.920233 0.211206 0.919948 0.215017 0.916554 0.221503 0.915984 0.224178 0.908083 0.237133 0.910052 0.237133 0.911477 0.239423 0.919948 0.239038 0.922487 0.240559 0.925026 0.240559 0.927850 0.242850 0.930959 0.240559 0.935764 0.241329 0.936606 0.243619 0.941412 0.244755 0.945363 0.245140 0.948472 0.245909 0.950453 0.245909 0.952150 0.247430 0.960622 0.247430 0.961192 0.239423 0.959495 0.237517 0.955544 0.229126 0.955544 0.222273 0.952992 0.219598 0.951580 0.216171 0.948472 0.215017 0.949041 0.207395 0.948199 0.204353 0.947060 0.202063 0.947345 0.198252 0.948472 0.197098 0.947060 0.194441 0.943679 0.181853
0 0.439896 0.939860 0.435984 0.998234 0.474106 0.973164
0 0.867435 0.410524 0.918018 0.414161 0.892500 0.467920
0 0.688394 0.080857 0.674016 0.094510 0.672111 0.094510 0.660803 0.105210 0.660959 0.110752 0.664922 0.110559 0.667124 0.114913 0.669909 0.115105 0.680181 0.121049 0.682824 0.124825 0.684585 0.125612 0.686049 0.126608 0.689430 0.126993 0.690013 0.129773 0.693821 0.125420 0.693381 0.121643 0.693381 0.118671 0.693381 0.115507 0.692215 0.091346 0.691477 0.088549 0.691775 0.080857
0 0.751062 0.047972 0.746075 0.060839 0.748860 0.062622 0.744313 0.064983 0.743718 0.072727 0.739171 0.079860 0.740194 0.087780 0.737409 0.089353 0.735790 0.095699 0.732422 0.098864 0.731399 0.108584 0.733446 0.111731 0.736671 0.111731 0.739028 0.111329 0.739754 0.113514 0.742111 0.112517 0.746516 0.111136 0.747824 0.109178 0.749301 0.111731 0.750622 0.111731 0.752085 0.109563 0.761036 0.109773 0.762655 0.108374 0.773951 0.107990 0.776295 0.106591 0.781580 0.105997 0.783044 0.104808 0.785544 0.103619 0.781878 0.100857 0.781580 0.094510 0.780842 0.094510 0.776295 0.088951 0.776593 0.086399 0.774974 0.083811 0.774249 0.080647 0.772047 0.079073 0.771451 0.076294 0.770868 0.072727 0.769404 0.070350 0.768666 0.066766 0.767060 0.067762 0.766619 0.067360 0.763096 0.066171 0.762940 0.061241 0.757228 0.045594
0 0.870492 0.605734 0.857047 0.635087 0.864624 0.635752 0.866826 0.639056 0.869028 0.637395 0.875622 0.635752 0.877085 0.634108 0.884909 0.634108 0.878070 0.619266 0.876593 0.612343
0 0.270570 0.093584 0.316179 0.103969 0.288847 0.149161
1 0.616943 0.789563 0.615648 0.792360 0.613834 0.793584 0.613705 0.802325 0.614223 0.805822 0.620052 0.805472 0.620829 0.803899 0.623549 0.804598 0.626010 0.799878 0.625622 0.799003 0.619793 0.792185 0.618238 0.792535
1 0.592461 0.804248 0.593238 0.819283 0.596218 0.824178 0.597513 0.822955 0.599845 0.821906 0.604119 0.814913 0.605544 0.814913 0.605933 0.811241 0.607746 0.809843 0.605933 0.808794 0.603731 0.807920 0.602565 0.806346 0.598420 0.806171 0.598420 0.803724
0 0.802824 0.421399 0.794275 0.427517 0.791813 0.427343 0.790389 0.433811 0.792979 0.436783 0.795181 0.436783 0.800104 0.443427 0.802306 0.444126 0.802565 0.440105 0.805415 0.437308 0.805544 0.428392 0.806710 0.426993 0.806710 0.422622
0 0.812927 0.462832 0.824715 0.461434 0.825492 0.460210 0.832358 0.459510 0.833782 0.463007 0.832228 0.465280 0.832487 0.467203 0.831192 0.467378 0.831839 0.472098 0.826917 0.477867 0.826140 0.483636 0.822124 0.483462 0.821218 0.479091 0.818627 0.477692 0.816036 0.472273 0.814482 0.467902 0.812409 0.468077
0 0.905142 0.361294 0.908769 0.361119 0.920816 0.377203 0.921593 0.381049 0.919132 0.381923 0.918614 0.382972 0.913951 0.383671 0.911490 0.385944 0.905790 0.385420 0.903977 0.387867 0.899832 0.387343 0.902163 0.382622 0.901775 0.378077 0.899443 0.376154 0.903199 0.373706 0.903199 0.367238
0 0.531244 0.580927 0.511852 0.593864 0.513446 0.597378 0.514845 0.598462 0.532241 0.612483 0.532241 0.589825 0.533847 0.590087 0.533446 0.583619
0 0.384495 0.501853 0.372500 0.526678 0.387902 0.527500 0.389896 0.530192 0.396891 0.528566 0.395492 0.522098 0.391101 0.514545 0.391101 0.509948 0.388899 0.503479
1 0.589119 0.435280 0.589663 0.487413 0.615285 0.469633 0.629521 0.482115 0.630764 0.482360 0.639495 0.494371 0.640920 0.494615 0.646606 0.498934 0.647150 0.495332 0.648031 0.494371 0.648744 0.462430 0.649819 0.462185 0.650350 0.442010 0.619909 0.461224
1 0.716205 0.312063 0.716554 0.366101 0.718692 0.366591 0.721723 0.362255 0.723847 0.362255 0.731503 0.355297 0.744676 0.354808 0.747163 0.352657 0.750194 0.352657 0.745570 0.342797 0.744495 0.338479 0.742539 0.337273 0.741645 0.334633 0.727228 0.305087 0.725272 0.305577 0.723679 0.308217 0.723316 0.311329
0 0.677979 0.185839 0.681088 0.191434 0.683290 0.191259 0.685622 0.195804 0.686917 0.195105 0.692617 0.202290 0.693782 0.202290 0.697150 0.207535 0.698446 0.207535 0.699223 0.209441 0.703238 0.209615 0.703109 0.204038 0.704663 0.202448 0.704534 0.194231 0.705699 0.193549 0.705829 0.179720 0.706995 0.179563 0.707124 0.166783 0.702979 0.167832 0.702461 0.168706 0.698057 0.169073 0.697539 0.171696 0.692487 0.172203 0.691321 0.174318 0.688731 0.174476 0.687694 0.177098 0.686269 0.174650 0.680311 0.180594 0.678238 0.179371 0.676166 0.182517 0.675907 0.186556
0 0.214301 0.243024 0.243122 0.231276 0.235039 0.273234
0 0.622552 0.547080 0.663290 0.531364 0.654793 0.587552
0 0.275661 0.258129 0.309650 0.246661 0.302396 0.291976
1 0.698472 0.682867 0.705855 0.672692 0.706593 0.673094 0.706593 0.675490 0.708070 0.676871 0.708070 0.690052 0.708964 0.691241 0.707047 0.695035 0.705855 0.695629 0.704236 0.693427 0.702163 0.693234 0.698472 0.689650 0.693886 0.688252 0.693446 0.685455 0.697137 0.684266
0 0.960997 0.328357 0.952707 0.390717 0.993679 0.372710 0.996904 0.374458 0.997163 0.369738 0.984715 0.352955 0.983821 0.352955 0.983161 0.350647 0.974249 0.338636 0.971917 0.338934 0.972137 0.336521 0.966723 0.328112
