0 0.528731 0.692850 0.524456 0.687255 0.522254 0.686906 0.521347 0.688829 0.520699 0.692500 0.518627 0.692850 0.515389 0.701066 0.516684 0.702465 0.516943 0.705262 0.516425 0.706311 0.516166 0.710507 0.514093 0.712080 0.514611 0.716626 0.513316 0.717325 0.513187 0.721171 0.512280 0.723269 0.512150 0.724668 0.519793 0.725192 0.520181 0.723444 0.527565 0.723619 0.528342 0.722045 0.538834 0.721871 0.538834 0.720472 0.542720 0.720647 0.542461 0.716976 0.538705 0.712430 0.538834 0.709808 0.531969 0.702290 0.532098 0.700192 0.528342 0.695997
0 0.825026 0.107727 0.825026 0.112797 0.822824 0.115594 0.822565 0.117867 0.821269 0.120839 0.818420 0.120490 0.815311 0.116119 0.814275 0.113497 0.813238 0.112098 0.813238 0.108427 0.814404 0.107902 0.814663 0.106678 0.824767 0.107028
0 0.746101 0.781766 0.746101 0.786259 0.744883 0.787273 0.745039 0.796871 0.743977 0.797692 0.743679 0.801556 0.742617 0.802168 0.741865 0.812990 0.740959 0.812990 0.740803 0.821154 0.739896 0.821556 0.740052 0.825857 0.738990 0.828094 0.742461 0.828094 0.743679 0.826661 0.743821 0.826661 0.746852 0.827080 0.747759 0.826049 0.750777 0.825437 0.751684 0.824003 0.754715 0.823601 0.756075 0.821556 0.757733 0.821556 0.759093 0.820542 0.761062 0.819108 0.762124 0.818094 0.767111 0.817692 0.767409 0.816469 0.770285 0.815857 0.771503 0.814633 0.772552 0.814423 0.774676 0.812587 0.774819 0.810140 0.773161 0.808497 0.771503 0.807273 0.766813 0.800944 0.765596 0.801154 0.758951 0.792378 0.755920 0.792378 0.756528 0.790140 0.755168 0.787080 0.753653 0.787080 0.751231 0.784021 0.749573 0.783199 0.748964 0.781364
0 0.903705 0.413199 0.903575 0.419843 0.904482 0.419318 0.905000 0.425962 0.905648 0.426136 0.906554 0.433304 0.907979 0.433479 0.908238 0.441871 0.902280 0.442745 0.900984 0.440997 0.897228 0.440472 0.896192 0.439073 0.892824 0.439248 0.892306 0.436626 0.887383 0.437500 0.886995 0.435577 0.883627 0.434353 0.883627 0.433129 0.882202 0.433304 0.889845 0.422465 0.892306 0.421066 0.892565 0.418619 0.893472 0.418269 0.895285 0.418269 0.894896 0.414948 0.896451 0.413374 0.897746 0.413024 0.900725 0.409528 0.902409 0.409178
0 0.844508 0.432955 0.847358 0.436976 0.848782 0.436451 0.853575 0.442920 0.853834 0.446066 0.850466 0.445542 0.849301 0.448689 0.846062 0.449038 0.842953 0.452360 0.835699 0.452885 0.835699 0.449738 0.837254 0.449213 0.836606 0.444143 0.838420 0.443094 0.837124 0.442220 0.836995 0.439773 0.837772 0.438899 0.838031 0.430507 0.838938 0.429983 0.839845 0.428059 0.840492 0.429283 0.844119 0.429458
0 0.672461 0.639930 0.672759 0.644021 0.673212 0.644213 0.673666 0.647080 0.675933 0.650140 0.676541 0.652378 0.678057 0.654633 0.680466 0.655035 0.680622 0.652378 0.681982 0.649126 0.682435 0.647080 0.683044 0.646469 0.683342 0.644021 0.684858 0.642797 0.684702 0.638514
0 0.685311 0.738094 0.685311 0.741154 0.680168 0.747273 0.680920 0.747483 0.681075 0.749930 0.684249 0.749108 0.685155 0.751154 0.690298 0.751364 0.690907 0.746871 0.688938 0.746469 0.688782 0.741364 0.687578 0.740752 0.687578 0.737692
0 0.399961 0.612483 0.423277 0.660035 0.423407 0.661958 0.424702 0.662832 0.428329 0.659161 0.428199 0.655315 0.429883 0.654965 0.430272 0.650245 0.444132 0.611434 0.445816 0.611608 0.445557 0.605140 0.430272 0.605315 0.430142 0.607413 0.418096 0.605839 0.417448 0.608986 0.400868 0.608636 0.399443 0.610385
0 0.636826 0.804108 0.637345 0.813549 0.636049 0.814248 0.635920 0.821591 0.634495 0.821941 0.634624 0.828934 0.633329 0.829108 0.632940 0.830507 0.625168 0.819143 0.623744 0.818969 0.620117 0.813549 0.619728 0.811626 0.621412 0.811626 0.622448 0.809703 0.626593 0.809353 0.626723 0.808129 0.630220 0.807780 0.630997 0.806381 0.635402 0.806031
0 0.490829 0.793899 0.491088 0.800892 0.490311 0.800892 0.489793 0.820122 0.488368 0.819598 0.488238 0.824668 0.489663 0.825542 0.488497 0.826941 0.488238 0.838829 0.487591 0.839003 0.487591 0.857185 0.489016 0.855262 0.490570 0.854913 0.492124 0.853164 0.494974 0.853164 0.497047 0.850017 0.500415 0.849843 0.500933 0.848619 0.502487 0.847395 0.505207 0.846171 0.507798 0.844948 0.508446 0.844248 0.512332 0.842850 0.513238 0.843374 0.523601 0.835507 0.525674 0.836031 0.530337 0.830962 0.526969 0.827115 0.525415 0.826941 0.524637 0.825892 0.523472 0.825717 0.517513 0.817150 0.515052 0.818024 0.514145 0.815227 0.511813 0.814703 0.509741 0.809983 0.508834 0.810682 0.505984 0.805787 0.502876 0.805787 0.497306 0.798444 0.496140 0.799493 0.494585 0.796346
0 0.000000 0.878182 0.000674 0.907535 0.001321 0.918549 0.004171 0.919598 0.005207 0.917500 0.005984 0.915752 0.031373 0.889703 0.032668 0.889528 0.038368 0.881136 0.040181 0.882185 0.040181 0.879738 0.000000 0.857290
0 0.917047 0.322465 0.916917 0.335577 0.918731 0.336101 0.919508 0.335052 0.921451 0.333829 0.921839 0.332430 0.925855 0.331381 0.926114 0.329458 0.928705 0.329808 0.930000 0.327710 0.929611 0.323514 0.928187 0.323689 0.926114 0.320892 0.923912 0.320192 0.923005 0.317395 0.918860 0.318094 0.918990 0.322115
0 0.581580 0.477692 0.581580 0.507238 0.580155 0.508636 0.580155 0.540455 0.579119 0.540455 0.578731 0.547273 0.579637 0.547098 0.580674 0.549021 0.581710 0.546923 0.584171 0.547098 0.621995 0.518776 0.624585 0.518951 0.625363 0.517902 0.627565 0.517727 0.629249 0.515804 0.626269 0.511084 0.597642 0.486259 0.595829 0.486259 0.594663 0.483811 0.592332 0.482238 0.590389 0.478566 0.588316 0.479091 0.587539 0.478042 0.585725 0.477168 0.583653 0.473322
0 0.192435 0.541503 0.183614 0.552797 0.183912 0.557448 0.182111 0.557238 0.171645 0.572168 0.170751 0.571766 0.165518 0.578234 0.163873 0.578024 0.158044 0.586294 0.196775 0.606486 0.197668 0.608094 0.200207 0.607692 0.200505 0.606084 0.202604 0.605472 0.202306 0.603462 0.200505 0.601434 0.200363 0.595787 0.199171 0.594773 0.199016 0.588322 0.198122 0.586503 0.198264 0.579231 0.196477 0.577832 0.196619 0.569353 0.196023 0.569545 0.195130 0.560874 0.194378 0.559860
