0 0.841218 0.124126 0.843303 0.123951 0.846399 0.129021 0.846282 0.133392 0.847435 0.134790 0.847953 0.137937 0.849378 0.138287 0.849637 0.141608 0.851839 0.145804 0.852228 0.148776 0.853135 0.149825 0.853264 0.156294 0.838122 0.156993 0.838122 0.155944 0.829819 0.155594 0.829301 0.153671 0.826852 0.153322 0.826321 0.150699 0.828912 0.148776 0.828653 0.146329 0.830350 0.145455 0.830091 0.143007 0.834741 0.137238 0.834352 0.135490 0.840570 0.127098
0 0.209145 0.611503 0.221580 0.608357 0.222098 0.606434 0.224430 0.606084 0.224430 0.602413 0.221839 0.601888 0.221451 0.598042 0.216269 0.592098 0.216140 0.589476 0.212124 0.589301 0.212642 0.591923 0.211347 0.592448 0.211218 0.595245 0.209663 0.596119 0.209922 0.604860 0.208497 0.604161
0 0.060298 0.003689 0.058355 0.007185 0.056153 0.007010 0.054080 0.009283 0.054469 0.011731 0.050194 0.012955 0.051619 0.014353 0.049547 0.015402 0.046826 0.019948 0.046826 0.022045 0.043990 0.022745 0.043847 0.026941 0.044883 0.028689 0.049417 0.029038 0.050324 0.030962 0.054210 0.031136 0.055894 0.032885 0.059780 0.033059 0.060946 0.034808 0.068718 0.035507 0.069106 0.032185 0.067681 0.031136 0.067552 0.023619 0.066516 0.022745 0.066516 0.018899 0.065609 0.017325 0.064832 0.011381 0.063277 0.009458 0.063666 0.005787 0.061723 0.003339
0 0.090868 0.064878 0.101231 0.065052 0.103044 0.066801 0.103044 0.072220 0.099935 0.076941 0.100065 0.079388 0.097345 0.082010 0.097345 0.083759 0.092811 0.089703 0.093070 0.092500 0.091645 0.092675 0.091775 0.095297 0.089573 0.096171 0.087241 0.094948 0.085039 0.090052 0.083355 0.088829 0.082850 0.084808 0.080505 0.082360 0.080259 0.076941 0.079339 0.076766 0.078964 0.073094 0.078174 0.071521 0.078044 0.068549 0.076619 0.067675 0.076373 0.063129 0.090738 0.063129
0 0.139702 0.026416 0.139961 0.032535 0.141140 0.033584 0.141140 0.041626 0.142435 0.043024 0.140868 0.043549 0.140868 0.045997 0.141904 0.047395 0.142552 0.053339 0.143588 0.055087 0.143199 0.057535 0.145026 0.057710 0.146179 0.056136 0.148264 0.056136 0.150207 0.051941 0.151360 0.052815 0.156801 0.045647 0.157979 0.045472 0.164054 0.038129 0.164456 0.035157 0.144883 0.023269 0.144236 0.022745 0.141904 0.022920 0.141904 0.025542
0 0.086593 0.133059 0.091917 0.132535 0.091386 0.135682 0.092565 0.135507 0.093070 0.148619 0.094106 0.148444 0.094624 0.160682 0.089573 0.161031 0.089573 0.159283 0.085816 0.159108 0.085557 0.157710 0.082319 0.157710 0.081930 0.155612 0.077915 0.155262 0.077915 0.154213 0.075842 0.154213 0.073782 0.150367 0.083096 0.136381 0.085039 0.136906
0 0.142552 0.124143 0.136464 0.148619 0.135816 0.152815 0.137254 0.155262 0.142940 0.155087 0.143329 0.153164 0.150712 0.152990 0.150855 0.151416 0.152798 0.151591 0.153692 0.150717 0.158873 0.150017 0.159132 0.148094 0.158225 0.147220 0.157707 0.144073 0.152655 0.137430 0.152915 0.134983 0.150324 0.134808 0.150207 0.131836 0.144495 0.124143
0 0.149935 0.106311 0.151360 0.109283 0.151360 0.110332 0.155389 0.115052 0.155117 0.116976 0.167940 0.134808 0.168847 0.134983 0.169495 0.130787 0.170285 0.130962 0.170402 0.125542 0.171826 0.125192 0.171826 0.122745 0.173122 0.122220 0.173251 0.115052 0.174676 0.114878 0.174935 0.112255 0.175712 0.111906 0.176114 0.106136 0.177526 0.105962 0.177409 0.098269 0.169883 0.098094 0.169883 0.099493 0.162889 0.099668 0.162889 0.101241 0.157707 0.101591 0.156930 0.102990 0.152655 0.103339
0 0.099016 0.262797 0.090466 0.275210 0.090984 0.277483 0.084249 0.285350 0.083990 0.287797 0.083083 0.289371 0.083212 0.291469 0.084119 0.291469 0.084119 0.292692 0.090078 0.292867 0.090337 0.294965 0.097979 0.294965 0.099145 0.297063 0.110155 0.297063 0.102772 0.271014 0.101865 0.265944
0 0.142798 0.267343 0.144223 0.265944 0.147332 0.265420 0.147461 0.263671 0.151865 0.263671 0.152513 0.262622 0.156658 0.261573 0.156658 0.261224 0.164430 0.260874 0.164430 0.266643 0.163782 0.267343 0.163005 0.273986 0.161969 0.273986 0.162098 0.279056 0.160933 0.279231 0.160933 0.284301 0.159119 0.284825 0.159249 0.292168 0.143834 0.272413 0.143705 0.269441
0 0.196554 0.253007 0.197332 0.243042 0.196166 0.243392 0.195777 0.241294 0.192280 0.240769 0.188523 0.246538 0.187617 0.246189 0.186451 0.248287 0.184249 0.247762 0.180751 0.253357 0.179326 0.253357 0.173627 0.260874 0.174534 0.261748 0.175699 0.264371 0.197979 0.277133 0.197979 0.254580
0 0.068834 0.330629 0.070389 0.329930 0.067280 0.325559 0.065466 0.324860 0.063264 0.328357 0.061839 0.328357 0.057565 0.334126 0.056399 0.333951 0.053679 0.337622 0.052642 0.336923 0.049793 0.340944 0.049145 0.345839 0.051736 0.345664 0.051736 0.347413 0.054974 0.346888 0.055363 0.349161 0.057824 0.348986 0.057953 0.350734 0.060415 0.351259 0.061192 0.353531 0.063912 0.353007 0.065078 0.354930 0.069870 0.354930 0.070000 0.334476 0.068705 0.333776
0 0.002254 0.425909 0.005622 0.429930 0.005622 0.432028 0.017798 0.451434 0.018964 0.450385 0.020907 0.448986 0.020907 0.444615 0.021813 0.443566 0.022073 0.441294 0.022979 0.440769 0.023238 0.437622 0.024404 0.436923 0.024922 0.432378 0.025440 0.430979 0.025829 0.425035 0.027254 0.423636 0.026995 0.419965 0.015984 0.419441 0.016114 0.420839 0.010285 0.420664 0.008990 0.422587 0.004715 0.422238
0 0.023368 0.678881 0.023238 0.693042 0.021813 0.692692 0.021554 0.707727 0.017280 0.708077 0.015596 0.703531 0.013782 0.704930 0.011321 0.701608 0.010155 0.701608 0.009119 0.699161 0.008472 0.699336 0.004715 0.696538 0.003549 0.696014 0.000181 0.692517 0.002124 0.687972 0.004067 0.688147 0.007047 0.684126 0.008990 0.683951 0.010155 0.682203 0.011710 0.681853 0.017021 0.676783 0.020648 0.675909 0.021684 0.674336 0.021425 0.677133
0 0.037746 0.814720 0.037487 0.822762 0.038653 0.823112 0.038523 0.829056 0.041114 0.832552 0.041244 0.840769 0.042668 0.841469 0.042409 0.845839 0.044223 0.847413 0.045777 0.848112 0.051606 0.840420 0.051736 0.837972 0.054197 0.837797 0.054067 0.834825 0.058731 0.828531 0.060544 0.829056 0.060803 0.826958 0.061969 0.824860 0.061969 0.819790 0.059896 0.819790 0.059767 0.818217 0.052254 0.818566 0.051995 0.815769 0.048756 0.816119 0.048497 0.814021 0.043446 0.814545 0.042798 0.812972 0.036192 0.813147
0 0.035026 0.944091 0.034896 0.948986 0.035415 0.949510 0.036062 0.951434 0.037617 0.953182 0.037617 0.956853 0.039689 0.958951 0.039819 0.963671 0.042668 0.968042 0.042927 0.969615 0.043834 0.969965 0.044223 0.975035 0.046813 0.975909 0.049275 0.972762 0.049275 0.971014 0.053290 0.966294 0.053420 0.964196 0.054197 0.963497 0.054197 0.961049 0.056917 0.957378 0.057047 0.954930 0.057824 0.954755 0.058731 0.950035 0.060803 0.946014 0.058212 0.946014 0.057176 0.944091 0.041373 0.944091 0.040466 0.942168 0.038264 0.942517 0.038394 0.943741
0 0.119870 0.765420 0.109119 0.779755 0.109119 0.783601 0.107306 0.783077 0.106658 0.786399 0.107435 0.788147 0.109378 0.787972 0.110285 0.789895 0.114948 0.789720 0.115466 0.791993 0.119870 0.791294 0.120000 0.793741 0.128031 0.793392 0.128290 0.787622 0.127124 0.787448 0.126865 0.783776 0.125959 0.783776 0.125699 0.776259 0.124275 0.776259 0.124275 0.771538 0.123238 0.771364 0.123497 0.765420
0 0.149404 0.805455 0.162876 0.823636 0.162876 0.827657 0.161710 0.830629 0.159767 0.829755 0.157953 0.832203 0.153549 0.832028 0.152513 0.834126 0.149663 0.833776 0.148756 0.835524 0.144482 0.835350 0.143964 0.833951 0.142409 0.833601 0.143705 0.831853 0.143575 0.823986 0.144870 0.823811 0.145389 0.819091 0.146295 0.818916 0.146425 0.812273 0.147461 0.811049 0.147461 0.808077 0.148497 0.808252
0 0.164767 0.746416 0.163990 0.744143 0.166839 0.740647 0.166839 0.739248 0.171891 0.731906 0.171632 0.729808 0.173316 0.729283 0.173964 0.725612 0.175907 0.725612 0.176554 0.724213 0.179145 0.723514 0.179534 0.726136 0.180699 0.727885 0.181088 0.731906 0.182513 0.732955 0.182513 0.736451 0.183808 0.738549 0.183808 0.740122 0.184845 0.740997 0.184974 0.743794 0.186140 0.744843 0.186269 0.749038 0.187953 0.750962 0.187694 0.754633 0.188990 0.756556 0.175389 0.757955 0.174870 0.755507 0.167228 0.755332 0.166969 0.753584 0.160622 0.754108 0.160622 0.752535 0.161399 0.751661 0.161788 0.746941
0 0.153316 0.657133 0.160570 0.666573 0.160829 0.669720 0.162254 0.669895 0.165492 0.673392 0.166269 0.676014 0.167824 0.676538 0.168212 0.677937 0.169119 0.677413 0.171580 0.674615 0.172617 0.670420 0.173264 0.669545 0.173264 0.664825 0.174948 0.663951 0.174948 0.658007 0.175725 0.657308 0.176244 0.650490 0.177280 0.650140 0.177668 0.648042 0.176632 0.645594 0.170285 0.644545 0.170026 0.645769 0.163808 0.646469 0.163031 0.647517 0.158627 0.648566 0.156813 0.650315 0.154741 0.649965 0.152668 0.652762
0 0.249301 0.643322 0.242694 0.643497 0.241399 0.641748 0.241140 0.643147 0.238161 0.643497 0.238031 0.647692 0.238938 0.648217 0.239326 0.652063 0.240363 0.652413 0.240881 0.656608 0.242176 0.656608 0.242306 0.659930 0.243212 0.660629 0.243601 0.664476 0.246321 0.667972 0.246062 0.672692 0.247617 0.673741 0.247617 0.676014 0.248653 0.676888 0.249041 0.677762 0.250725 0.677762 0.252150 0.675664 0.252150 0.674091 0.257720 0.667622 0.257720 0.664825 0.258368 0.664476 0.258497 0.661853 0.262642 0.656608 0.262902 0.654860 0.265492 0.651888 0.265492 0.646469 0.263549 0.646469 0.263031 0.645769 0.254870 0.645070 0.253834 0.643322 0.251632 0.643497 0.250855 0.645944
0 0.318536 0.549038 0.318795 0.554108 0.317630 0.554458 0.317630 0.561451 0.316205 0.561451 0.316205 0.569843 0.320350 0.569843 0.320738 0.568444 0.325531 0.568444 0.326308 0.566521 0.329288 0.566346 0.331231 0.563899 0.331360 0.562325 0.322293 0.548689
0 0.380803 0.872133 0.380933 0.868636 0.382358 0.867238 0.383912 0.866713 0.385207 0.864965 0.388316 0.865315 0.388057 0.870210 0.389223 0.870909 0.389223 0.877203 0.390777 0.877552 0.390777 0.882098 0.392202 0.883846 0.392202 0.891888 0.390000 0.891888 0.389741 0.889615 0.382228 0.890315 0.381969 0.887692 0.378472 0.888042 0.378212 0.886469 0.374585 0.886469 0.374456 0.885594 0.373290 0.884371 0.372668 0.881818
0 0.394145 0.908846 0.416943 0.908497 0.417461 0.910245 0.419534 0.911119 0.419534 0.912867 0.417332 0.915490 0.417461 0.918462 0.415907 0.919685 0.416036 0.922483 0.412280 0.926853 0.412539 0.929301 0.410984 0.930000 0.410337 0.933497 0.408005 0.933322 0.408264 0.935769 0.406192 0.938217 0.401917 0.933147 0.401528 0.928776 0.399585 0.925455 0.399456 0.923881 0.397642 0.923007 0.397902 0.920035 0.396606 0.920035 0.396606 0.918112 0.396477 0.917238 0.395052 0.916014 0.395052 0.911643
0 0.583407 0.908776 0.583018 0.918217 0.581852 0.918042 0.581982 0.929755 0.580816 0.929755 0.580298 0.938322 0.579650 0.939021 0.579780 0.949336 0.587681 0.941643 0.593122 0.940070 0.594028 0.939021 0.596619 0.938322 0.596878 0.937448 0.600764 0.936923 0.600635 0.935175 0.602966 0.935000 0.603744 0.932902 0.605816 0.933252 0.607759 0.930804 0.605557 0.930629 0.598174 0.919615 0.596749 0.920140 0.591697 0.912448 0.590142 0.912448 0.586516 0.907028 0.584702 0.907378
0 0.515181 0.823304 0.514275 0.823479 0.504171 0.835892 0.504171 0.837815 0.502617 0.839388 0.502358 0.842185 0.505337 0.841836 0.506373 0.844458 0.509352 0.843234 0.510000 0.846031 0.514145 0.845332 0.515440 0.847955 0.518679 0.847430 0.519585 0.849528 0.520622 0.849353 0.521399 0.847955 0.523212 0.847605 0.523342 0.842885 0.521917 0.839913 0.521788 0.837990 0.520751 0.836066 0.520751 0.830997 0.519585 0.830122 0.519171 0.823776 0.517487 0.821853 0.515544 0.821503
0 0.473083 0.825577 0.480725 0.825577 0.480725 0.826976 0.486425 0.826801 0.486813 0.828374 0.490052 0.828374 0.490052 0.830472 0.486166 0.835017 0.485777 0.837990 0.479819 0.846381 0.478912 0.846381 0.478782 0.845682 0.477746 0.845332 0.477098 0.839738 0.475933 0.839738 0.475544 0.835367 0.474378 0.833444 0.474249 0.827675
0 0.557409 0.804073 0.562979 0.804423 0.563627 0.803024 0.571658 0.802150 0.572565 0.803899 0.573990 0.804423 0.573083 0.805472 0.572047 0.809318 0.571140 0.809668 0.573212 0.811591 0.571658 0.812640 0.571917 0.816136 0.570104 0.815787 0.569845 0.821556 0.568679 0.825227 0.566347 0.827325 0.566347 0.831346 0.563497 0.832220 0.560259 0.828899 0.559741 0.825752 0.559093 0.825227 0.558705 0.821906 0.556373 0.821906 0.556114 0.819108 0.551969 0.813689 0.551839 0.812640 0.549508 0.808094 0.551451 0.807570 0.551451 0.806521 0.557150 0.806171
0 0.514469 0.762465 0.514469 0.769283 0.520557 0.777500 0.520427 0.779948 0.524313 0.785717 0.527552 0.782045 0.527811 0.778199 0.530661 0.775927 0.531438 0.772430 0.533510 0.768409 0.534288 0.764388 0.536490 0.761591 0.536231 0.759843 0.537267 0.758094 0.537267 0.754423 0.539080 0.752500 0.511749 0.751976 0.511490 0.752850 0.509028 0.754073 0.509547 0.755122 0.509935 0.757220 0.511360 0.757045 0.511360 0.761766
0 0.353070 0.813514 0.351516 0.838689 0.350609 0.839213 0.349573 0.847955 0.352940 0.848129 0.353199 0.846731 0.356956 0.845857 0.357085 0.844458 0.360972 0.843584 0.361360 0.843234 0.364080 0.842185 0.364987 0.840787 0.366153 0.840612 0.366541 0.839388 0.370687 0.839038 0.370687 0.837990 0.372759 0.836766 0.374184 0.834843 0.374443 0.833094 0.371334 0.828899 0.369909 0.829248 0.366153 0.824003 0.364339 0.823479 0.358899 0.817010
0 0.473407 0.731871 0.474054 0.738689 0.475609 0.739038 0.474832 0.743409 0.476256 0.744808 0.477034 0.746906 0.477681 0.746731 0.484288 0.738164 0.484158 0.737115 0.486490 0.735717 0.486619 0.732570 0.485194 0.731871 0.484417 0.731696 0.480013 0.730822 0.479106 0.728024 0.474573 0.728199
0 0.389339 0.714563 0.389987 0.717885 0.401386 0.741661 0.401775 0.744283 0.405272 0.744108 0.405013 0.741486 0.414469 0.722955 0.414469 0.720332 0.416930 0.715787 0.416412 0.711066 0.390505 0.711066
0 0.524961 0.673479 0.518225 0.681521 0.515764 0.681871 0.512526 0.685367 0.511490 0.684843 0.507604 0.690437 0.506049 0.690787 0.503718 0.694283 0.505531 0.695682 0.508899 0.698304 0.524961 0.709668 0.524832 0.711066 0.528199 0.711241 0.528459 0.673129
0 0.477966 0.548497 0.477966 0.556189 0.476671 0.556364 0.476671 0.565979 0.475117 0.567378 0.475764 0.573322 0.474339 0.573671 0.474210 0.586434 0.476153 0.585909 0.477578 0.584336 0.482111 0.583287 0.482111 0.582063 0.485479 0.581888 0.486775 0.580839 0.488847 0.580140 0.488847 0.578916 0.491438 0.578916 0.492215 0.577343 0.495194 0.576643 0.495324 0.575245 0.497526 0.574895 0.498821 0.573147 0.501412 0.573147 0.494288 0.563706 0.492992 0.563531 0.486904 0.554091 0.484961 0.554441 0.481334 0.548322
0 0.590142 0.717552 0.596762 0.723252 0.598834 0.727098 0.604391 0.730140 0.605687 0.732937 0.608407 0.732238 0.608407 0.730839 0.609832 0.730664 0.609702 0.718601 0.611127 0.718252 0.610997 0.715280 0.610091 0.714056 0.611127 0.713007 0.611127 0.697098 0.609961 0.699021 0.608018 0.698846 0.605298 0.701469 0.604650 0.701119 0.602319 0.703566 0.599598 0.703916 0.598044 0.706713 0.595972 0.706364 0.593251 0.709336 0.590142 0.709860 0.588977 0.711259 0.586904 0.711958 0.586904 0.714406 0.588847 0.715629
0 0.728886 0.923182 0.715285 0.923007 0.715285 0.924755 0.716321 0.925629 0.716321 0.926678 0.717098 0.927028 0.717098 0.931573 0.718912 0.933322 0.718782 0.936119 0.720207 0.936119 0.720207 0.941014 0.721114 0.942238 0.725777 0.953951 0.727720 0.954301 0.727979 0.950979 0.729793 0.950804 0.729922 0.948531 0.731218 0.947308 0.730959 0.945035 0.736788 0.937692 0.736788 0.935245 0.740803 0.930175 0.740803 0.926154 0.738342 0.926678 0.738212 0.924580 0.729663 0.925280
0 0.860246 0.952500 0.859469 0.971206 0.861541 0.972605 0.862707 0.973479 0.865427 0.970682 0.867759 0.970157 0.870220 0.967710 0.873459 0.964738 0.875013 0.964563 0.875531 0.961941 0.872811 0.961241 0.873070 0.958094 0.870350 0.958094 0.868925 0.956171 0.866334 0.955647 0.866334 0.954948 0.862189 0.954598
0 0.899106 0.944633 0.902863 0.950577 0.904028 0.950752 0.906749 0.953549 0.908174 0.953549 0.911541 0.957745 0.912707 0.957920 0.915946 0.962465 0.917759 0.962990 0.920350 0.966136 0.922422 0.966486 0.923329 0.964213 0.924624 0.962990 0.924754 0.936416 0.925790 0.935892 0.926308 0.929248 0.924365 0.926276 0.920479 0.926976 0.898070 0.942710
0 0.859728 0.876976 0.860117 0.858269 0.856878 0.858969 0.856619 0.859668 0.854288 0.860542 0.852345 0.863689 0.850920 0.863689 0.848459 0.866661 0.846127 0.867360 0.845738 0.868409 0.844184 0.868934 0.838355 0.876276 0.837837 0.876101 0.835635 0.878899 0.839780 0.884493 0.840687 0.883794 0.841982 0.886066 0.844702 0.886241 0.845609 0.887465 0.849106 0.887815 0.849236 0.888514 0.851826 0.889038 0.853769 0.892360 0.855324 0.892535 0.856619 0.894458 0.858303 0.894458 0.861541 0.898129 0.861023 0.884843 0.859987 0.885017 0.861153 0.882395 0.861023 0.878549
0 0.760842 0.691538 0.764469 0.685594 0.767966 0.684895 0.767966 0.692937 0.768873 0.693811 0.768614 0.700629 0.770168 0.701154 0.770298 0.709196 0.771593 0.709720 0.771723 0.720559 0.772889 0.721259 0.772889 0.723531 0.767448 0.723706 0.766930 0.721608 0.763562 0.721783 0.762915 0.719510 0.759676 0.720210 0.759028 0.717413 0.755013 0.717937 0.754754 0.716713 0.750479 0.716014 0.749832 0.715140 0.748407 0.714790 0.747630 0.713916 0.745168 0.712867 0.744780 0.710245 0.746852 0.709895 0.746075 0.707622 0.747889 0.706399 0.759676 0.691014
0 0.708381 0.687517 0.711749 0.691888 0.713174 0.691888 0.713692 0.693462 0.715117 0.693811 0.715764 0.689091 0.716671 0.688741 0.717448 0.684196 0.717966 0.683147 0.718873 0.678252 0.719521 0.677902 0.719780 0.671084 0.721723 0.670909 0.721334 0.665140 0.722370 0.665490 0.722889 0.657098 0.718484 0.656748 0.717448 0.658671 0.713562 0.659196 0.712396 0.660944 0.708899 0.660594 0.708510 0.662692 0.705531 0.662692 0.705272 0.664965 0.698795 0.664615 0.698407 0.666189 0.696205 0.665839 0.696075 0.668287 0.698148 0.670734 0.697370 0.672832
0 0.835712 0.632448 0.838562 0.637517 0.840376 0.635420 0.840635 0.633322 0.841282 0.632622 0.841412 0.627028 0.842319 0.627552 0.843225 0.620909 0.843614 0.620559 0.844262 0.612517 0.845557 0.611818 0.845557 0.604825 0.846723 0.604476 0.846723 0.601678 0.841801 0.601154 0.840894 0.602727 0.837526 0.602552 0.837008 0.604301 0.832085 0.605000 0.831179 0.607098 0.827034 0.606573 0.826386 0.607622 0.824313 0.608497 0.822889 0.610420 0.820427 0.612692 0.821334 0.613566 0.821205 0.616189 0.823925 0.616189 0.823925 0.617937 0.822630 0.619510 0.824443 0.619860 0.825609 0.623881 0.827422 0.623706 0.833122 0.631573
0 0.733899 0.609895 0.734158 0.612692 0.737137 0.616538 0.738951 0.617063 0.740505 0.619685 0.742707 0.619860 0.743225 0.622483 0.745557 0.623357 0.746593 0.627378 0.749832 0.624056 0.750091 0.610245 0.750738 0.610245 0.750997 0.598007 0.749573 0.599406 0.746334 0.599056 0.746205 0.601329 0.742448 0.601329 0.742448 0.603252 0.739210 0.602727 0.738821 0.604650 0.736360 0.604650 0.735324 0.606224 0.733381 0.605874
0 0.702811 0.554650 0.709028 0.541189 0.709417 0.536993 0.690894 0.536818 0.690246 0.538566 0.685324 0.538741 0.684935 0.540315 0.683122 0.538217 0.682474 0.540140 0.683510 0.541364 0.683640 0.543811 0.686360 0.547308 0.686101 0.549930 0.687655 0.551329 0.687655 0.552552 0.695427 0.564091 0.695557 0.566713 0.698407 0.568287 0.700609 0.565490 0.701516 0.563741 0.701516 0.560769 0.703070 0.559196
0 0.720298 0.542063 0.746982 0.532273 0.746464 0.534720 0.745816 0.543986 0.744909 0.544161 0.744909 0.548531 0.744132 0.548357 0.743614 0.552727 0.741671 0.553252 0.741671 0.557797 0.741023 0.558671 0.740894 0.562692 0.739858 0.563217 0.738821 0.568112 0.736490 0.567937 0.730920 0.560594 0.731179 0.557797 0.728070 0.557098 0.727940 0.553077 0.724702 0.549930 0.723277 0.550105 0.723148 0.547308 0.722111 0.546608 0.722111 0.544510
0 0.298368 0.117622 0.298109 0.124441 0.297073 0.124266 0.296684 0.133706 0.295259 0.134580 0.295389 0.140350 0.294870 0.140874 0.293964 0.147692 0.293187 0.148566 0.293446 0.152063 0.298497 0.151888 0.299145 0.150664 0.304197 0.149965 0.304197 0.148392 0.307565 0.148042 0.307824 0.146469 0.311321 0.146294 0.311969 0.145070 0.316891 0.144371 0.317280 0.143671 0.318834 0.142622 0.321036 0.140874 0.305363 0.118322 0.304585 0.118497 0.301606 0.115000 0.300052 0.115000
0 0.265466 0.178462 0.264041 0.178112 0.263782 0.174790 0.261969 0.174441 0.261969 0.174441 0.262098 0.176189 0.242798 0.190175 0.241632 0.193147 0.239689 0.193846 0.241373 0.198217 0.243964 0.198566 0.246036 0.202063 0.250181 0.203462 0.262746 0.213601 0.265337 0.211503
0 0.351347 0.272692 0.352383 0.272517 0.351865 0.259755 0.349534 0.260804 0.349016 0.261853 0.345130 0.262028 0.344223 0.263601 0.341632 0.263776 0.339171 0.267273 0.336580 0.267273 0.333731 0.270944 0.331658 0.271643 0.331658 0.273217 0.337228 0.281259 0.338394 0.281084 0.342539 0.286503 0.343834 0.286503 0.344741 0.288776 0.346813 0.288077 0.347591 0.290524 0.350699 0.287028 0.350699 0.273741
0 0.356140 0.381084 0.356399 0.389301 0.357176 0.390175 0.357565 0.399790 0.358472 0.400490 0.358990 0.406434 0.359508 0.407657 0.358342 0.414650 0.352772 0.412552 0.352642 0.409231 0.348368 0.409231 0.347202 0.405559 0.343964 0.405385 0.343575 0.404510 0.341244 0.403636 0.340725 0.402238 0.337487 0.402063 0.336839 0.400140 0.334508 0.399615 0.334119 0.397867 0.337746 0.392273 0.340078 0.392098 0.343912 0.386364 0.345389 0.386678 0.349922 0.379161 0.351606 0.379161 0.353161 0.377762 0.354715 0.377238
0 0.399275 0.431434 0.401477 0.432483 0.402642 0.434231 0.405492 0.434406 0.406528 0.436329 0.409378 0.436503 0.412617 0.438951 0.413523 0.439825 0.415078 0.441748 0.417539 0.441923 0.418057 0.417098 0.417409 0.416399 0.416632 0.414301 0.415596 0.414301 0.414948 0.415524 0.413005 0.416049 0.410933 0.419196 0.408731 0.419196 0.408212 0.421119 0.406399 0.421119 0.402254 0.426888 0.400699 0.426189 0.399145 0.428636
0 0.434016 0.426766 0.421192 0.457885 0.444637 0.458234 0.445155 0.456311 0.448005 0.455787 0.447617 0.449493 0.446710 0.448269 0.439197 0.434808 0.439585 0.433234
0 0.391788 0.334283 0.390751 0.335682 0.390363 0.339353 0.389197 0.339003 0.388938 0.343024 0.387124 0.345122 0.386995 0.349843 0.386218 0.349668 0.385829 0.352990 0.384404 0.353514 0.384793 0.358234 0.395674 0.357885 0.396192 0.355787 0.401373 0.356136 0.402021 0.355262 0.405518 0.354038 0.402798 0.351241 0.402798 0.349143 0.400984 0.345997 0.399819 0.343199 0.398653 0.342850 0.398782 0.340402 0.394767 0.333759
0 0.373005 0.302115 0.372617 0.313654 0.374301 0.313479 0.374171 0.327815 0.370155 0.328339 0.369508 0.327465 0.366788 0.327465 0.366269 0.325192 0.362772 0.324668 0.362254 0.323794 0.360829 0.323619 0.360181 0.320822 0.355130 0.321346 0.354352 0.318374 0.352409 0.319073 0.351632 0.317850 0.352539 0.316801 0.352409 0.314703 0.356036 0.308059 0.357720 0.308584 0.366010 0.297045 0.367306 0.297220 0.367953 0.295472 0.369896 0.294598 0.370155 0.297220 0.371321 0.297045 0.371321 0.301416
0 0.410181 0.211556 0.409922 0.243199 0.407461 0.243199 0.406684 0.241101 0.404611 0.241276 0.404093 0.239528 0.402021 0.239703 0.401503 0.237955 0.400207 0.237955 0.399041 0.236206 0.396451 0.236381 0.396062 0.234458 0.394378 0.234458 0.393860 0.232185 0.391269 0.232360 0.389974 0.229213 0.386347 0.229038 0.385829 0.225017 0.388679 0.224493 0.389456 0.220122 0.391528 0.220822 0.392694 0.218024 0.395285 0.217500 0.397746 0.213479 0.399041 0.213304 0.401632 0.208934 0.403705 0.209808 0.405130 0.207360 0.406425 0.207360 0.406554 0.206486 0.408109 0.206486 0.408368 0.208059 0.410570 0.208059 0.409145 0.209983
0 0.415881 0.194598 0.416917 0.223794 0.418342 0.227640 0.419767 0.227115 0.420285 0.225717 0.422487 0.225367 0.423653 0.223444 0.424430 0.223794 0.430259 0.216451 0.432720 0.216801 0.438161 0.210157 0.438161 0.208234 0.421580 0.195997 0.418731 0.195997 0.418342 0.194598
0 0.445933 0.230262 0.456813 0.219073 0.457073 0.231311 0.457850 0.232885 0.457850 0.241801 0.459663 0.243024 0.459534 0.257010 0.455389 0.256661 0.455000 0.255787 0.453316 0.255437 0.451762 0.253864 0.447228 0.253864 0.446580 0.252115 0.445026 0.251416 0.442565 0.248444 0.438031 0.248269 0.437642 0.246346 0.435181 0.245997 0.435181 0.242500 0.440492 0.234983 0.441658 0.235157
0 0.508756 0.254738 0.510311 0.258934 0.512383 0.258934 0.514326 0.262255 0.516528 0.262255 0.521451 0.267325 0.522358 0.266976 0.525337 0.270822 0.526373 0.270822 0.527927 0.272745 0.528316 0.271521 0.529482 0.270997 0.529611 0.264528 0.530518 0.264528 0.531295 0.236731 0.530389 0.236556 0.528964 0.234633 0.528446 0.235682 0.526632 0.236031 0.526503 0.237955 0.522358 0.237780 0.521710 0.239353 0.520155 0.239178 0.518472 0.241976 0.516399 0.242325 0.515751 0.244073 0.514326 0.244073 0.506943 0.250717 0.506684 0.254388
0 0.516891 0.014423 0.515855 0.014073 0.515855 0.009353 0.521425 0.009003 0.521684 0.009703 0.524275 0.009878 0.524404 0.011626 0.526865 0.012500 0.526865 0.014073 0.529715 0.013024 0.529715 0.015647 0.532306 0.015647 0.532824 0.016521 0.535674 0.017570 0.535933 0.019668 0.538653 0.019843 0.538912 0.023689 0.537098 0.026136 0.536710 0.028234 0.534249 0.029983 0.533472 0.032255 0.531140 0.032955 0.530751 0.035752 0.528679 0.036801 0.525570 0.038549 0.524793 0.039598 0.522461 0.039948 0.521554 0.041696 0.520259 0.041871 0.520000 0.040997 0.519093 0.040472 0.518446 0.026661 0.517021 0.026136
0 0.609054 0.157378 0.608795 0.164196 0.607759 0.164545 0.607111 0.171538 0.606334 0.171888 0.606075 0.175734 0.605039 0.176608 0.604780 0.185524 0.611386 0.185350 0.612422 0.183776 0.616179 0.183077 0.616438 0.182028 0.619288 0.181853 0.620324 0.180280 0.623303 0.179930 0.624469 0.178357 0.627707 0.177832 0.627966 0.175909 0.624080 0.170664 0.624210 0.168741 0.622137 0.168042 0.611904 0.153706
0 0.657889 0.255455 0.670453 0.255280 0.671878 0.257028 0.672137 0.262448 0.660609 0.285874 0.658536 0.286224 0.657111 0.284301 0.656982 0.282203 0.652966 0.276608 0.652837 0.275559 0.649080 0.270664 0.649080 0.268217 0.646490 0.264720 0.646360 0.262273 0.645324 0.261399 0.645065 0.259476 0.646360 0.257378 0.657759 0.256853
0 0.668510 0.299161 0.668640 0.304056 0.669806 0.304231 0.669158 0.309825 0.670453 0.310524 0.670712 0.317517 0.671490 0.318392 0.672137 0.323462 0.673174 0.324510 0.674080 0.328007 0.675894 0.328007 0.676412 0.327133 0.677578 0.327133 0.684313 0.317867 0.685609 0.319091 0.686904 0.315594 0.690272 0.311224 0.690272 0.309301 0.689106 0.306678 0.687163 0.306329 0.685997 0.303531 0.682759 0.304406 0.682630 0.302308 0.677837 0.302133 0.677707 0.301084 0.674598 0.300909 0.674741 0.299301
0 0.778614 0.250385 0.778614 0.278881 0.779521 0.279231 0.780168 0.281678 0.781852 0.278182 0.786904 0.278007 0.788070 0.274336 0.790531 0.274336 0.792992 0.271364 0.794028 0.271014 0.795065 0.269615 0.797137 0.269441 0.797915 0.268392 0.799987 0.267692 0.800635 0.260699 0.798821 0.260524 0.796619 0.257203 0.794676 0.257378 0.794288 0.254930 0.791697 0.255455 0.791049 0.253007 0.789624 0.254580 0.786516 0.250559 0.785868 0.250559 0.783148 0.246713 0.778484 0.246713 0.780298 0.248811
0 0.645557 0.097395 0.653070 0.105612 0.653329 0.108934 0.656179 0.113304 0.657215 0.113304 0.660194 0.116451 0.662008 0.115577 0.662785 0.115402 0.662526 0.108059 0.664080 0.107885 0.663951 0.102990 0.664987 0.102465 0.665505 0.096346 0.666671 0.096696 0.666412 0.091451 0.668484 0.091101 0.668225 0.084108 0.669132 0.083409 0.667966 0.082885 0.666671 0.080787 0.664987 0.080962 0.664987 0.082185 0.659935 0.082185 0.659676 0.083409 0.654495 0.083759 0.653977 0.085682 0.650091 0.085682 0.649184 0.087780 0.645557 0.087605 0.644780 0.089703 0.642578 0.089528 0.642189 0.093199 0.643484 0.093724 0.644132 0.096346
0 0.720078 0.027273 0.727228 0.036381 0.731373 0.036731 0.731762 0.034108 0.732927 0.033059 0.733316 0.026066 0.734482 0.026241 0.734093 0.019948 0.735130 0.019948 0.736036 0.008234 0.737073 0.008059 0.736826 0.000000 0.736554 0.000000 0.735648 0.001766 0.733938 0.000000 0.732345 0.000000 0.732021 0.001066 0.729560 0.001241 0.729560 0.003339 0.723601 0.003689 0.722953 0.004388 0.721010 0.004913 0.720104 0.007185 0.715829 0.007185 0.714663 0.008759 0.713238 0.008759 0.712850 0.010157 0.710518 0.010332 0.709352 0.014178 0.715829 0.022395 0.717254 0.022570
0 0.914637 0.066084 0.919922 0.065944 0.922772 0.062797 0.924585 0.062972 0.924585 0.060350 0.926269 0.057727 0.927694 0.057028 0.928342 0.054755 0.930415 0.051259 0.931580 0.052483 0.934948 0.047937 0.934819 0.046364 0.936762 0.043566 0.938187 0.043741 0.941425 0.039720 0.941166 0.037797 0.939741 0.037273 0.937927 0.033776 0.935466 0.032727 0.934819 0.032203 0.927824 0.032378 0.925881 0.028007 0.920959 0.027657 0.920699 0.026608 0.916943 0.026608 0.915648 0.024860 0.912280 0.024685 0.911632 0.026084 0.909689 0.024336 0.908523 0.024860 0.908005 0.031154 0.909689 0.032378 0.908912 0.044615 0.911244 0.046014 0.912021 0.050035 0.910725 0.050909 0.910725 0.053357 0.913187 0.055280 0.911632 0.058252 0.913964 0.060350
0 0.949054 0.258129 0.949184 0.247640 0.947889 0.244493 0.942966 0.244318 0.938951 0.251486 0.937008 0.251661 0.935972 0.249563 0.935583 0.252885 0.934417 0.253409 0.934028 0.255857 0.928718 0.256906 0.928977 0.259703 0.927422 0.261976 0.925479 0.262150 0.924832 0.265822 0.925350 0.267045 0.925350 0.268619 0.929236 0.268094 0.930790 0.271941 0.933122 0.272115 0.934935 0.275087 0.937915 0.275962 0.938951 0.277535 0.941153 0.277710 0.941801 0.279108 0.945039 0.279108 0.945816 0.281206 0.947889 0.281206 0.950738 0.279458 0.950350 0.259703
0 0.837370 0.395664 0.834909 0.391294 0.832319 0.391469 0.830635 0.393741 0.830635 0.397762 0.831930 0.397937 0.832189 0.415245 0.833744 0.416294 0.831801 0.417692 0.831801 0.421364 0.832707 0.421364 0.833225 0.428182 0.833873 0.428706 0.835427 0.427133 0.838277 0.426434 0.842163 0.421189 0.843329 0.421713 0.845920 0.418217 0.848251 0.417867 0.848381 0.413671 0.849676 0.415245 0.852526 0.411224 0.854210 0.411224 0.854728 0.403706 0.853174 0.404580 0.852526 0.402308 0.850453 0.402657 0.849417 0.400559 0.847863 0.400909 0.847215 0.398811 0.845402 0.398811 0.844883 0.397587 0.840997 0.396713 0.840350 0.395140
0 0.562746 0.372360 0.572332 0.372360 0.572461 0.375682 0.571425 0.378829 0.570907 0.380227 0.570259 0.381451 0.570259 0.384423 0.568705 0.385647 0.568964 0.388794 0.567927 0.389668 0.567409 0.394388 0.566503 0.395087 0.565984 0.397010 0.564819 0.398759 0.564430 0.401906 0.562487 0.403304 0.557694 0.397535 0.557306 0.395962 0.554715 0.392465 0.554585 0.390367 0.549016 0.384248 0.549404 0.380927 0.547073 0.379178 0.548109 0.376381 0.551088 0.376206 0.551606 0.374808 0.562306 0.373776
0 0.539119 0.483024 0.547668 0.482325 0.547668 0.484423 0.551166 0.484073 0.551295 0.485472 0.555959 0.486346 0.555699 0.488794 0.553627 0.491241 0.553756 0.492815 0.548446 0.499983 0.548316 0.502430 0.546114 0.502780 0.545725 0.506276 0.537953 0.515892 0.536788 0.514493 0.535363 0.509423 0.534197 0.507500 0.533808 0.505927 0.532642 0.504353 0.532383 0.501906 0.531736 0.501381 0.531606 0.495087 0.530052 0.494213 0.530052 0.490017 0.529404 0.489318 0.528886 0.485822 0.527591 0.484948 0.527202 0.480052 0.531736 0.478304 0.531736 0.481101 0.538731 0.480227
0 0.733756 0.788392 0.731295 0.791364 0.730130 0.791538 0.727668 0.796084 0.726244 0.795210 0.714845 0.809545 0.717306 0.812692 0.717306 0.814441 0.720674 0.813741 0.721321 0.815839 0.723653 0.816014 0.724948 0.818112 0.727798 0.818112 0.728964 0.819161 0.730907 0.819510 0.732332 0.821084 0.740104 0.821783 0.739845 0.816364 0.737902 0.815140 0.737902 0.810594 0.736347 0.810594 0.737902 0.809196 0.738161 0.803776 0.739067 0.802028 0.737513 0.800455 0.736736 0.798531 0.736736 0.793986 0.735699 0.793636 0.735829 0.789441
0 0.861671 0.801346 0.878251 0.789458 0.878640 0.788934 0.881619 0.789108 0.881878 0.802920 0.883303 0.803269 0.883174 0.807640 0.882396 0.808864 0.883562 0.809738 0.883692 0.814108 0.882915 0.814633 0.881619 0.818654 0.880194 0.819878 0.879158 0.817955 0.875531 0.818129 0.874106 0.814283 0.872422 0.814983 0.871127 0.813059 0.869961 0.813059 0.866464 0.808514 0.866205 0.807465 0.862966 0.807290 0.862319 0.806066 0.861541 0.806066
0 0.795415 0.547238 0.795026 0.560699 0.796451 0.561573 0.796321 0.570839 0.797876 0.571364 0.797876 0.575385 0.800596 0.574860 0.801373 0.573287 0.803705 0.573636 0.809793 0.564720 0.811347 0.565420 0.811736 0.562622 0.813420 0.562797 0.820803 0.553706 0.820803 0.551783 0.819508 0.549336 0.818860 0.549336 0.817694 0.547238 0.815492 0.547587 0.814456 0.545140 0.811477 0.546014 0.810829 0.544615 0.809275 0.544615 0.808238 0.543042 0.804741 0.542168 0.804223 0.540944 0.802280 0.540594 0.801373 0.538846 0.794637 0.538497 0.793860 0.545664
0 0.784404 0.469965 0.806295 0.469965 0.806943 0.471189 0.809145 0.471538 0.809275 0.474336 0.808886 0.475210 0.800725 0.492517 0.800725 0.494965 0.794767 0.503357 0.793601 0.500385 0.792953 0.497238 0.790233 0.493392 0.790233 0.490944 0.789326 0.489371 0.789197 0.487273 0.786218 0.483427 0.786347 0.480979 0.784275 0.478881 0.783497 0.474685 0.782073 0.473811
0 0.684236 0.403986 0.678925 0.415874 0.678795 0.420070 0.677500 0.422343 0.677889 0.424266 0.676593 0.424965 0.676205 0.428636 0.675039 0.428636 0.674909 0.431084 0.673614 0.433357 0.673484 0.437727 0.678536 0.438077 0.678407 0.436678 0.692008 0.436678 0.692785 0.436154 0.700687 0.435105 0.699521 0.433007 0.699132 0.428811 0.696930 0.426364 0.697060 0.424441 0.693821 0.420070 0.693303 0.418322 0.690324 0.415000 0.690324 0.411503 0.687345 0.407832 0.687474 0.405035
0 0.041114 0.608252 0.040078 0.602483 0.036192 0.605280 0.033342 0.601783 0.031010 0.601783 0.028420 0.597413 0.026477 0.598287 0.026088 0.596189 0.022461 0.596538 0.022461 0.598986 0.020389 0.599685 0.022850 0.602308 0.021295 0.603357 0.021166 0.612448 0.022591 0.612972 0.020907 0.614196 0.021813 0.615769 0.021295 0.616993 0.021425 0.620140 0.022202 0.620839 0.022202 0.623462 0.020907 0.624161 0.021554 0.627657 0.021943 0.628007 0.022202 0.635000 0.023886 0.634650 0.024534 0.633776 0.027902 0.633252 0.029456 0.630629 0.038394 0.621888 0.040596 0.622063 0.046295 0.615245 0.046684 0.612622 0.044870 0.612448
0 0.928536 0.437622 0.928925 0.469790 0.925816 0.470315 0.925427 0.469266 0.922966 0.468916 0.922578 0.467517 0.917915 0.466818 0.917785 0.462273 0.917008 0.465420 0.913251 0.460000 0.912085 0.459825 0.908329 0.454755 0.905609 0.454580 0.905997 0.452133 0.908070 0.451958 0.910790 0.447238 0.911567 0.447238 0.913381 0.445140 0.915065 0.445839 0.917137 0.442168 0.919080 0.443042 0.919728 0.440944 0.922578 0.440944 0.923873 0.437098
