0 0.060039 0.096206 0.059780 0.108794 0.060816 0.108794 0.062370 0.106696 0.063407 0.106871 0.067293 0.102500 0.066256 0.101801 0.066127 0.098479 0.062500 0.097955 0.062500 0.096556
0 0.536645 0.530122 0.536645 0.538514 0.535738 0.539038 0.534961 0.545157 0.533925 0.545682 0.533536 0.549878 0.534961 0.550052 0.534961 0.556346 0.536127 0.559493 0.538847 0.559143 0.539106 0.558444 0.541438 0.557745 0.543640 0.554598 0.545972 0.554073 0.546101 0.552850 0.548692 0.551976 0.549858 0.549353 0.551671 0.549178 0.554521 0.546206 0.554521 0.544808 0.552448 0.542535 0.551282 0.542535 0.549469 0.539738 0.547785 0.540612 0.546360 0.536941 0.544806 0.537290 0.543510 0.535717 0.542215 0.535017 0.541179 0.533619 0.540272 0.533269 0.540142 0.531346 0.537953 0.530944
0 0.052655 0.056171 0.046438 0.056171 0.046697 0.058444 0.047733 0.059493 0.048122 0.062290 0.048769 0.062990 0.049028 0.066136 0.051749 0.066486 0.052137 0.069283 0.055505 0.074003 0.055894 0.076626 0.057060 0.076626 0.059391 0.074878 0.059521 0.071906 0.060427 0.071381 0.060816 0.066836 0.062241 0.067185 0.062500 0.063689 0.063277 0.063164 0.063277 0.059318 0.064313 0.057220 0.064054 0.052325 0.056153 0.052850
0 0.033614 0.096906 0.033744 0.110542 0.038407 0.110367 0.038925 0.108444 0.040997 0.108269 0.043718 0.104073 0.043977 0.101451 0.041904 0.101451 0.038148 0.096031
0 0.073251 0.145507 0.067811 0.151976 0.067811 0.155472 0.065091 0.155647 0.064702 0.158619 0.062370 0.160717 0.062111 0.164038 0.061205 0.165087 0.060427 0.167360 0.059521 0.168584 0.060816 0.170332 0.066386 0.171206 0.067163 0.173129 0.076619 0.172605 0.077915 0.175227 0.079598 0.175227 0.079858 0.173129 0.081282 0.172955 0.082060 0.166836 0.080505 0.166661 0.080117 0.160542 0.078821 0.160367 0.079339 0.155822 0.078821 0.155997 0.078303 0.152500 0.077267 0.152150 0.076619 0.147430 0.074417 0.144283
0 0.116775 0.085717 0.116904 0.089913 0.114054 0.092710 0.114184 0.095507 0.112500 0.096906 0.112889 0.098829 0.111205 0.099703 0.111334 0.102500 0.110039 0.103199 0.109909 0.106696 0.108744 0.107045 0.108614 0.111591 0.107448 0.112640 0.107578 0.113339 0.124676 0.112990 0.125453 0.112465 0.131801 0.111591 0.131282 0.111416 0.130894 0.105822 0.128692 0.103899 0.128692 0.101276 0.125453 0.098479 0.125712 0.095507 0.124806 0.094808 0.124806 0.092535 0.121826 0.088339 0.121826 0.085717
0 0.160363 0.113636 0.157837 0.129248 0.157578 0.135892 0.157060 0.135892 0.156541 0.139388 0.155117 0.139738 0.154858 0.143584 0.153044 0.143584 0.150324 0.140087 0.147992 0.139913 0.147863 0.137465 0.145142 0.132570 0.143459 0.132395 0.140738 0.129248 0.140609 0.126276 0.139054 0.125227 0.138666 0.123654 0.141256 0.120332 0.145013 0.119283 0.145142 0.116836 0.149676 0.116836 0.150324 0.115962 0.152785 0.115612 0.153433 0.113689
0 0.161593 0.057745 0.161852 0.071556 0.160557 0.071906 0.160557 0.077850 0.159780 0.078724 0.158744 0.086066 0.154469 0.086066 0.147474 0.075402 0.144624 0.075577 0.145013 0.072780 0.142422 0.068759 0.143847 0.066836 0.145402 0.066836 0.146308 0.065787 0.147992 0.064738 0.149676 0.061591 0.154987 0.061066 0.155505 0.059493 0.158355 0.059668 0.159521 0.057920
0 0.176360 0.004248 0.176101 0.005822 0.174676 0.007745 0.174935 0.008094 0.175972 0.009668 0.176101 0.013864 0.175324 0.015087 0.176101 0.031871 0.179210 0.031871 0.180376 0.030122 0.182319 0.029598 0.183355 0.027500 0.185298 0.026451 0.188148 0.022955 0.189054 0.022780 0.193588 0.016836 0.194365 0.014563 0.192681 0.014038
0 0.205699 0.065420 0.205699 0.072587 0.206606 0.072762 0.206736 0.081853 0.208031 0.083077 0.208161 0.093042 0.202979 0.092867 0.202461 0.091469 0.200648 0.091294 0.199870 0.089545 0.195984 0.088671 0.195725 0.087448 0.193653 0.087622 0.193264 0.086399 0.188990 0.085350 0.188990 0.083427 0.186917 0.083601 0.186658 0.080105 0.189508 0.075210 0.190933 0.075734 0.200000 0.062797 0.201813 0.063147 0.202073 0.061399 0.203886 0.061224 0.204145 0.065420
0 0.223057 0.029580 0.223187 0.034301 0.221891 0.035175 0.221632 0.047238 0.223316 0.047587 0.223964 0.046014 0.228627 0.045140 0.229016 0.043566 0.231218 0.043741 0.231606 0.040594 0.232902 0.039545 0.231995 0.038497 0.231477 0.035524 0.229534 0.033776 0.228886 0.033776 0.228109 0.031853 0.225259 0.031329 0.225259 0.029231
0 0.232902 0.050909 0.233031 0.066294 0.231606 0.066469 0.231606 0.076434 0.230959 0.077483 0.230959 0.079755 0.228497 0.080105 0.228109 0.078881 0.226036 0.078881 0.219689 0.069441 0.218394 0.069790 0.212694 0.061224 0.213472 0.060175 0.214378 0.060000 0.216321 0.059126 0.217358 0.058951 0.218653 0.056853 0.221373 0.055979 0.224611 0.053531 0.227720 0.053531 0.228756 0.050909
0 0.232772 0.100035 0.232513 0.109476 0.234197 0.110699 0.233938 0.117343 0.235881 0.119790 0.235881 0.123287 0.234197 0.125734 0.229275 0.125909 0.229016 0.124860 0.227202 0.124161 0.226684 0.122762 0.222280 0.122413 0.221503 0.121364 0.219819 0.121364 0.219171 0.119091 0.215674 0.118566 0.213990 0.116643 0.213601 0.112797 0.216062 0.112098 0.215933 0.109301 0.217617 0.109126 0.224352 0.099685 0.225259 0.099860 0.230311 0.093566 0.231088 0.095839 0.231347 0.096014 0.231477 0.098986
0 0.255181 0.101958 0.255440 0.114895 0.256088 0.115070 0.256606 0.122238 0.258420 0.122413 0.259456 0.123986 0.260492 0.122238 0.262306 0.122063 0.265155 0.118217 0.265285 0.116294 0.271762 0.108776 0.271762 0.103357 0.270725 0.103182 0.269948 0.101434 0.268135 0.101259 0.267098 0.099860 0.263342 0.099510 0.262953 0.098112 0.259974 0.097238 0.259197 0.096014 0.254404 0.096189 0.253886 0.100734
0 0.295984 0.111923 0.283549 0.127832 0.283549 0.129406 0.279793 0.136049 0.281995 0.135699 0.282254 0.137622 0.284845 0.137448 0.286399 0.139371 0.292098 0.139021 0.292487 0.140944 0.300000 0.140594 0.300518 0.143217 0.301684 0.141294 0.302979 0.140769 0.302979 0.136923 0.302073 0.135175 0.302202 0.128357 0.301036 0.127133 0.300777 0.123811 0.299093 0.122238 0.299352 0.119965 0.297539 0.119441 0.297668 0.113846
0 0.216062 0.181154 0.218782 0.185350 0.218782 0.187972 0.219948 0.188671 0.221244 0.193566 0.223446 0.194965 0.228627 0.200559 0.229663 0.201084 0.233161 0.197937 0.233290 0.192692 0.234585 0.191993 0.234715 0.187972 0.235492 0.186573 0.235233 0.182727 0.236917 0.181503 0.237306 0.174685 0.236658 0.174685 0.235622 0.172587 0.234845 0.175210 0.228368 0.174685 0.228368 0.176783 0.223446 0.176783 0.222798 0.178531 0.220337 0.178007 0.218782 0.179930
0 0.425194 0.040280 0.424417 0.043077 0.424028 0.045175 0.422733 0.045699 0.422474 0.048147 0.420790 0.049371 0.420790 0.051993 0.419883 0.052692 0.419883 0.057762 0.432060 0.057413 0.432060 0.056364 0.433355 0.054965 0.433096 0.054266 0.432448 0.050944 0.431930 0.050944 0.431023 0.047972
0 0.243627 0.267657 0.243627 0.270280 0.242591 0.270455 0.242591 0.275699 0.240000 0.277797 0.240000 0.280769 0.238951 0.281643 0.238174 0.285664 0.237409 0.286364 0.237409 0.291259 0.235712 0.292308 0.235972 0.298427 0.248277 0.299126 0.248666 0.297028 0.255013 0.297028 0.255142 0.295629 0.260466 0.295105 0.260194 0.291084 0.257876 0.286713 0.255285 0.283392 0.255142 0.279895 0.250868 0.275350 0.251399 0.273427 0.247370 0.267308
0 0.275868 0.344231 0.276127 0.346154 0.277034 0.346329 0.282863 0.360664 0.283510 0.364860 0.286632 0.365909 0.287137 0.362238 0.290117 0.361888 0.290117 0.358566 0.291166 0.358042 0.291166 0.355245 0.292461 0.354545 0.292461 0.350000 0.295052 0.347378 0.295168 0.343007 0.296464 0.342308 0.296593 0.339510 0.294793 0.337587 0.284158 0.337238 0.284041 0.339510 0.282487 0.339510 0.281839 0.336888 0.281049 0.339161 0.275091 0.339336 0.274443 0.343706
0 0.296736 0.357692 0.297642 0.377797 0.300881 0.377622 0.305531 0.370804 0.307474 0.370979 0.307863 0.369580 0.310984 0.368357 0.310984 0.366259 0.307863 0.361538 0.306308 0.362238 0.305803 0.358741 0.304624 0.358566 0.301127 0.354720 0.299054 0.354720
0 0.265764 0.365559 0.258135 0.375699 0.256192 0.375699 0.252953 0.379720 0.257345 0.386364 0.257992 0.386014 0.261490 0.390909 0.263174 0.390559 0.265000 0.392657 0.266023 0.392832 0.268886 0.396853 0.270557 0.397203 0.272772 0.395105 0.272772 0.379371 0.273925 0.378671 0.274573 0.368007 0.273925 0.367657 0.273536 0.365559
0 0.145687 0.404196 0.146477 0.404895 0.147383 0.405070 0.147124 0.407692 0.148148 0.408566 0.148277 0.410839 0.149443 0.412587 0.149832 0.415909 0.151269 0.416259 0.151386 0.425000 0.142966 0.425350 0.141671 0.422378 0.140259 0.425524 0.139728 0.423427 0.137409 0.423427 0.135972 0.420455 0.137409 0.420455 0.137021 0.416434 0.138174 0.416434 0.138433 0.413636 0.139611 0.413462 0.140117 0.409266 0.142966 0.405769
0 0.166930 0.444406 0.166930 0.446329 0.168109 0.447203 0.168225 0.452098 0.169145 0.452622 0.169404 0.457517 0.172383 0.462587 0.173290 0.465559 0.174974 0.468182 0.176528 0.468706 0.176917 0.465385 0.179365 0.462762 0.179624 0.460490 0.183251 0.455944 0.183653 0.452972 0.184547 0.452273 0.184948 0.449476 0.184948 0.449476 0.186244 0.449126 0.185984 0.444231
0 0.125220 0.446853 0.126775 0.447552 0.127047 0.451748 0.128070 0.452448 0.128199 0.454720 0.126127 0.456643 0.128847 0.459441 0.124715 0.459965 0.124313 0.458392 0.120427 0.457867 0.120427 0.456469 0.118355 0.456119 0.116295 0.454021 0.122889 0.444580 0.125220 0.444231
0 0.116775 0.232378 0.120661 0.238846 0.120920 0.241643 0.125324 0.248462 0.126231 0.248462 0.126619 0.245315 0.128692 0.242343 0.129469 0.239545 0.130246 0.239371 0.130376 0.235175 0.131671 0.233427 0.131930 0.230979 0.117163 0.230979
0 0.099806 0.254231 0.099288 0.261399 0.101101 0.262972 0.100065 0.264021 0.099676 0.277832 0.097992 0.278182 0.097215 0.276783 0.095920 0.276783 0.092811 0.272762 0.091386 0.272238 0.090738 0.271364 0.088666 0.271364 0.088277 0.269615 0.085557 0.269441 0.084521 0.266643 0.084391 0.264720 0.096826 0.253706
0 0.105246 0.287098 0.105505 0.300385 0.106282 0.302133 0.106282 0.306329 0.107448 0.307727 0.107966 0.312273 0.109521 0.314720 0.111723 0.315070 0.124417 0.297762 0.124417 0.294790 0.123122 0.292867 0.118199 0.292692 0.117681 0.290944 0.114054 0.290769 0.113536 0.288497 0.109003 0.288671 0.108355 0.286748
0 0.026101 0.426958 0.026101 0.433601 0.027396 0.434650 0.027267 0.441818 0.027915 0.442168 0.028044 0.447063 0.029469 0.448462 0.029858 0.454056 0.030635 0.454056 0.031023 0.458252 0.034262 0.457552 0.034909 0.455105 0.036334 0.454580 0.040997 0.449685 0.041386 0.445490 0.043459 0.445664 0.044106 0.442692 0.046438 0.442343 0.046438 0.439021 0.047863 0.438671 0.047733 0.436573 0.046049 0.433077 0.044624 0.434126 0.043329 0.431678 0.040609 0.432028 0.040091 0.429930 0.036593 0.430455 0.036464 0.428881 0.034003 0.429406 0.033614 0.426608
0 0.084650 0.470664 0.068329 0.483077 0.069624 0.483776 0.070013 0.487448 0.071567 0.488147 0.072863 0.489545 0.075065 0.490070 0.079210 0.495664 0.081412 0.495664 0.084780 0.500559 0.085427 0.499161 0.086982 0.498636 0.087111 0.480979 0.088018 0.480804 0.088018 0.476958 0.086075 0.473986 0.088277 0.472762
0 0.124663 0.607937 0.137098 0.623671 0.137746 0.624021 0.139171 0.626119 0.139819 0.622972 0.141244 0.622273 0.141244 0.617727 0.141762 0.617378 0.142150 0.613182 0.143705 0.611608 0.143575 0.604965 0.145000 0.604790 0.144741 0.594476 0.143575 0.595874 0.139689 0.595699 0.139560 0.597273 0.133472 0.597797 0.133083 0.599371 0.128679 0.599545 0.126606 0.602343 0.123368 0.603566 0.124534 0.604615
0 0.026088 0.675594 0.025959 0.682762 0.024922 0.683811 0.026347 0.685559 0.024663 0.687483 0.024534 0.704266 0.027642 0.704790 0.027772 0.702692 0.031399 0.702517 0.031788 0.701818 0.035026 0.700594 0.034767 0.699196 0.037487 0.699371 0.038523 0.699371 0.041373 0.695350 0.041891 0.695874 0.045777 0.691329 0.042798 0.690629 0.041891 0.688706 0.041891 0.686084 0.038653 0.686434 0.032306 0.676469 0.030492 0.676643 0.029845 0.674371
0 0.030881 0.788706 0.034767 0.793601 0.035415 0.795175 0.037358 0.795524 0.037358 0.793252 0.038264 0.792028 0.038394 0.789231 0.039948 0.787657 0.040078 0.784510 0.040725 0.782937 0.041503 0.780140 0.042668 0.779790 0.042668 0.776993 0.043705 0.776469 0.043964 0.769825 0.029456 0.769301 0.028679 0.770175 0.027124 0.770350 0.025311 0.773497 0.025311 0.774720 0.025829 0.775944 0.026218 0.778217 0.027124 0.779091 0.027254 0.782413 0.030751 0.786259
0 0.054067 0.768951 0.054456 0.771748 0.053420 0.774021 0.054067 0.774545 0.054456 0.779790 0.053161 0.781014 0.054197 0.781538 0.054456 0.789755 0.055363 0.790804 0.055751 0.793601 0.059119 0.793077 0.061969 0.789056 0.064560 0.788706 0.064689 0.785734 0.067150 0.784860 0.071425 0.778392 0.070389 0.778217 0.069741 0.774371 0.066839 0.774650 0.064637 0.770979 0.060544 0.771049 0.059378 0.770000 0.057694 0.769650 0.057047 0.767902 0.054197 0.767552
0 0.045777 0.806014 0.051347 0.806014 0.052383 0.807587 0.053161 0.806888 0.054197 0.805490 0.056917 0.807937 0.056269 0.809161 0.055881 0.812483 0.054715 0.812483 0.054326 0.816329 0.053420 0.816329 0.053420 0.820699 0.049663 0.827168 0.049534 0.829441 0.046295 0.830140 0.044093 0.828566 0.044093 0.826469 0.041632 0.822797 0.041762 0.820874 0.039430 0.818252 0.038912 0.813357 0.036710 0.810385 0.036710 0.808287 0.045518 0.807587
0 0.119741 0.785507 0.116334 0.790629 0.113990 0.790262 0.110712 0.793969 0.109676 0.793794 0.104961 0.800157 0.107578 0.804930 0.108886 0.804580 0.121308 0.814615 0.122746 0.814790 0.122358 0.784633
0 0.115557 0.833671 0.133731 0.833497 0.136075 0.836329 0.135946 0.839860 0.133860 0.842343 0.133860 0.844615 0.132681 0.845332 0.132552 0.848689 0.130855 0.848846 0.130984 0.852028 0.129806 0.852378 0.130065 0.856101 0.128756 0.856276 0.128109 0.859441 0.124702 0.860839 0.122617 0.856783 0.120777 0.856626 0.120389 0.850280 0.116075 0.844441 0.115427 0.841608
0 0.115026 0.858217 0.115026 0.860157 0.117642 0.863322 0.117642 0.865437 0.118692 0.867220 0.119080 0.869685 0.120518 0.871626 0.121438 0.875157 0.114896 0.876031 0.114119 0.873899 0.109534 0.874458 0.108756 0.876381 0.104443 0.876381 0.103782 0.874633 0.099870 0.873899 0.099728 0.871783 0.100518 0.871259 0.100648 0.868252 0.101956 0.867902 0.101826 0.863514 0.105350 0.858566 0.106269 0.855017 0.109016 0.850437 0.111762 0.852552 0.112021 0.857850
0 0.074767 0.955245 0.075285 0.960909 0.066127 0.975542 0.065997 0.978392 0.064171 0.980332 0.062733 0.980332 0.061554 0.977850 0.060777 0.976066 0.059728 0.973077 0.056982 0.970437 0.056321 0.965664 0.055544 0.964248 0.055674 0.959860 0.054754 0.959301 0.054754 0.953304 0.067176 0.952972 0.067707 0.954196
0 0.013251 0.932745 0.013122 0.935892 0.010531 0.937640 0.010790 0.959843 0.015194 0.959668 0.015583 0.958094 0.025816 0.951801 0.026982 0.949353 0.029832 0.948829 0.029832 0.946031 0.024780 0.938864 0.022966 0.939738 0.021801 0.937290 0.020246 0.937640 0.016360 0.931171
0 0.260427 0.940682 0.266904 0.940157 0.266386 0.948549 0.265220 0.948899 0.265609 0.953619 0.264961 0.953969 0.264313 0.958164 0.262370 0.960962 0.261723 0.964633 0.259780 0.964633 0.259003 0.961836 0.256930 0.961486 0.256282 0.958514 0.253821 0.957815 0.253821 0.954493 0.250453 0.949948 0.250453 0.948024 0.248769 0.946626 0.250065 0.944178 0.254598 0.944528 0.254987 0.942955 0.260816 0.942780
0 0.347992 0.876346 0.348251 0.889633 0.348899 0.890157 0.349288 0.899598 0.344883 0.900297 0.342552 0.896626 0.339313 0.896101 0.338925 0.894528 0.336205 0.894703 0.334003 0.891556 0.331801 0.890857 0.330376 0.887710 0.332319 0.886486 0.336982 0.879493 0.338407 0.879668 0.342422 0.874248 0.343329 0.874248 0.344236 0.872850 0.346567 0.872150 0.346179 0.874773
0 0.367034 0.888059 0.360168 0.896976 0.360039 0.898899 0.355764 0.905017 0.357578 0.905367 0.358096 0.906591 0.362241 0.906941 0.362500 0.908864 0.365479 0.908164 0.366386 0.910262 0.371956 0.910437 0.373122 0.912710 0.376101 0.912360 0.375972 0.908689 0.375065 0.906941 0.375453 0.900822 0.374676 0.900297 0.373899 0.894703 0.372733 0.894878 0.373122 0.890332 0.372085 0.890332 0.370920 0.885612 0.370142 0.885962 0.369624 0.887185
0 0.384391 0.887710 0.384650 0.892955 0.385298 0.893304 0.385946 0.900472 0.386723 0.901346 0.387241 0.907640 0.389313 0.910437 0.391516 0.910612 0.403951 0.894703 0.404210 0.890157 0.400453 0.889983 0.399935 0.887885 0.396308 0.887185 0.395790 0.885787 0.393459 0.885787 0.392163 0.884738 0.385039 0.884388
0 0.400194 0.908514 0.383614 0.920927 0.382060 0.921801 0.382060 0.924073 0.383614 0.924248 0.387759 0.929493 0.388795 0.929318 0.395142 0.935087 0.396049 0.935262 0.398122 0.938409 0.402396 0.938584 0.402526 0.920752 0.404339 0.920227 0.404210 0.916906 0.402785 0.916206 0.402915 0.910087
0 0.375712 0.791731 0.375712 0.796101 0.376749 0.796451 0.376878 0.806941 0.377915 0.807640 0.378303 0.814458 0.382448 0.814283 0.387630 0.807815 0.388666 0.807990 0.396049 0.797325 0.389961 0.797500 0.389832 0.795577 0.384780 0.795752 0.384521 0.793479 0.381023 0.793304 0.380376 0.791381
0 0.419883 0.889983 0.419495 0.891206 0.418588 0.891381 0.418588 0.894703 0.423640 0.911136 0.424288 0.912010 0.424547 0.916031 0.426360 0.919353 0.427785 0.919528 0.432319 0.913759 0.432448 0.911836 0.435168 0.908514 0.435039 0.905192 0.439054 0.901521 0.439054 0.899073 0.440350 0.898374 0.440350 0.893479 0.432837 0.893654 0.432319 0.891556 0.421956 0.891556 0.421956 0.889808
0 0.396697 0.870052 0.398899 0.870052 0.398899 0.872500 0.400842 0.872500 0.401231 0.873724 0.404339 0.873199 0.405117 0.874948 0.407966 0.875297 0.408873 0.876871 0.412111 0.877395 0.413148 0.878619 0.419624 0.879143 0.419624 0.868479 0.418070 0.866906 0.419365 0.864458 0.418070 0.863759 0.418070 0.857465 0.416904 0.856941 0.416904 0.851871 0.416386 0.851871 0.415738 0.848549 0.413795 0.846976 0.412889 0.848724 0.410687 0.849773 0.410946 0.853094 0.409003 0.853444 0.403433 0.860787 0.402267 0.859563 0.399288 0.863234 0.399158 0.866031 0.396826 0.866556
0 0.287837 0.775664 0.284339 0.776189 0.283562 0.800315 0.286412 0.800490 0.288225 0.797343 0.290168 0.797168 0.292500 0.793846 0.294573 0.794021 0.295350 0.792972 0.297163 0.791923 0.300790 0.788252 0.298329 0.783007 0.295997 0.783357 0.295220 0.782133 0.293277 0.782308 0.292241 0.780035 0.290557 0.779860
0 0.164391 0.827080 0.158692 0.826731 0.157267 0.829003 0.161671 0.835647 0.161930 0.838269 0.168018 0.845962 0.168018 0.844563 0.170220 0.841941 0.170350 0.837920 0.171386 0.837395 0.171904 0.829178 0.173718 0.827605 0.173459 0.825507 0.165557 0.825332
0 0.217578 0.636381 0.217578 0.642850 0.224573 0.639878 0.227293 0.639878 0.228070 0.638304 0.229365 0.638304 0.233510 0.634108 0.232604 0.633059 0.226386 0.624668 0.224573 0.623794 0.222500 0.620472 0.220298 0.620997 0.220039 0.622220 0.219132 0.622570 0.219003 0.635682
0 0.239728 0.589878 0.247759 0.601066 0.249184 0.600717 0.251904 0.604563 0.252163 0.603339 0.253329 0.602290 0.253588 0.600367 0.254624 0.599843 0.255142 0.589003 0.255920 0.589003 0.256179 0.580437 0.252163 0.580087 0.251386 0.581486 0.248666 0.582010 0.247630 0.583584 0.245557 0.583584 0.244780 0.585157 0.241801 0.585507
0 0.292966 0.552290 0.294780 0.555437 0.295427 0.558934 0.297500 0.558934 0.297630 0.561906 0.299313 0.562080 0.299184 0.565402 0.305920 0.575017 0.307215 0.575192 0.307992 0.573619 0.309288 0.573094 0.309288 0.570822 0.310453 0.570122 0.310324 0.566801 0.311878 0.565752 0.311619 0.559808 0.312915 0.559458 0.313303 0.556311 0.313692 0.555787 0.314080 0.551416 0.315246 0.551066 0.315764 0.547570 0.304624 0.547570 0.304624 0.548619 0.297370 0.548969 0.296852 0.550192 0.293484 0.549493
0 0.401619 0.225944 0.401360 0.236259 0.402137 0.236434 0.402785 0.251469 0.400324 0.251993 0.400065 0.250594 0.396697 0.249895 0.396567 0.248671 0.393847 0.248497 0.393718 0.247273 0.389832 0.246923 0.389832 0.245874 0.387111 0.244825 0.386464 0.243601 0.384132 0.242203 0.383355 0.240979 0.380894 0.240979 0.381023 0.238881 0.392034 0.224021 0.392811 0.224021 0.396697 0.218951 0.399547 0.218427 0.399806 0.225245
0 0.404339 0.207762 0.404469 0.215979 0.405376 0.216329 0.405894 0.228916 0.406930 0.229091 0.406671 0.240105 0.408355 0.242902 0.410557 0.242902 0.413148 0.238706 0.414313 0.239056 0.417422 0.235210 0.419624 0.234510 0.427655 0.224895 0.426101 0.223671 0.426101 0.221224 0.423640 0.220699 0.422992 0.218601 0.419883 0.218427 0.419754 0.217552 0.416516 0.217028 0.415997 0.215804 0.413925 0.215629 0.413277 0.214231 0.411464 0.213706 0.410946 0.213007 0.407448 0.211783
0 0.394106 0.110734 0.415479 0.115105 0.415609 0.107587 0.414702 0.106713 0.414313 0.101993 0.413795 0.101818 0.413018 0.099720 0.412241 0.098846 0.411982 0.096224 0.411075 0.095350 0.410557 0.090629 0.409780 0.089231 0.408873 0.085210 0.407319 0.086084 0.400324 0.094301 0.400453 0.096573 0.398251 0.099021 0.397863 0.101818 0.395531 0.105140 0.395402 0.107587 0.393977 0.108636
0 0.437630 0.052517 0.434262 0.057063 0.434780 0.057587 0.435298 0.060210 0.437241 0.060734 0.436982 0.083636 0.439054 0.084161 0.439573 0.082762 0.441256 0.082413 0.444106 0.078392 0.445402 0.078566 0.449028 0.074720 0.449547 0.075245 0.452267 0.071049 0.453303 0.071573 0.455764 0.069126 0.455635 0.065280 0.454987 0.063881 0.450712 0.063706 0.449288 0.059685 0.447474 0.059685 0.446956 0.058287 0.444495 0.058112 0.444236 0.056364 0.442552 0.056189 0.441645 0.054790 0.439313 0.054441
0 0.469236 0.061591 0.471438 0.057920 0.473510 0.058094 0.474028 0.056346 0.478174 0.055997 0.478044 0.066661 0.478562 0.066661 0.479339 0.086941 0.476101 0.087115 0.475583 0.085717 0.471567 0.085542 0.471179 0.084318 0.468977 0.084143 0.468847 0.082045 0.466904 0.083269 0.466256 0.081171 0.464184 0.080822 0.463536 0.078899 0.461464 0.078899 0.461075 0.077150 0.459780 0.077500 0.459391 0.076451 0.457319 0.074878 0.458484 0.072255 0.458614 0.070857 0.460946 0.070507 0.464184 0.065437 0.465350 0.065262 0.468329 0.061591
0 0.575194 0.096661 0.575194 0.102955 0.574417 0.103129 0.574028 0.113269 0.572604 0.113619 0.572604 0.120612 0.571438 0.120612 0.571308 0.126031 0.576619 0.125857 0.577526 0.124108 0.581801 0.123759 0.582189 0.122535 0.585168 0.121836 0.585298 0.120437 0.587370 0.120437 0.587500 0.118689 0.591775 0.118339 0.593459 0.116241 0.592034 0.116416 0.591904 0.113619 0.587630 0.107500 0.586593 0.107850 0.580246 0.098934 0.579080 0.098759 0.578174 0.096136
0 0.614883 0.130524 0.621749 0.136294 0.623044 0.139266 0.624987 0.139266 0.627966 0.143986 0.630816 0.143811 0.630946 0.138566 0.631852 0.138392 0.632241 0.122308 0.627966 0.121958 0.627448 0.123531 0.624210 0.123881 0.623433 0.124930 0.618899 0.125979
0 0.632370 0.152028 0.632500 0.157448 0.631075 0.157273 0.631075 0.174231 0.629521 0.174406 0.629391 0.184720 0.630946 0.186294 0.640402 0.186469 0.645842 0.179476 0.647785 0.180000 0.647785 0.178252 0.649469 0.177902 0.650635 0.176503 0.652189 0.176329 0.654391 0.174231 0.648951 0.166189 0.647655 0.166364 0.641956 0.159371 0.640790 0.159371 0.637163 0.154126 0.634054 0.154126
0 0.640920 0.127552 0.645194 0.132797 0.645194 0.135594 0.648044 0.135420 0.649469 0.137867 0.651541 0.138392 0.651541 0.133147 0.652319 0.132972 0.652448 0.125629 0.653873 0.124580 0.654003 0.117063 0.655039 0.116888 0.655816 0.114266 0.655298 0.113741 0.654132 0.112517 0.652837 0.113741 0.648562 0.113566 0.648303 0.114441 0.644547 0.114965 0.644028 0.116014 0.640920 0.116538 0.640013 0.118112 0.637811 0.118986 0.635868 0.121783 0.635997 0.123531 0.638718 0.123531 0.638847 0.127028
0 0.658018 0.138392 0.657889 0.160420 0.658795 0.160594 0.659313 0.163741 0.660091 0.162867 0.661516 0.162343 0.663070 0.161294 0.665531 0.160769 0.666826 0.157972 0.667474 0.159021 0.670842 0.153776 0.672785 0.154301 0.673433 0.152203 0.675246 0.152203 0.679780 0.146084 0.676153 0.140140 0.674469 0.140315 0.673951 0.139091 0.670583 0.138042 0.668122 0.134720 0.665531 0.134895 0.664365 0.133497 0.662422 0.132972 0.661645 0.131399 0.658925 0.130699 0.656852 0.132622 0.656852 0.137343
0 0.600376 0.253951 0.611386 0.254126 0.611127 0.259021 0.608795 0.261993 0.608536 0.264790 0.607241 0.265490 0.607500 0.268462 0.605687 0.270559 0.604650 0.268287 0.602707 0.266888 0.602578 0.264615 0.601671 0.264441 0.601023 0.260944 0.599858 0.260769 0.599339 0.257448 0.598303 0.256224
0 0.596619 0.323007 0.593510 0.327028 0.593769 0.328776 0.591826 0.330699 0.592345 0.333147 0.590142 0.335944 0.590142 0.337692 0.588977 0.338916 0.588329 0.341713 0.585738 0.343811 0.585350 0.348706 0.590272 0.348881 0.591438 0.350629 0.595972 0.351154 0.597267 0.349231 0.599210 0.350629 0.604521 0.351154 0.604521 0.349755 0.607759 0.348531 0.607500 0.346434 0.599728 0.328776 0.599728 0.325979
0 0.505298 0.390140 0.514754 0.418811 0.520324 0.411469 0.520194 0.409720 0.527060 0.400979 0.526671 0.399231 0.529909 0.395559 0.529780 0.393986 0.527448 0.393986 0.527060 0.391888 0.521101 0.392413 0.520453 0.390140
0 0.403614 0.442762 0.403355 0.450629 0.404391 0.450629 0.404521 0.461294 0.406075 0.462168 0.406075 0.473881 0.403484 0.473881 0.402837 0.471783 0.399210 0.471783 0.398821 0.470559 0.394806 0.470035 0.394417 0.468811 0.392474 0.468811 0.391956 0.466888 0.389624 0.466189 0.389624 0.464965 0.385997 0.464441 0.385868 0.463566 0.384443 0.462343 0.384443 0.460594 0.389883 0.453252 0.391438 0.453077 0.396619 0.445559 0.398044 0.445909 0.400376 0.442413
0 0.342992 0.459371 0.341179 0.462168 0.340920 0.465839 0.339236 0.466888 0.340013 0.469161 0.338718 0.469685 0.338718 0.471783 0.337681 0.473357 0.337034 0.476154 0.335738 0.477727 0.336256 0.480175 0.334832 0.481049 0.334702 0.483671 0.333277 0.484545 0.333018 0.488566 0.353484 0.489091 0.354132 0.487692 0.355298 0.487168 0.355557 0.483497 0.354909 0.482098 0.354521 0.479650 0.350376 0.473706 0.349598 0.470385 0.348562 0.470385 0.348174 0.467762
0 0.569352 0.461626 0.568575 0.468094 0.567539 0.469493 0.567539 0.473514 0.566503 0.473689 0.566503 0.479983 0.565207 0.481206 0.564948 0.487675 0.569093 0.487675 0.570130 0.485577 0.575440 0.486101 0.575440 0.484178 0.581399 0.483654 0.581399 0.481731 0.579845 0.481206 0.580104 0.478934 0.577383 0.474913 0.577513 0.473339
0 0.582047 0.476311 0.586192 0.482605 0.587098 0.481906 0.593575 0.490472 0.594870 0.490297 0.599145 0.496066 0.599534 0.493619 0.600829 0.492570 0.600829 0.486626 0.601865 0.485577 0.602124 0.478759 0.603161 0.478584 0.603420 0.464598 0.602124 0.466696 0.598497 0.466346 0.597591 0.468094 0.594093 0.468094 0.593316 0.470367 0.589819 0.470192 0.589171 0.471941 0.587487 0.471941 0.586839 0.473514 0.583731 0.473514
0 0.630881 0.447815 0.630881 0.455857 0.632047 0.456206 0.632047 0.462675 0.633212 0.463899 0.633212 0.469668 0.634767 0.470017 0.635285 0.473339 0.638394 0.468444 0.639689 0.468969 0.645259 0.461626 0.647073 0.461626 0.647202 0.459178 0.650311 0.454633 0.648109 0.454283 0.647591 0.453234 0.645130 0.453059 0.643446 0.451311 0.640725 0.451836 0.640207 0.449913 0.636839 0.449563 0.635803 0.447640
0 0.651477 0.412325 0.651736 0.422990 0.652902 0.422990 0.652772 0.433479 0.654067 0.433829 0.654974 0.431731 0.656917 0.431556 0.663394 0.422815 0.665078 0.423339 0.665855 0.421591 0.664041 0.418619 0.662617 0.418619 0.661839 0.415822 0.660155 0.416346 0.658342 0.413374 0.655622 0.413199 0.655363 0.411976
0 0.664689 0.495367 0.664689 0.503059 0.671295 0.513899 0.672720 0.513899 0.674534 0.510927 0.674404 0.509353 0.675440 0.507605 0.675699 0.506206 0.677902 0.503409 0.678808 0.499213 0.680104 0.499038 0.679974 0.493094 0.666503 0.493269
0 0.557889 0.833794 0.555298 0.833969 0.553873 0.835367 0.553873 0.837815 0.552319 0.838339 0.552319 0.843934 0.550764 0.844808 0.550635 0.849178 0.549858 0.850052 0.549598 0.853024 0.552578 0.852675 0.552707 0.851626 0.560350 0.851101 0.560350 0.850402 0.564754 0.849703 0.564624 0.844983 0.558666 0.837815
0 0.268484 0.693671 0.268744 0.708182 0.270816 0.707832 0.271593 0.706259 0.275738 0.706259 0.275868 0.705210 0.278199 0.705035 0.278329 0.703462 0.283899 0.703112 0.289987 0.695070 0.284676 0.687028 0.284158 0.687203 0.280272 0.682832 0.278847 0.683881 0.275738 0.678287 0.273925 0.678462 0.272759 0.676364 0.271075 0.677063 0.270946 0.678287 0.269780 0.678636 0.269780 0.693147
0 0.322500 0.662902 0.322500 0.672867 0.321464 0.673217 0.321464 0.681783 0.320039 0.681783 0.319780 0.690524 0.322889 0.690175 0.323277 0.688951 0.327034 0.689126 0.327163 0.687727 0.331567 0.687378 0.331956 0.685804 0.334547 0.684930 0.335065 0.683531 0.337785 0.682832 0.339598 0.680909 0.330790 0.670245 0.329495 0.663077 0.326645 0.660629
0 0.351256 0.658182 0.350997 0.675839 0.352293 0.676364 0.352552 0.687378 0.354754 0.687203 0.356826 0.683706 0.359547 0.683531 0.359676 0.682133 0.362008 0.681783 0.365505 0.676364 0.366412 0.676538 0.371593 0.670769 0.371334 0.668497 0.370298 0.668322 0.369132 0.666399 0.367189 0.666049 0.366541 0.664301 0.364987 0.664301 0.363433 0.661678 0.362137 0.662203 0.361360 0.661329 0.360065 0.660804 0.358510 0.658881 0.356049 0.658706 0.354754 0.656608
0 0.399702 0.707483 0.400479 0.711329 0.402552 0.711154 0.403199 0.714476 0.403977 0.714476 0.403977 0.716748 0.409288 0.724091 0.409417 0.726538 0.413692 0.731958 0.414858 0.732832 0.414987 0.731084 0.416671 0.730210 0.416671 0.727587 0.417837 0.726364 0.417966 0.723217 0.419262 0.721643 0.418873 0.718322 0.420557 0.716224 0.420687 0.713427 0.421852 0.712028 0.421852 0.707133 0.423148 0.706608 0.423277 0.703462 0.412396 0.703112 0.412137 0.704860 0.406956 0.704685 0.405790 0.706084 0.400220 0.706084
0 0.450946 0.774773 0.462863 0.793846 0.465712 0.793846 0.465972 0.791224 0.467137 0.790350 0.467267 0.785787 0.469210 0.784231 0.468692 0.780892 0.469598 0.779668 0.469858 0.774965 0.471153 0.774615 0.471412 0.768654 0.472837 0.768654 0.472578 0.766224 0.471671 0.765682 0.470505 0.763601 0.470117 0.765682 0.463381 0.765682 0.462863 0.766906 0.457034 0.767430 0.455997 0.768846 0.451593 0.768654 0.449262 0.770752 0.449132 0.773374
0 0.315220 0.627150 0.326878 0.626276 0.328562 0.624353 0.328951 0.621731 0.323769 0.615262 0.323769 0.612640 0.318847 0.606696 0.316516 0.607045 0.316516 0.609143 0.314702 0.609843 0.314573 0.615262 0.314054 0.615437 0.313795 0.618759 0.312630 0.618934 0.311852 0.625227 0.311075 0.625577 0.311075 0.627850 0.312759 0.629248 0.314184 0.628549
0 0.423381 0.608969 0.423640 0.616836 0.424676 0.617010 0.425065 0.624878 0.426878 0.628549 0.428303 0.628374 0.431412 0.621731 0.432448 0.622255 0.440091 0.613514 0.439702 0.611066 0.438148 0.610542 0.437370 0.608444 0.434262 0.608619 0.433614 0.606696 0.432319 0.607045 0.430894 0.604948 0.428044 0.605472 0.427137 0.603899 0.423899 0.603724 0.422085 0.604948 0.421826 0.607745
0 0.493640 0.552500 0.493899 0.555822 0.492733 0.556346 0.492215 0.558794 0.491438 0.559493 0.491179 0.562640 0.490531 0.564563 0.489883 0.568934 0.488718 0.569808 0.488459 0.573304 0.487422 0.574003 0.487034 0.578024 0.485997 0.579423 0.485609 0.582920 0.495453 0.581871 0.495842 0.580647 0.503873 0.579773 0.504391 0.578374 0.508148 0.578549 0.510091 0.575752 0.508148 0.575052 0.508148 0.572605 0.506334 0.572430 0.506723 0.568759 0.504003 0.567010 0.503744 0.564038 0.497785 0.555472 0.497137 0.552675
0 0.576412 0.571031 0.580039 0.565437 0.582759 0.564913 0.583407 0.563339 0.584702 0.562990 0.587293 0.558969 0.588070 0.560367 0.589495 0.558269 0.590790 0.558094 0.591826 0.556696 0.594158 0.555297 0.595712 0.554423 0.595324 0.561591 0.596878 0.561591 0.597137 0.585017 0.593640 0.585542 0.592863 0.584318 0.591438 0.584143 0.590790 0.582920 0.589365 0.582570 0.588329 0.580822 0.586386 0.580822 0.584313 0.578374 0.584313 0.576101 0.580427 0.576451 0.579650 0.575577 0.579003 0.574528 0.578873 0.573129 0.576541 0.573654
0 0.621749 0.555822 0.621878 0.564738 0.622915 0.564738 0.623044 0.573304 0.624469 0.573304 0.624469 0.583269 0.625894 0.585542 0.627448 0.585717 0.632500 0.579073 0.633795 0.578549 0.644028 0.565262 0.642345 0.565437 0.641438 0.563339 0.638459 0.563339 0.637811 0.561591 0.635220 0.561416 0.634702 0.559668 0.631075 0.559493 0.630687 0.558094 0.625894 0.558094 0.624987 0.555647
0 0.507889 0.643234 0.509184 0.641311 0.510609 0.640262 0.511904 0.638339 0.513977 0.637990 0.514495 0.636941 0.517733 0.635542 0.518381 0.650927 0.516308 0.650227 0.515790 0.648479 0.513977 0.648304 0.513070 0.646906 0.511645 0.646731 0.510091 0.644808 0.508666 0.644808
0 0.557889 0.602325 0.558277 0.622080 0.559313 0.621206 0.562163 0.620857 0.564624 0.616836 0.567345 0.617185 0.570194 0.614388 0.571619 0.613689 0.573562 0.611066 0.573562 0.608969 0.572008 0.608969 0.569547 0.605122 0.568510 0.605122 0.565661 0.601451 0.564495 0.602325 0.561386 0.597430 0.558536 0.597430 0.558795 0.598654 0.560609 0.600577
0 0.579003 0.640262 0.579391 0.646556 0.577966 0.647255 0.577837 0.649178 0.576801 0.651276 0.576671 0.653374 0.582241 0.653724 0.582630 0.652675 0.587422 0.652150 0.587552 0.650402 0.586775 0.649353 0.586645 0.645682 0.580557 0.637990
0 0.520453 0.689038 0.533148 0.688514 0.533925 0.691311 0.543899 0.691136 0.543899 0.696906 0.540920 0.700577 0.540402 0.703549 0.539236 0.704598 0.538847 0.707045 0.536516 0.710717 0.536645 0.712815 0.532759 0.717010 0.531982 0.719283 0.530427 0.719633 0.528744 0.717535 0.528614 0.715087 0.527966 0.715087 0.527578 0.710892 0.524987 0.708094 0.524858 0.705297 0.522526 0.701976 0.522137 0.697955 0.520972 0.697780 0.520712 0.693934 0.519417 0.692010
0 0.512811 0.711066 0.515142 0.726276 0.516826 0.726801 0.516438 0.739388 0.511904 0.739388 0.511127 0.738164 0.508666 0.737990 0.507370 0.735717 0.502837 0.735717 0.502189 0.734493 0.498951 0.734318 0.498044 0.732395 0.494935 0.732395 0.494547 0.731346 0.493251 0.730297 0.495842 0.727500 0.495842 0.724003 0.498951 0.723304 0.506464 0.711591 0.508407 0.711416 0.508925 0.709843 0.512163 0.709143
0 0.522396 0.808269 0.518122 0.821381 0.517085 0.821731 0.517215 0.825752 0.516049 0.826626 0.515531 0.830997 0.514495 0.831871 0.514365 0.834668 0.522526 0.834843 0.522915 0.834143 0.529132 0.833619 0.529780 0.832220 0.535220 0.831871 0.535350 0.830472 0.534313 0.829073 0.534184 0.826276 0.531205 0.822780 0.531205 0.820507 0.526023 0.814388 0.525764 0.811941
0 0.547785 0.778899 0.545842 0.799528 0.542863 0.796031 0.541308 0.795682 0.536127 0.788864 0.533925 0.788339 0.533536 0.785367 0.531593 0.784318 0.529650 0.782220 0.529132 0.779948 0.527448 0.778724 0.531205 0.775052 0.533925 0.774528 0.534832 0.772955 0.537163 0.772955 0.538329 0.771031 0.540402 0.771031 0.541697 0.769458 0.546101 0.768759 0.547396 0.767010 0.548692 0.767360 0.549210 0.777500
0 0.624469 0.782220 0.624469 0.812290 0.626930 0.813339 0.627966 0.811941 0.631464 0.811066 0.632889 0.808444 0.634961 0.808094 0.637422 0.804773 0.639365 0.804423 0.640272 0.802500 0.641697 0.802500 0.646101 0.795682 0.644288 0.795682 0.643769 0.794633 0.641697 0.793584 0.639495 0.791311 0.637811 0.790962 0.637163 0.788514 0.635479 0.787990 0.634443 0.786941 0.633148 0.786941 0.632241 0.784843 0.629909 0.784843 0.629391 0.783269 0.628225 0.783269 0.626412 0.780822
0 0.659443 0.813689 0.665142 0.815087 0.666308 0.817885 0.672655 0.817185 0.673433 0.819108 0.678096 0.819458 0.678744 0.821556 0.681334 0.821206 0.684054 0.819108 0.683407 0.818759 0.682630 0.814738 0.682111 0.814563 0.681723 0.809843 0.680298 0.806521 0.680168 0.803724 0.679003 0.801976 0.679003 0.797780 0.677060 0.796381 0.677060 0.793759 0.676023 0.793759 0.675505 0.790087 0.672526 0.790437 0.671231 0.791311 0.671749 0.794633 0.669547 0.797780 0.667863 0.796906 0.666697 0.799878 0.663459 0.804423 0.663588 0.807045 0.660868 0.807220 0.660350 0.810367 0.659573 0.811241
0 0.609573 0.880997 0.610997 0.883969 0.610997 0.886066 0.612034 0.886591 0.612681 0.889213 0.613847 0.890087 0.613847 0.895157 0.614495 0.895682 0.614883 0.897430 0.615661 0.897780 0.616697 0.903899 0.617604 0.904598 0.617474 0.909143 0.608795 0.909318 0.606852 0.907395 0.596490 0.907745 0.595842 0.903899 0.600376 0.896906 0.600505 0.895507 0.606075 0.887465 0.606075 0.884668
0 0.689715 0.809493 0.689715 0.812640 0.688290 0.812815 0.688290 0.814738 0.686865 0.816136 0.686865 0.819808 0.685699 0.819808 0.685052 0.824353 0.684275 0.825052 0.684145 0.828199 0.681684 0.830472 0.681295 0.833969 0.680648 0.835892 0.704482 0.835367 0.702539 0.830997 0.701891 0.828899 0.699948 0.825577 0.699560 0.822780 0.695285 0.816836 0.695285 0.815787 0.694508 0.814913 0.693990 0.811241 0.692047 0.811066 0.691917 0.809493
0 0.694119 0.854073 0.695674 0.855122 0.695544 0.862815 0.696321 0.862815 0.696839 0.873654 0.697617 0.873654 0.698135 0.882745 0.699560 0.883269 0.700466 0.882045 0.704093 0.881171 0.709793 0.874003 0.711736 0.874003 0.721710 0.860717 0.719378 0.860192 0.718860 0.858794 0.715233 0.858969 0.715233 0.857395 0.712254 0.856696 0.711218 0.855822 0.708109 0.855472 0.707461 0.853549 0.704223 0.852675 0.703446 0.851801 0.700207 0.851451 0.699948 0.853199
0 0.787733 0.809930 0.787604 0.814301 0.786438 0.815175 0.786308 0.817448 0.784106 0.820420 0.783977 0.822168 0.782940 0.823217 0.782422 0.826014 0.781386 0.827587 0.781127 0.830385 0.799780 0.830559 0.799909 0.828811 0.801723 0.828112 0.800816 0.826364 0.800298 0.824266 0.798096 0.822343 0.797837 0.819196 0.796671 0.817972 0.796801 0.816399 0.794210 0.812902 0.794080 0.810105 0.790583 0.805385 0.789158 0.806434 0.788899 0.808182
0 0.771282 0.908007 0.783847 0.923217 0.783459 0.925839 0.782034 0.926014 0.780868 0.927762 0.778018 0.928462 0.776982 0.929685 0.775168 0.929685 0.774391 0.931084 0.772189 0.931259 0.771412 0.931608 0.769210 0.934406 0.767655 0.933531 0.765842 0.935455 0.761567 0.935804 0.762345 0.931783 0.762863 0.931783 0.761697 0.930210 0.762733 0.928462 0.763251 0.924441 0.764288 0.923217 0.764676 0.916923 0.765324 0.915524 0.765842 0.908007 0.766619 0.906958 0.767137 0.905385 0.768303 0.906958
0 0.906775 0.910455 0.902241 0.928462 0.898096 0.921119 0.894858 0.921294 0.894858 0.919021 0.892137 0.914301 0.890194 0.914650 0.890194 0.911503 0.888122 0.911154 0.886308 0.908182 0.886308 0.903462 0.887992 0.902413 0.889288 0.900315 0.892137 0.899965 0.892526 0.899091 0.896541 0.898392 0.898484 0.896818 0.902630 0.896294 0.903277 0.895245 0.908847 0.895245 0.909495 0.902587 0.908329 0.902587 0.908199 0.908182
0 0.585635 0.355682 0.585376 0.360752 0.583692 0.361451 0.583951 0.364423 0.583303 0.365822 0.582785 0.369143 0.581749 0.369668 0.581231 0.374388 0.580712 0.375087 0.580194 0.377885 0.579547 0.379283 0.578899 0.383829 0.577474 0.384703 0.576308 0.381906 0.570479 0.374038 0.570738 0.371591 0.566464 0.367745 0.566723 0.365122 0.563873 0.361451 0.565298 0.359353 0.569184 0.358479 0.570350 0.356906 0.580065 0.356556 0.581231 0.355157
0 0.701179 0.321416 0.703899 0.321066 0.704547 0.322990 0.706619 0.322990 0.709469 0.326136 0.710894 0.326311 0.711801 0.325087 0.713614 0.325262 0.714003 0.308304 0.712189 0.307080 0.714003 0.305157 0.713744 0.302185 0.712837 0.302185 0.712189 0.292220 0.711282 0.291871 0.708303 0.295367 0.706749 0.295892 0.704547 0.299213 0.703381 0.298339 0.700402 0.302360 0.699236 0.302360 0.695220 0.307430 0.694054 0.307255 0.690557 0.312150 0.691982 0.312325 0.691982 0.314073 0.693666 0.313724 0.694184 0.316521 0.696775 0.315472 0.698588 0.319318
0 0.685505 0.206906 0.687189 0.209353 0.690039 0.206906 0.690168 0.204983 0.691205 0.203934 0.691464 0.201486 0.694313 0.197990 0.694184 0.195717 0.695220 0.194843 0.695868 0.192570 0.696516 0.192045 0.697163 0.187850 0.698199 0.188024 0.698459 0.184353 0.699624 0.183829 0.699495 0.181731 0.677215 0.181731 0.675531 0.183479 0.675531 0.185752 0.676308 0.187325 0.676049 0.189773 0.679676 0.193094 0.680065 0.196591 0.681619 0.197115 0.681360 0.200262 0.684858 0.203584
0 0.741956 0.067832 0.750246 0.066958 0.751153 0.065385 0.753096 0.064860 0.754780 0.066783 0.755557 0.064510 0.756593 0.066608 0.757759 0.065385 0.759832 0.064860 0.760220 0.068881 0.759184 0.070105 0.758925 0.072378 0.758148 0.073252 0.757889 0.077273 0.756982 0.078147 0.756593 0.083392 0.755427 0.083217 0.755039 0.087063 0.754262 0.087413 0.754003 0.090559 0.751801 0.090909 0.748951 0.086888 0.748821 0.084441 0.746619 0.083741 0.746231 0.081119 0.744028 0.078497 0.743769 0.077098 0.741049 0.072902
0 0.747137 0.152448 0.747137 0.154720 0.745453 0.156469 0.745453 0.158566 0.745065 0.159441 0.744806 0.162762 0.742604 0.166084 0.741956 0.169755 0.741049 0.170804 0.739236 0.183217 0.732500 0.174650 0.731982 0.172727 0.731205 0.171678 0.730557 0.169231 0.727966 0.167832 0.728096 0.165035 0.727189 0.164860 0.726801 0.161189 0.724080 0.157867 0.723951 0.153671 0.733018 0.153846 0.733018 0.152273 0.744547 0.152098
0 0.785207 0.334283 0.804378 0.333934 0.804508 0.335157 0.806580 0.335332 0.807358 0.333759 0.808005 0.335507 0.809689 0.335507 0.809430 0.339353 0.807487 0.340402 0.807098 0.343549 0.804508 0.345647 0.804508 0.348094 0.803472 0.348969 0.803212 0.351766 0.801399 0.353864 0.800751 0.356836 0.797772 0.361381 0.794534 0.361731
0 0.799326 0.308059 0.799585 0.312605 0.796995 0.315577 0.796477 0.320647 0.794922 0.323794 0.797513 0.323269 0.798161 0.321346 0.799326 0.323094 0.802694 0.323269 0.802953 0.321696 0.812150 0.321521 0.812280 0.320297 0.814870 0.320122 0.812539 0.317325 0.812539 0.314703 0.811503 0.313654 0.811114 0.309983 0.806321 0.303864 0.806062 0.300542 0.803472 0.300892 0.802435 0.298969 0.802306 0.302815 0.801269 0.303514 0.801269 0.305787
0 0.800635 0.146871 0.808148 0.157710 0.808277 0.161556 0.784184 0.162605 0.783666 0.158934 0.785091 0.157185 0.785091 0.154913 0.787163 0.152640 0.787681 0.148444 0.790013 0.145472 0.790272 0.141801 0.792604 0.139703 0.792345 0.135857 0.794288 0.132885 0.797526 0.136206 0.797526 0.138129 0.800246 0.140927
0 0.916606 0.096923 0.922902 0.109266 0.923951 0.105420 0.924987 0.104615 0.924987 0.101783 0.926192 0.101783 0.925738 0.092080 0.924391 0.090857 0.926192 0.089038 0.925142 0.087430 0.925142 0.084178 0.925738 0.083986 0.926347 0.078724 0.924689 0.078724 0.924689 0.068199 0.922293 0.068409 0.921995 0.069213 0.917798 0.069213 0.913459 0.076696 0.909858 0.076906 0.909404 0.079126 0.901762 0.086608 0.905207 0.092675 0.907759 0.091678 0.910453 0.095927 0.912254 0.096119 0.913303 0.099353
0 0.945531 0.066381 0.947474 0.070227 0.947927 0.072045 0.950168 0.075280 0.951218 0.075280 0.952124 0.074476 0.953018 0.073462 0.953018 0.071434 0.954223 0.070629 0.954663 0.065979 0.955868 0.065577 0.955868 0.060315 0.956917 0.060315 0.956917 0.051014 0.957966 0.051014 0.958264 0.042115 0.955272 0.042115 0.955272 0.043531 0.947772 0.043531 0.946127 0.045140 0.942383 0.045752 0.941632 0.047168 0.938782 0.046958 0.938187 0.048986 0.933990 0.049388 0.934132 0.051014 0.934430 0.052028 0.935039 0.054248 0.936839 0.055262 0.937578 0.058287 0.939987 0.058899 0.939987 0.062343 0.942979 0.065787
0 0.897953 0.253811 0.904948 0.253462 0.905725 0.265524 0.904560 0.265350 0.904301 0.270245 0.903005 0.270944 0.902876 0.273916 0.901062 0.274266 0.897176 0.268846 0.896269 0.269196 0.894715 0.267622 0.893938 0.264476 0.891736 0.263951 0.890311 0.260979 0.890311 0.259930 0.892124 0.259056 0.893031 0.258007 0.894326 0.257133 0.894585 0.256259 0.897306 0.255559
0 0.837850 0.215699 0.852487 0.241573 0.854171 0.241224 0.854430 0.235979 0.855984 0.234755 0.856114 0.230035 0.856503 0.229336 0.857280 0.224965 0.858446 0.224091 0.858446 0.219196 0.859223 0.217797 0.860130 0.213427 0.861166 0.213427 0.861036 0.205734 0.858446 0.206084 0.857668 0.208007 0.852098 0.207483 0.851062 0.209231 0.847953 0.209580 0.847047 0.211503 0.845492 0.209755 0.844585 0.210629 0.841218 0.211329 0.840570 0.213252 0.836943 0.213427
0 0.809870 0.246294 0.823212 0.253112 0.823342 0.254510 0.823212 0.256259 0.822824 0.258182 0.819845 0.258182 0.818938 0.261678 0.818938 0.262727 0.817254 0.265699 0.815570 0.265524 0.808316 0.276189 0.806244 0.276364 0.804560 0.278287 0.804430 0.271119 0.803135 0.270769 0.803394 0.266573 0.802617 0.266049 0.802098 0.258007 0.800674 0.256783 0.800415 0.245769 0.804819 0.240175 0.806762 0.241399 0.807280 0.243497
0 0.844715 0.321643 0.844585 0.325490 0.845492 0.326888 0.845751 0.329161 0.849508 0.333706 0.849767 0.335804 0.850285 0.336503 0.850674 0.339126 0.852358 0.341923 0.853782 0.342448 0.855596 0.340175 0.855855 0.338601 0.858575 0.334755 0.858705 0.330559 0.861684 0.327587 0.861425 0.323916 0.862591 0.322168
0 0.877617 0.348042 0.880725 0.347867 0.880725 0.349790 0.883446 0.353462 0.883446 0.355909 0.884223 0.356608 0.884611 0.358881 0.885389 0.359755 0.886036 0.363427 0.886943 0.363776 0.887073 0.366748 0.888627 0.367098 0.888756 0.372517 0.889663 0.373566 0.889534 0.375839 0.872565 0.375839 0.871917 0.374441 0.870104 0.373741 0.869585 0.374965 0.867383 0.375140 0.866606 0.374441 0.865311 0.373217 0.866088 0.372343 0.866347 0.369196 0.867513 0.369371 0.867772 0.366573 0.869715 0.364301 0.869974 0.361853 0.873212 0.358357 0.872953 0.355734 0.875415 0.351888 0.875803 0.350839
0 0.808472 0.737483 0.813523 0.744476 0.806399 0.744301 0.805622 0.746049 0.798627 0.746573 0.797591 0.748147 0.790984 0.748322 0.788653 0.749895 0.787876 0.749545 0.789689 0.746923 0.790078 0.742552 0.791373 0.742028 0.791632 0.735909 0.793705 0.733112 0.793834 0.727692 0.795130 0.727343 0.795518 0.722273 0.796813 0.722622 0.797073 0.719301 0.803938 0.727168 0.803938 0.729965 0.808212 0.733986
0 0.929948 0.304336 0.930337 0.312203 0.929171 0.312552 0.928653 0.330035 0.927746 0.330210 0.926969 0.335105 0.925933 0.336853 0.926451 0.337028 0.927228 0.338776 0.931891 0.338776 0.933057 0.337378 0.934482 0.334930 0.935389 0.335105 0.936425 0.334231 0.939016 0.333531 0.939145 0.332308 0.941088 0.332133 0.941606 0.330734 0.944974 0.330385 0.945233 0.328811 0.948342 0.327937 0.948342 0.327063 0.950415 0.326538 0.952098 0.324441 0.952098 0.323217 0.950933 0.322343 0.950544 0.320070 0.948342 0.319720 0.947953 0.316224 0.946399 0.316573 0.944715 0.313252 0.942642 0.313252 0.940052 0.309056 0.939016 0.310280 0.935130 0.303986 0.934352 0.303986 0.932668 0.302063
0 0.966477 0.367448 0.966218 0.380210 0.967513 0.380909 0.968031 0.384755 0.966606 0.385280 0.966218 0.391573 0.967124 0.392797 0.967513 0.396119 0.966606 0.398392 0.968420 0.398392 0.969715 0.396643 0.970751 0.396643 0.972953 0.393846 0.975415 0.393147 0.978135 0.390350 0.979819 0.390175 0.982927 0.385979 0.985907 0.385455 0.989922 0.381259 0.985777 0.379510 0.985518 0.377762 0.982021 0.377587 0.980596 0.374790 0.977876 0.374790 0.975415 0.371294 0.971658 0.370944 0.971269 0.370070 0.969974 0.368846 0.969456 0.367622
0 0.954689 0.357133 0.954560 0.381434 0.953005 0.381084 0.952358 0.379336 0.948731 0.379510 0.948083 0.378112 0.946269 0.377762 0.944067 0.374441 0.940699 0.374091 0.940311 0.373392 0.938627 0.372517 0.937979 0.371469 0.936813 0.370944 0.936813 0.367448 0.938109 0.367448 0.939922 0.364825 0.941865 0.363776 0.943679 0.361853 0.946010 0.361329 0.946010 0.358881 0.947306 0.358881 0.948083 0.356783 0.950285 0.356259 0.951192 0.355035 0.952617 0.354860
0 0.985104 0.505822 0.974093 0.519441 0.973964 0.521713 0.968135 0.530297 0.967746 0.532920 0.972409 0.533077 0.972798 0.534301 0.975648 0.535542 0.976036 0.535350 0.977332 0.536573 0.981593 0.536573 0.982772 0.538671 0.993135 0.538671 0.993394 0.534668 0.992746 0.533601 0.992487 0.529773 0.991710 0.528357 0.991192 0.521906 0.988990 0.520839 0.989249 0.516119 0.988718 0.515245 0.988472 0.509318
0 0.909054 0.554248 0.909456 0.558427 0.908031 0.559825 0.908161 0.562797 0.906218 0.566136 0.905311 0.568759 0.904145 0.569266 0.904145 0.572413 0.901684 0.574353 0.900907 0.576976 0.900389 0.579248 0.899987 0.581678 0.898964 0.583619 0.895207 0.583619 0.894948 0.581678 0.892863 0.577657 0.892746 0.576434 0.890544 0.573129 0.890026 0.571014 0.889119 0.570140 0.888977 0.567360 0.887953 0.565944 0.887681 0.562797 0.884715 0.558951 0.884715 0.557028 0.886269 0.554406
0 0.884845 0.587465 0.888977 0.587273 0.891321 0.589213 0.890544 0.590420 0.889896 0.596538 0.888860 0.597413 0.888472 0.604073 0.887953 0.605280 0.887435 0.609843 0.886386 0.610192 0.885881 0.616119 0.882642 0.621556 0.878497 0.615245 0.878238 0.611224 0.877073 0.611399 0.875907 0.610350 0.873834 0.610192 0.873705 0.607570 0.867098 0.599161 0.866839 0.595490 0.870842 0.594790 0.871244 0.593234 0.872927 0.592517 0.873834 0.591643 0.879793 0.591486 0.880959 0.590087 0.884845 0.589213
0 0.844521 0.548497 0.844521 0.553916 0.840117 0.561084 0.838821 0.561084 0.837785 0.564231 0.835194 0.568077 0.833510 0.568077 0.832992 0.564056 0.830920 0.561608 0.830790 0.556713 0.830013 0.555839 0.829365 0.552343 0.828329 0.551993 0.827811 0.549196 0.826904 0.548846 0.826386 0.545699 0.825350 0.543427 0.825220 0.538881 0.842578 0.537832 0.843225 0.539231 0.848407 0.539930 0.848277 0.542378
0 0.779754 0.532762 0.779754 0.551119 0.777940 0.550944 0.777422 0.549371 0.775479 0.549021 0.774702 0.547448 0.771334 0.546923 0.770816 0.546049 0.768355 0.545524 0.768096 0.543427 0.773407 0.535385 0.775220 0.535385 0.776256 0.533287
0 0.837876 0.739755 0.838653 0.738357 0.845777 0.737832 0.845777 0.742028 0.845000 0.742727 0.845000 0.747098 0.843575 0.751119 0.842280 0.751818 0.841891 0.756713 0.839560 0.759161 0.839560 0.763706 0.835674 0.763881 0.835674 0.762483 0.833212 0.758462 0.833212 0.756538 0.827772 0.748846 0.827772 0.747273 0.825699 0.744476 0.825311 0.742203 0.827642 0.741853 0.828549 0.739930
0 0.931101 0.856906 0.931490 0.871766 0.932267 0.872640 0.932915 0.876486 0.933951 0.874213 0.935894 0.874213 0.939132 0.868269 0.940946 0.869143 0.946386 0.860752 0.947422 0.861818 0.953381 0.854108 0.952215 0.853409 0.952085 0.851136 0.949236 0.850962 0.948847 0.849580 0.946127 0.849580 0.945738 0.848514 0.944184 0.848164 0.943018 0.846416 0.940039 0.845542 0.939391 0.844336 0.937060 0.843794 0.936412 0.842920 0.934987 0.842745 0.933951 0.840839 0.930453 0.840297 0.929935 0.855157
0 0.559573 0.740577 0.559313 0.746521 0.560350 0.747920 0.561127 0.751241 0.562681 0.751591 0.573174 0.737605 0.573821 0.735157 0.575635 0.734983 0.576023 0.732185 0.577966 0.730962 0.576671 0.727990 0.573044 0.727465 0.572396 0.726066 0.566956 0.725367 0.566697 0.723794 0.563070 0.723619 0.562422 0.722045 0.555946 0.721696 0.555946 0.728864 0.556464 0.729738 0.556723 0.734633 0.557759 0.735507 0.558277 0.740052
