1 0.821516 0.266608 0.819961 0.265559 0.821386 0.263287 0.824495 0.261713 0.826826 0.259266 0.828381 0.259091 0.830065 0.257168 0.830453 0.259441 0.831749 0.259441 0.832137 0.263112 0.833303 0.263112 0.834339 0.266259 0.833303 0.267657 0.832655 0.276399 0.831490 0.277273 0.832526 0.278671 0.832655 0.280769 0.830324 0.279021 0.830453 0.276049 0.828640 0.276224 0.827733 0.277797 0.825920 0.277448 0.825920 0.275350 0.824883 0.275000 0.824754 0.273776 0.822034 0.274301 0.821645 0.270979 0.819573 0.270629 0.819184 0.267133
0 0.614326 0.177605 0.613420 0.180577 0.611865 0.181626 0.611736 0.184248 0.608368 0.187045 0.609534 0.189143 0.607461 0.191066 0.607073 0.194388 0.605000 0.196311 0.605648 0.199283 0.602539 0.201556 0.602150 0.203829 0.600466 0.206801 0.601244 0.208549 0.595674 0.216416 0.596321 0.219913 0.597876 0.221486 0.599430 0.223059 0.600337 0.223759 0.601891 0.222010 0.605648 0.222185 0.606684 0.223584 0.609275 0.223584 0.610570 0.221661 0.611606 0.221836 0.612513 0.223584 0.614974 0.221661 0.615881 0.221661 0.616269 0.224458 0.634922 0.223059 0.634922 0.217640 0.631813 0.212045 0.632073 0.208199 0.628057 0.203479 0.627798 0.200507 0.626762 0.199108 0.626762 0.197010 0.625596 0.196836 0.625596 0.193164 0.624819 0.192815 0.624560 0.189318 0.623264 0.189493 0.623264 0.188444 0.621451 0.188444 0.621839 0.186871 0.622358 0.184948 0.620026 0.185122 0.620803 0.181626 0.619378 0.181451 0.619249 0.178304
1 0.800751 -0.000000 0.804896 0.007185 0.803601 0.020647 0.803342 0.036556 0.805285 0.037080 0.805803 0.039178 0.806710 0.040227 0.807746 0.038829 0.810466 0.038829 0.811891 0.036381 0.813316 0.036206 0.814482 0.035157 0.814870 0.036381 0.816813 0.034458 0.817332 0.031661 0.818497 0.031486 0.821477 0.027815 0.823938 0.027815 0.827306 0.021521 0.832876 0.018199 0.837539 0.012080 0.840259 0.012080 0.839741 0.005612 0.837021 0.002815 0.835337 0.002990 0.832746 0.001416 0.833161 0.000000
0 0.513523 0.534878 0.492798 0.568794 0.521813 0.575787 0.523497 0.576836 0.525181 0.576836 0.522720 0.563024
0 0.715285 0.856066 0.714728 0.857010 0.709715 0.862850 0.709560 0.867745 0.708446 0.869615 0.708187 0.872255 0.705959 0.874143 0.706218 0.877710 0.704819 0.879231 0.704819 0.882430 0.702591 0.883182 0.703705 0.885052 0.699676 0.890524 0.700363 0.895035 0.729236 0.895594 0.729650 0.893724 0.732992 0.892972 0.732863 0.889948 0.728122 0.884301 0.727565 0.878479
0 0.703148 0.933444 0.674832 0.962622 0.709987 0.982378
0 0.704262 0.926661 0.708031 0.934003 0.709430 0.930997 0.709430 0.926294
0 0.632850 0.966573 0.635233 0.966766 0.641101 0.985962 0.641101 0.988969 0.629793 0.989528 0.629378 0.988601 0.623523 0.987465 0.622668 0.986521 0.620738 0.985210
0 0.600648 0.925909 0.576360 0.946241 0.602034 0.964493
0 0.587811 0.857762 0.575518 0.881119 0.596321 0.880734
0 0.539832 0.812395 0.515842 0.813147 0.516114 0.816906 0.517098 0.819178 0.524054 0.836119 0.524495 0.840262 0.527966 0.844021 0.531464 0.840629 0.542060 0.814843
0 0.410039 0.954703 0.402785 0.973584 0.418199 0.973059 0.418847 0.971836 0.421179 0.971836 0.416516 0.965892 0.416904 0.963444 0.414832 0.961521 0.414184 0.956276 0.412824 0.954545
0 0.307513 0.812937 0.306736 0.814510 0.295725 0.814860 0.294689 0.816259 0.292707 0.816119 0.289469 0.816294 0.288562 0.820490 0.291930 0.825734 0.292319 0.827308 0.294909 0.831329 0.294909 0.832378 0.303847 0.846538 0.305402 0.846364 0.314210 0.818566 0.314339 0.812797
0 0.337915 0.764720 0.341541 0.763671 0.342189 0.762448 0.354754 0.761573 0.354624 0.764895 0.353718 0.765594 0.350997 0.780105 0.348148 0.781503 0.342837 0.774336 0.342448 0.771189 0.339598 0.768392 0.340246 0.766469
0 0.026995 0.631434 0.020518 0.623392 0.020907 0.618671 0.023109 0.618671 0.023109 0.617273 0.028161 0.616923 0.028161 0.615350 0.031269 0.615175 0.032953 0.617972 0.033472 0.620944 0.032565 0.620594 0.032435 0.628462 0.029585 0.633007 0.028290 0.630909
1 0.367915 0.459510 0.364495 0.463217 0.365013 0.465280 0.361762 0.466434 0.355609 0.475909 0.355440 0.478671 0.357655 0.481206 0.359883 0.480752 0.359883 0.484668 0.358860 0.489983 0.364845 0.488601 0.368433 0.494371 0.369624 0.495052 0.371334 0.496451 0.380065 0.475682 0.380738 0.474283 0.380570 0.469668 0.377668 0.470140 0.376295 0.467605 0.374067 0.470367 0.373394 0.469441
1 0.426334 0.420490 0.420117 0.411573 0.418692 0.412448 0.418562 0.410699 0.416878 0.406853 0.432293 0.398811 0.434236 0.398986 0.433977 0.407378 0.435531 0.410699 0.435790 0.413497 0.438769 0.417343 0.439288 0.417867 0.439288 0.421014 0.440194 0.423811 0.440026 0.428497 0.428536 0.429231 0.426464 0.425734 0.427500 0.425035
0 0.459326 0.453846 0.473316 0.454371 0.465440 0.468811
0 0.537461 0.343986 0.514663 0.387517 0.550155 0.389441 0.550933 0.391189 0.554560 0.391538 0.554430 0.385594
0 0.567060 0.442378 0.562655 0.442220 0.562008 0.443794 0.558381 0.443619 0.558381 0.446066 0.556049 0.446066 0.556049 0.447990 0.559417 0.454458 0.561490 0.453934 0.562396 0.456206 0.565635 0.456206 0.566541 0.449563 0.567448 0.449563
0 0.530531 0.469668 0.503329 0.487832 0.526256 0.511101 0.528329 0.508811 0.529624 0.508811 0.529883 0.494825 0.530790 0.494668
1 0.643238 0.734108 0.638834 0.739878 0.640130 0.744598 0.645052 0.747745 0.646218 0.748094 0.645829 0.734283
1 0.566762 0.572290 0.581269 0.596066 0.581658 0.598689 0.584508 0.602185 0.587358 0.603234 0.598368 0.562325 0.599793 0.559528 0.598756 0.559003 0.598756 0.557955 0.593834 0.557955 0.593316 0.560227 0.586451 0.559703 0.580622 0.550262 0.562358 0.567045 0.563523 0.569668 0.566632 0.569318
0 0.734352 0.535664 0.735518 0.533217 0.738497 0.533217 0.739922 0.529196 0.742254 0.529371 0.743938 0.530769 0.744326 0.533042 0.744197 0.538287 0.744067 0.539336 0.744456 0.540559 0.744067 0.543007 0.739404 0.543182 0.738886 0.539685 0.737591 0.541434
0 0.616943 0.684283 0.628860 0.683059 0.632487 0.686206 0.635207 0.687080 0.637021 0.690227 0.637021 0.692325 0.636244 0.694598 0.630285 0.700542 0.629896 0.703339 0.625233 0.709283 0.622642 0.709633 0.622383 0.708059 0.623290 0.706136 0.619016 0.697045 0.617850 0.693899 0.618238 0.689703
0 0.692073 0.725367 0.707487 0.725717 0.698679 0.743199
0 0.685984 0.741451 0.677047 0.752290 0.688964 0.754738
1 0.102655 0.179563 0.099288 0.183409 0.097215 0.184108 0.095272 0.186906 0.093847 0.187080 0.090479 0.191976 0.087487 0.192517 0.085674 0.197413 0.084637 0.198287 0.106153 0.215420 0.108484 0.215070 0.108484 0.203182 0.110039 0.203007 0.110427 0.195315 0.116528 0.188304 0.116917 0.184458 0.118472 0.183934 0.120026 0.183234 0.128316 0.169773 0.121839 0.164003 0.117306 0.164178 0.112111 0.159458 0.106023 0.159108 0.104339 0.157185 0.102396 0.156486 0.098769 0.157535 0.099288 0.165052 0.101490 0.165927 0.101231 0.174668 0.102267 0.174143
1 0.047578 0.170997 0.048744 0.169423 0.052630 0.171871 0.054961 0.173269 0.059236 0.178164 0.060272 0.178339 0.067150 0.187605 0.067021 0.191626 0.068575 0.193042 0.068964 0.197238 0.069870 0.198287 0.063653 0.198986 0.062358 0.197063 0.061826 0.198811 0.058847 0.195490 0.057681 0.195490 0.056256 0.193566 0.053795 0.193566 0.052889 0.195315 0.045117 0.195140 0.044598 0.194266 0.043821 0.191976 0.045764 0.191101 0.045505 0.180087 0.047189 0.180262
1 0.394689 0.057395 0.399236 0.057395 0.413938 0.084965 0.412383 0.088479 0.392345 0.088829 0.392345 0.087587 0.387927 0.086888 0.387927 0.086888 0.384534 0.085839 0.383368 0.081101 0.389223 0.073724
1 0.022513 0.068217 0.029119 0.068217 0.032617 0.072413 0.031192 0.073462 0.031321 0.076608 0.028990 0.078531 0.028860 0.080979 0.026788 0.083601 0.023161 0.082902 0.018756 0.077483 0.019534 0.074336 0.017979 0.072238 0.018109 0.070315 0.019922 0.070140 0.019663 0.066294 0.018886 0.064196 0.017202 0.064720 0.016166 0.061573 0.015518 0.060000 0.015648 0.057727 0.018368 0.057552 0.018368 0.056154 0.021865 0.055804 0.022254 0.057552 0.024067 0.057902 0.024197 0.063322 0.021736 0.066294
1 0.056969 0.000000 0.056969 0.001084 0.075363 0.019615 0.080026 0.019441 0.082098 0.016119 0.081192 0.006678 0.084611 0.000000
1 0.085427 0.000000 0.088575 0.004406 0.092073 0.002832 0.093381 0.000000
1 0.183912 0.000000 0.164430 0.021521 0.164430 0.023636 0.161295 0.027238 0.162085 0.029983 0.173523 0.036119 0.177293 0.054738 0.179326 0.055175 0.181049 0.058129 0.181205 0.055804 0.184352 0.055594 0.185920 0.051154 0.187163 0.051783 0.192811 0.043531 0.199391 0.040140 0.200803 0.034860 0.196891 0.022587 0.196891 0.017500 0.195946 0.017080 0.195479 0.009038 0.193446 0.008199 0.194067 0.001836 0.192176 0.000000
1 0.219469 0.005017 0.213355 0.013479 0.213510 0.015594 0.212565 0.015594 0.212254 0.020892 0.215233 0.020245 0.214767 0.022587 0.226839 0.022587 0.226671 0.014545 0.225894 0.013479 0.225738 0.010524 0.223860 0.010105 0.223860 0.006713 0.222759 0.004808
1 0.232008 0.085629 0.262267 0.079930 0.264301 0.082885 0.263679 0.087115 0.262889 0.088392 0.256153 0.115052 0.253329 0.118444 0.249093 0.118654 0.245026 0.113147 0.245026 0.109965 0.234987 0.098759 0.235764 0.096643 0.231541 0.089650
1 0.223381 0.273531 0.213821 0.280315 0.214288 0.282220 0.223381 0.295332 0.225738 0.295752 0.226360 0.297448 0.226516 0.299563 0.228251 0.299773 0.233109 0.306119 0.235453 0.303374 0.235453 0.301259 0.237345 0.300420 0.237345 0.289825 0.237966 0.289825 0.238277 0.280105 0.241567 0.274388 0.251762 0.274388 0.237811 0.235455 0.237811 0.232273 0.235933 0.232483 0.235142 0.231224 0.233264 0.230804 0.233264 0.232273 0.230285 0.232063 0.224948 0.217045 0.225272 0.216189 0.226671 0.214930 0.225894 0.211538 0.223860 0.211538 0.221036 0.205822 0.220881 0.204773 0.217267 0.200752 0.216334 0.202657 0.214443 0.202657 0.214443 0.205192 0.211308 0.208584 0.211308 0.210490 0.208653 0.212815 0.208653 0.216399 0.204728 0.219790 0.205350 0.221486 0.203161 0.223601 0.203627 0.225927 0.198925 0.230804 0.198925 0.238409 0.210842 0.240105 0.212254 0.240944 0.225894 0.240944 0.225738 0.246031 0.224016 0.246871 0.223536 0.249423 0.223381 0.249633 0.222759 0.252587 0.217902 0.258514 0.218057 0.261049 0.216801 0.262535 0.216801 0.264860 0.215389 0.266136 0.215233 0.269948 0.218990 0.270787 0.219158 0.272483
1 0.319028 0.252168 0.318549 0.256189 0.317448 0.257465 0.317293 0.259580 0.316205 0.260629 0.316049 0.262745 0.310868 0.269738 0.310868 0.272692 0.309611 0.273322 0.309456 0.275647 0.308199 0.276294 0.308355 0.281364 0.311658 0.283689 0.313070 0.284755 0.333601 0.284336 0.335013 0.286241 0.343640 0.286661 0.347396 0.282220 0.345052 0.278619 0.344262 0.272902 0.338303 0.261696 0.337837 0.258514 0.336891 0.255979 0.335803 0.251958 0.334067 0.249213 0.333601 0.245192 0.332655 0.244755 0.332824 0.240315 0.331088 0.239476 0.328744 0.238829 0.326710 0.235245 0.325920 0.233129 0.319184 0.232063 0.318860 0.233549 0.316205 0.232063 0.316049 0.234178 0.314469 0.233129 0.313692 0.234808 0.311023 0.234808 0.310091 0.236713 0.311179 0.237780 0.311023 0.240734 0.312746 0.241801 0.312124 0.244755 0.314469 0.243916 0.314793 0.247727
1 0.309922 0.374266 0.302085 0.374056 0.300829 0.376381 0.301153 0.386538 0.302409 0.387378 0.300829 0.388444 0.300674 0.392675 0.302409 0.393094 0.300052 0.394790 0.300363 0.397535 0.302720 0.399021 0.302241 0.402622 0.301153 0.403462 0.300997 0.412133 0.301930 0.412133 0.302085 0.417220 0.304132 0.419126 0.305376 0.418269 0.331567 0.399860 0.332979 0.401346 0.332345 0.404528 0.331878 0.404738 0.335479 0.412133 0.336736 0.410227 0.339249 0.408112 0.339870 0.403881 0.341749 0.401976 0.342228 0.403671 0.343951 0.403671 0.345518 0.401136 0.345207 0.396696 0.345052 0.396486 0.344417 0.388007 0.341593 0.385472 0.341593 0.382727 0.335803 0.383357 0.336269 0.389283 0.334858 0.390122 0.334702 0.394143 0.332979 0.396906 0.328433 0.391818 0.326386 0.391608 0.325142 0.388654 0.321995 0.388007 0.322630 0.384213 0.318394 0.379983 0.318394 0.378706 0.313847 0.372150 0.311023 0.372360
1 0.628446 0.328409 0.622876 0.333479 0.624430 0.336626 0.626503 0.336976 0.627798 0.339423 0.629611 0.337325 0.630648 0.336101 0.630648 0.331206 0.629870 0.329983
1 0.345518 0.335542 0.345829 0.316713 0.342539 0.312692 0.314948 0.339563 0.317448 0.343374 0.319806 0.343794 0.320272 0.347815 0.318860 0.348234 0.318549 0.355000 0.321528 0.357115 0.323251 0.357972 0.324041 0.361993 0.329521 0.357972 0.332655 0.360087 0.333135 0.361573 0.335635 0.361573 0.335479 0.364528 0.339870 0.364948 0.347552 0.357115 0.351166 0.357115 0.351166 0.354790 0.354611 0.352465 0.354456 0.348234 0.352733 0.345909 0.351632 0.346119 0.347241 0.340822 0.347241 0.337867
1 0.267073 0.218794 0.259508 0.218794 0.258459 0.220490 0.256567 0.220787 0.256788 0.229283 0.257837 0.231556 0.258044 0.235804 0.259093 0.235245 0.259301 0.238636 0.260570 0.239493 0.260984 0.247727 0.262876 0.248846 0.261619 0.251976 0.262876 0.253671 0.265816 0.252255 0.271904 0.247430 0.274016 0.246014 0.283251 0.229003 0.285570 0.225315 0.283251 0.222762 0.281788 0.221346 0.279262 0.220490 0.279262 0.217657 0.289974 0.202343 0.290181 0.200367 0.291451 0.198094 0.291023 0.195822 0.287668 0.189598 0.287461 0.185612 0.282202 0.185052 0.279262 0.181084 0.276736 0.175979 0.274845 0.175979 0.272953 0.173706 0.273174 0.167762 0.274430 0.166626 0.274845 0.155559 0.275687 0.154143 0.273588 0.152448 0.276736 0.148759 0.289132 0.148479 0.289132 0.146206 0.292500 0.145927 0.283251 0.113601 0.282202 0.107360 0.278005 0.104808 0.268756 0.104808 0.268122 0.107080 0.263925 0.107080 0.264767 0.113024 0.260350 0.120122 0.260350 0.123514 0.262241 0.123811 0.262241 0.131171 0.264132 0.134580 0.264132 0.145350 0.266023 0.146206 0.267707 0.146206 0.268549 0.150455 0.267293 0.150175 0.266658 0.157273 0.266451 0.157552 0.266023 0.160664 0.257837 0.166346 0.250479 0.176259 0.254676 0.181643 0.255311 0.185612 0.259301 0.188741 0.259728 0.192710 0.253420 0.203199 0.258886 0.205472 0.259728 0.209161 0.263925 0.210000 0.265181 0.210297 0.266865 0.210297
1 0.132267 0.276276 0.134754 0.276608 0.137979 0.273916 0.143938 0.274598 0.145933 0.277273 0.146179 0.280629 0.149158 0.283654 0.153135 0.285664 0.154870 0.287343 0.155376 0.290350 0.152137 0.293374 0.153640 0.295052 0.142953 0.308794 0.142694 0.313497 0.140959 0.313497 0.140466 0.316853 0.141710 0.320210 0.141956 0.324231 0.138977 0.326573 0.134754 0.326573 0.131516 0.321888 0.134754 0.317850 0.133756 0.316521 0.130777 0.316189 0.128044 0.308794 0.128044 0.305787 0.120091 0.294038 0.116606 0.293042 0.110894 0.300087 0.106425 0.298741 0.106425 0.291031 0.104430 0.290017 0.106425 0.276276 0.094741 0.260839 0.111386 0.249108 0.115622 0.249773 0.115868 0.255472
1 0.110648 0.315437 0.109624 0.339773 0.111632 0.341346 0.111632 0.346066 0.113627 0.347430 0.130816 0.330524 0.129832 0.328059 0.129832 0.325577
1 0.151334 0.304406 0.151852 0.335035 0.152513 0.335717 0.152837 0.338636 0.153692 0.338636 0.154339 0.342920 0.158031 0.347640 0.159197 0.347640 0.162526 0.341119 0.161205 0.337972 0.159870 0.337063 0.173199 0.320629 0.169534 0.315892 0.169702 0.311608 0.163199 0.310717 0.159702 0.305542 0.153342 0.302378
1 0.109145 0.410262 0.094780 0.410699 0.094443 0.412955 0.091619 0.412500 0.089106 0.415664 0.087267 0.416119 0.086930 0.421748 0.087617 0.423776 0.090117 0.431643 0.093109 0.430070 0.096438 0.426241 0.098782 0.426241 0.102448 0.430979 0.105453 0.431871 0.110972 0.417465 0.111295 0.413864
1 0.122474 0.394720 0.131503 0.394493 0.133342 0.396976 0.141658 0.396976 0.142681 0.395175 0.148187 0.394948 0.149003 0.396976 0.154508 0.396976 0.155363 0.399441 0.155531 0.406871 0.148523 0.433462 0.141658 0.437727 0.141334 0.439983 0.136671 0.443811 0.133342 0.438636 0.133342 0.437290 0.131334 0.436608 0.132319 0.430752 0.129003 0.427605 0.129663 0.423549 0.121490 0.402378 0.121826 0.399895 0.120324 0.398094
1 0.171697 0.385927 0.167863 0.390892 0.162021 0.383899 0.163199 0.374895 0.167215 0.370175 0.165544 0.368601 0.165376 0.360035 0.164184 0.359126 0.165687 0.355979 0.171360 0.354633 0.171697 0.355752 0.177202 0.355979 0.178057 0.358916 0.184883 0.358462 0.185402 0.360262 0.187565 0.360035 0.187565 0.358462 0.193407 0.358916 0.212915 0.345629 0.214262 0.346066 0.214922 0.358462 0.215764 0.360035 0.216269 0.364318 0.225933 0.353497 0.223277 0.349895 0.223109 0.342465 0.221606 0.340210 0.221606 0.334143 0.220427 0.331888 0.223109 0.324685 0.222085 0.323549 0.220920 0.318829 0.219935 0.319038 0.223109 0.316119 0.223925 0.316801 0.225285 0.317238 0.229598 0.317238 0.229456 0.335490 0.227927 0.335717 0.228264 0.351259 0.229767 0.349458 0.234106 0.353497 0.233938 0.358234 0.234961 0.358462 0.235609 0.364318 0.236464 0.365210 0.236788 0.374003 0.238122 0.374441 0.237940 0.380752 0.241801 0.381888 0.243122 0.378951 0.244132 0.355297 0.247474 0.354178 0.259637 0.365437 0.260816 0.365210 0.260816 0.370402 0.256813 0.373776 0.256464 0.387290 0.257487 0.389318 0.257487 0.392465 0.261153 0.393147 0.265972 0.385717 0.267150 0.386154 0.268161 0.384808 0.270661 0.390437 0.271645 0.394948 0.273316 0.396748 0.272979 0.401696 0.274003 0.403951 0.273653 0.407780 0.272979 0.408462 0.262137 0.408671 0.261321 0.407780 0.259974 0.406871 0.256127 0.400804 0.256127 0.400122 0.245285 0.392692 0.236295 0.392920 0.233290 0.390210 0.208756 0.381661 0.208096 0.377378 0.210091 0.375350 0.209080 0.373094 0.201399 0.373549 0.200583 0.375804 0.199417 0.374441 0.197241 0.373776 0.198575 0.372203 0.199080 0.369266 0.194223 0.364318 0.192720 0.366346 0.178718 0.393584 0.176218 0.393811 0.174028 0.389091
1 0.186490 0.391224 0.185324 0.391399 0.184806 0.393147 0.183769 0.393322 0.184028 0.397343 0.185712 0.397867 0.184806 0.403112 0.186360 0.404510 0.186101 0.407308 0.188562 0.407308 0.189469 0.409755 0.191412 0.409755 0.194391 0.405210 0.194391 0.401364 0.192189 0.401538 0.191801 0.398566 0.191801 0.394021 0.189469 0.393322 0.187915 0.393671
1 0.000000 0.438864 0.011671 0.443741 0.013756 0.442692 0.014404 0.441294 0.014016 0.435140 0.012966 0.433916 0.012837 0.425682 0.011801 0.425507 0.011541 0.415857 0.006606 0.416381 0.006218 0.421469 0.000000 0.429073
1 0.000000 0.450577 0.001399 0.450402 0.003873 0.453566 0.003744 0.454790 0.016995 0.472675 0.017124 0.477238 0.019858 0.477063 0.026360 0.485839 0.027915 0.485490 0.028303 0.491101 0.024404 0.494790 0.020376 0.494615 0.019598 0.491801 0.016736 0.491451 0.014663 0.499878 0.009858 0.500402 0.001930 0.507762 0.001010 0.513549 0.002578 0.514948 0.002837 0.517587 0.001140 0.518112 0.001010 0.540210 0.000000 0.540332
1 0.478083 0.402185 0.478083 0.404108 0.475751 0.403759 0.474845 0.405857 0.473938 0.406556 0.478860 0.410402 0.480285 0.410402 0.480285 0.404458
1 0.027137 0.570909 0.023756 0.575472 0.023756 0.577745 0.020376 0.581608 0.020376 0.585822 0.019598 0.586521 0.019210 0.590909 0.018433 0.592133 0.028174 0.592657 0.029080 0.593706 0.033640 0.594406 0.035194 0.596521 0.036360 0.592308 0.036749 0.590385 0.038964 0.588094 0.038834 0.585297 0.039870 0.584580 0.040130 0.581783 0.042215 0.579318 0.041166 0.576521 0.032073 0.577220
1 0.000000 0.627150 0.003225 0.627552 0.010117 0.653164 0.010246 0.659650 0.005298 0.658776 0.004780 0.657378 0.000000 0.657850
1 0.031295 0.669301 0.042863 0.682465 0.042863 0.687378 0.031813 0.694213 0.028692 0.693339 0.028562 0.692640 0.027526 0.692115 0.027137 0.678601 0.028303 0.678601 0.028562 0.673339 0.029870 0.672990 0.029611 0.669825
1 0.040259 0.817517 0.047280 0.827168 0.048964 0.829091 0.051567 0.829091 0.051697 0.827168 0.052863 0.826993 0.052992 0.820157 0.054430 0.819790 0.054301 0.816119 0.055855 0.815070 0.058070 0.814528 0.060920 0.810857 0.060790 0.808217 0.059883 0.807867 0.059236 0.806643 0.058459 0.806294 0.058070 0.803304 0.056891 0.801206 0.053251 0.800507 0.052992 0.794196 0.054430 0.792955 0.052992 0.791556 0.052474 0.790857 0.050661 0.790332 0.050661 0.792255 0.044676 0.791906 0.044417 0.793304 0.035842 0.793846 0.041036 0.786469 0.041425 0.783846 0.042863 0.783147 0.042863 0.779283 0.035324 0.774371 0.035194 0.768409 0.029870 0.758059 0.029469 0.746136 0.028821 0.746136 0.028044 0.740350 0.023756 0.740874 0.022850 0.743147 0.022202 0.741224 0.021153 0.743147 0.013096 0.743147 0.013096 0.744371 0.002448 0.744720 0.000881 0.747535 0.001658 0.751049 0.002448 0.751573 0.002448 0.756136 0.005168 0.758234 0.005427 0.762098 0.006865 0.762622 0.006736 0.765769 0.009067 0.767535 0.009326 0.773147 0.012578 0.776119 0.013355 0.781556 0.015311 0.782797 0.015311 0.786469 0.017642 0.787867 0.019080 0.787692 0.019858 0.790332 0.020635 0.787168 0.022073 0.787168 0.022591 0.800507 0.025842 0.804196 0.027137 0.803479 0.028821 0.802780 0.032073 0.802955 0.032332 0.805245 0.036878 0.810332 0.036231 0.812430 0.038316 0.812080 0.039870 0.813654
1 0.044806 0.883636 0.037927 0.909948 0.037798 0.915210 0.039223 0.917325 0.062876 0.910472 0.062228 0.902762 0.047539 0.882413
1 0.083264 0.918514 0.084430 0.917115 0.086762 0.917115 0.089611 0.912220 0.091036 0.912220 0.092720 0.910472 0.094275 0.912395 0.094275 0.916591 0.095829 0.914668 0.098420 0.915892 0.099845 0.918164 0.101269 0.918514 0.101010 0.923409 0.102176 0.925857 0.102824 0.927780 0.103860 0.934598 0.102306 0.936696 0.099585 0.937395 0.096995 0.940717 0.091425 0.940017 0.090518 0.942640 0.088316 0.942465 0.087021 0.943514 0.086891 0.948234 0.085596 0.949983 0.084948 0.952255 0.080933 0.952255 0.079896 0.950332 0.078860 0.952605 0.077306 0.952605 0.074067 0.948409 0.073808 0.946136 0.071865 0.944913 0.072642 0.941066 0.070440 0.940892 0.070181 0.937045 0.068109 0.937220 0.066554 0.935472 0.060207 0.934423 0.060207 0.931976 0.059689 0.926556 0.065389 0.922010 0.066036 0.919738 0.070699 0.913619 0.073290 0.913269 0.074067 0.912745 0.075881 0.912395 0.080674 0.915542
1 0.146606 0.934773 0.146606 0.949983 0.147902 0.951731 0.147642 0.965542 0.148679 0.967990 0.150233 0.972010 0.154378 0.972010 0.155026 0.967815 0.156451 0.968164 0.167591 0.956101 0.169534 0.956276 0.169534 0.952430 0.174974 0.945612 0.174326 0.941591 0.205285 0.951556 0.210207 0.969563 0.217591 0.959773 0.221477 0.959773 0.223031 0.957325 0.222642 0.953304 0.223938 0.952255 0.224067 0.947185 0.226010 0.947010 0.225751 0.942115 0.226658 0.940017 0.226917 0.936171 0.227694 0.935822 0.227694 0.929528 0.222642 0.929703 0.219922 0.922710 0.214223 0.923059 0.214093 0.926031 0.209819 0.931451 0.205415 0.931801 0.204637 0.933549 0.202824 0.933024 0.201010 0.930927 0.201010 0.929003 0.202435 0.928129 0.201658 0.916591 0.200881 0.916591 0.200751 0.902255 0.195699 0.902780 0.192202 0.898759 0.189741 0.898584 0.180674 0.909948 0.179249 0.908549 0.191166 0.868864 0.174845 0.869038 0.174845 0.869913 0.162668 0.870787 0.162280 0.873059 0.152047 0.873234 0.131451 0.861871 0.127047 0.863794 0.128601 0.868164 0.128342 0.877255 0.129637 0.878654 0.129896 0.887920 0.131192 0.891066 0.131062 0.897885 0.126528 0.900332 0.113316 0.896136 0.110078 0.898934 0.110337 0.901556 0.112280 0.903304 0.115518 0.926206 0.116943 0.931801 0.119534 0.931101 0.157228 0.880402 0.159041 0.880402 0.176528 0.912745 0.160078 0.934948 0.147513 0.927780 0.145181 0.930577
1 0.181619 0.851399 0.188873 0.850350 0.189262 0.847028 0.185505 0.837063 0.184987 0.832867 0.183044 0.828164 0.182526 0.819580 0.169443 0.819930 0.168536 0.822920 0.165039 0.823601 0.163873 0.821503 0.161801 0.822727 0.159858 0.825699 0.160246 0.830420 0.163225 0.832867 0.163225 0.851049 0.168795 0.857692 0.172811 0.855769 0.174883 0.853514
1 0.129637 0.764983 0.127370 0.762465 0.124974 0.763357 0.120440 0.761766 0.119378 0.749720 0.121503 0.748077 0.122979 0.748269 0.123109 0.751853 0.128433 0.752045 0.128834 0.750787 0.133497 0.752238 0.145479 0.759231 0.141891 0.765874 0.139352 0.765874 0.140687 0.768584 0.144145 0.772168 0.145078 0.772168 0.145220 0.768759 0.146813 0.768934 0.148808 0.772168 0.147746 0.773811 0.153472 0.780804 0.152940 0.785297 0.151075 0.785297 0.151477 0.793916 0.148549 0.793916 0.147876 0.795892 0.144547 0.795542 0.143886 0.798059 0.142021 0.797517 0.137630 0.801294 0.130026 0.800210 0.129495 0.798059 0.128031 0.795385 0.126567 0.795717 0.123769 0.790332 0.126308 0.789965 0.125635 0.784388 0.128562 0.782780 0.128031 0.777587 0.129637 0.777378
1 0.180907 0.746486 0.181179 0.748269 0.190492 0.774510 0.193562 0.774685 0.204883 0.757080 0.204741 0.754196 0.206075 0.748444 0.196619 0.748619 0.196490 0.746101
1 0.450687 0.318846 0.447319 0.318671 0.446801 0.319895 0.446153 0.320944 0.446671 0.323566 0.447578 0.324441 0.450168 0.323741 0.451205 0.322692 0.451593 0.321119
1 0.265609 0.752395 0.263212 0.774143 0.261619 0.775594 0.261477 0.788164 0.263614 0.788881 0.264806 0.791224 0.266813 0.791224 0.267215 0.789423 0.277992 0.781871 0.284922 0.781364 0.285453 0.779895 0.287189 0.779353 0.287319 0.776853 0.289313 0.776119 0.276269 0.757972 0.274806 0.758864 0.274404 0.755629 0.272798 0.755087 0.268938 0.749161
1 0.222060 0.795385 0.220868 0.797150 0.220466 0.800035 0.221658 0.802185 0.224987 0.803094 0.225389 0.804703 0.250298 0.804178 0.250557 0.803094 0.251231 0.801836 0.251231 0.799318 0.250298 0.798601 0.250026 0.793741 0.248562 0.793392 0.248562 0.789965 0.249365 0.789423 0.250155 0.788706 0.250026 0.784038 0.251490 0.782063 0.244171 0.775594 0.241244 0.768584 0.240168 0.768392 0.238705 0.765542 0.240039 0.763899 0.239508 0.755280 0.238977 0.755280 0.238303 0.751853 0.236049 0.749720 0.230855 0.749720 0.229249 0.752570 0.229521 0.761381 0.230453 0.762308 0.230984 0.766241 0.229922 0.767133 0.227915 0.771993 0.228459 0.776119 0.226982 0.776329 0.227254 0.782622 0.225920 0.782955 0.225920 0.788374 0.224326 0.789790 0.222863 0.791591
1 0.264145 0.840472 0.259754 0.840647 0.258951 0.843164 0.257085 0.844073 0.256684 0.848584 0.255220 0.850000 0.260687 0.859703 0.264016 0.860629 0.267876 0.853776 0.267604 0.845332 0.265479 0.846224
1 0.322345 0.838322 0.321010 0.839580 0.318614 0.845332 0.317681 0.851434 0.317150 0.862045 0.316619 0.862045 0.314754 0.865280 0.315026 0.867972 0.314352 0.867972 0.313290 0.866906 0.308756 0.867430 0.308497 0.870664 0.304767 0.872832 0.302098 0.876958 0.302098 0.879301 0.300764 0.881451 0.300635 0.883794 0.299041 0.884510 0.299301 0.888654 0.298238 0.889545 0.297979 0.892063 0.296775 0.892780 0.296503 0.902500 0.299171 0.902308 0.299832 0.903759 0.301839 0.903759 0.301969 0.908059 0.304637 0.911836 0.309430 0.912028 0.312358 0.907517 0.315687 0.907692 0.318614 0.902675 0.318744 0.897640 0.325013 0.896731 0.326736 0.894213 0.326736 0.891713 0.324741 0.891171 0.325142 0.886486 0.324741 0.885769 0.323549 0.882360 0.322617 0.880734 0.322617 0.875524 0.324210 0.874983 0.323938 0.872133 0.326205 0.871416 0.327008 0.870664 0.332863 0.870315 0.333536 0.868689 0.334728 0.868899 0.335531 0.869948 0.338731 0.867797 0.342720 0.866906 0.344715 0.864563 0.344054 0.862045 0.342992 0.859895 0.340324 0.859528 0.339391 0.857902 0.336995 0.858269 0.333135 0.852692 0.333135 0.849301 0.330868 0.850000 0.327267 0.844965 0.327668 0.842448 0.325272 0.842448
1 0.352306 0.829685 0.352306 0.819091 0.356969 0.819091 0.357111 0.815315 0.359508 0.810997 0.363238 0.812448 0.364158 0.816031 0.366166 0.816381 0.366295 0.818007 0.370026 0.817640 0.373484 0.812255 0.375091 0.812448 0.376412 0.810629 0.378679 0.813881 0.380013 0.813881 0.380013 0.817115 0.381606 0.818007 0.382008 0.819266 0.386412 0.819808 0.386010 0.824493 0.387202 0.824650 0.387202 0.826276 0.391205 0.826469 0.391062 0.828986 0.388536 0.832395 0.388938 0.838864 0.391062 0.841381 0.387876 0.843706 0.385609 0.843706 0.384275 0.845157 0.382811 0.846591 0.382008 0.853951 0.377617 0.853234 0.376412 0.850909 0.373614 0.856119 0.373225 0.861678 0.371360 0.863304 0.368692 0.864196 0.363769 0.855594 0.363769 0.853234 0.361503 0.850175 0.361503 0.847483 0.359365 0.845507 0.358705 0.841731 0.354313 0.837413 0.352578 0.836154 0.349650 0.830944
1 0.429067 0.682972 0.450712 0.712185 0.450842 0.714108 0.454339 0.718829 0.455635 0.718129 0.456541 0.719878 0.459650 0.720227 0.459909 0.716381 0.468860 0.668794 0.469896 0.667920 0.469896 0.664773 0.463808 0.665822 0.462902 0.667920 0.457319 0.671066 0.448769 0.670717 0.444482 0.673339 0.444482 0.674580 0.437228 0.674406 0.433472 0.676503 0.428549 0.678077
1 0.361788 0.645699 0.358161 0.641678 0.361788 0.635385 0.363601 0.636434 0.365415 0.633112 0.367228 0.633112 0.370466 0.636608 0.369819 0.639056 0.369041 0.639930 0.369689 0.642203 0.370725 0.643252 0.375272 0.642727 0.378122 0.646923 0.378381 0.661276 0.382137 0.669493 0.382008 0.671766 0.380194 0.671241 0.375661 0.677378 0.375790 0.679650 0.373199 0.682797 0.373070 0.684720 0.369948 0.688741 0.348303 0.659703 0.361010 0.649196
1 0.403912 0.679301 0.399896 0.678252 0.395233 0.683671 0.388873 0.683846 0.388614 0.669668 0.389909 0.669493 0.389780 0.656731 0.388744 0.656381 0.389132 0.654633 0.389521 0.637832 0.391477 0.635909 0.399378 0.641329 0.403394 0.641329 0.413251 0.657255 0.414547 0.657255 0.418692 0.652360 0.417655 0.651311 0.417267 0.643077 0.418433 0.643776 0.421153 0.639580 0.428031 0.639056 0.427513 0.655332 0.426205 0.657255 0.422578 0.657255 0.422189 0.658129 0.418692 0.658829 0.432306 0.669843 0.432435 0.671591 0.430622 0.673164 0.407021 0.695559 0.406244 0.694161 0.404430 0.694161
1 0.078316 0.707622 0.095920 0.707797 0.096049 0.717063 0.095013 0.717413 0.094508 0.726853 0.095402 0.728077 0.094754 0.729476 0.094754 0.733497 0.090220 0.743986 0.087759 0.739091 0.085440 0.738392 0.084391 0.735769 0.082202 0.735944 0.081153 0.738217 0.080764 0.736643 0.078044 0.735944 0.075725 0.728077 0.075324 0.721608 0.074028 0.720559 0.073782 0.718462 0.072733 0.717238 0.072733 0.710070 0.071697 0.708497 0.075453 0.705000 0.077785 0.705350
1 0.061477 0.653427 0.056943 0.653951 0.051360 0.664790 0.051360 0.667937 0.050194 0.668462 0.050194 0.670734 0.048523 0.672832 0.047474 0.675629 0.045661 0.677902 0.050712 0.682797 0.069754 0.682273 0.071567 0.681224 0.070013 0.677727 0.069495 0.673531
1 0.138795 0.623881 0.150855 0.624056 0.154210 0.628601 0.154093 0.632448 0.153174 0.632448 0.142940 0.662692 0.140091 0.662867 0.131930 0.651329 0.131801 0.646434 0.133873 0.646608 0.133614 0.642587 0.132448 0.641189 0.132073 0.634371 0.129858 0.632273 0.129598 0.627378 0.133744 0.623706 0.135311 0.623357 0.135557 0.626503 0.138666 0.625804
1 0.189443 0.629476 0.187889 0.631224 0.187772 0.645734 0.189067 0.647308 0.188018 0.649056 0.188018 0.651154 0.189443 0.651154 0.189715 0.656224 0.192163 0.660594 0.194896 0.660594 0.201749 0.651853 0.203044 0.652378 0.207966 0.644161 0.209003 0.647483 0.210687 0.647308 0.213536 0.642413 0.213407 0.640490 0.212500 0.639266 0.212111 0.635944 0.207578 0.636643 0.207060 0.638392 0.204858 0.638392 0.204611 0.636294 0.201749 0.636119 0.200453 0.634196 0.198899 0.634545 0.198381 0.632797 0.196438 0.632797 0.195544 0.630699 0.192811 0.630699 0.191775 0.629126
1 0.261438 0.971941 0.259236 0.973689 0.259236 0.975962 0.255997 0.980857 0.253795 0.981031 0.253666 0.983654 0.247837 0.991171 0.250039 0.993969 0.251075 0.996241 0.257293 0.998164 0.257358 1.000000 0.270311 1.000000 0.269987 0.989598 0.267526 0.985227 0.266878 0.980857 0.265453 0.979808 0.265453 0.975612 0.264417 0.974213 0.264288 0.972465
1 0.363601 1.000000 0.363510 0.994668 0.371671 0.985402 0.370246 0.983654 0.370246 0.981556 0.369728 0.980507 0.369728 0.976486 0.370894 0.973339 0.375687 0.973514 0.377630 0.976311 0.381256 0.977010 0.382811 0.978584 0.386826 0.978934 0.386567 0.986801 0.388769 0.988374 0.388510 0.991521 0.389935 0.993094 0.390052 1.000000
1 0.492267 0.898864 0.496153 0.898689 0.498096 0.896241 0.497966 0.890472 0.495635 0.888899 0.496541 0.886101 0.498225 0.883829 0.494339 0.876136 0.492396 0.877360 0.492267 0.872640 0.491490 0.872990 0.491231 0.870367 0.485661 0.870017 0.483847 0.868794 0.479702 0.868969 0.477370 0.873689 0.476075 0.876311 0.476075 0.878234 0.470764 0.879458 0.468821 0.882080 0.468692 0.887500 0.470894 0.890297 0.471541 0.895892 0.472707 0.895892 0.472707 0.902185 0.473744 0.902185 0.474909 0.899738 0.477370 0.900087 0.477630 0.901486 0.480220 0.902535 0.483588 0.907430 0.485013 0.907430 0.485402 0.903409 0.487992 0.903584 0.489288 0.900262
1 0.513510 0.893444 0.522837 0.893269 0.524521 0.896241 0.524521 0.898864 0.523614 0.898864 0.523096 0.905682 0.522448 0.905507 0.522060 0.913724 0.523355 0.914598 0.523096 0.916171 0.522448 0.918794 0.520117 0.920017 0.519469 0.926836 0.518044 0.928934 0.515842 0.928934 0.514935 0.926661 0.512474 0.926136 0.510013 0.922990 0.508329 0.922990 0.507940 0.921416 0.501852 0.920367 0.501464 0.917045 0.500039 0.916346 0.500168 0.911451 0.499003 0.910402 0.498744 0.907955 0.497060 0.907605 0.496412 0.904283 0.501464 0.897115 0.501464 0.895192 0.499909 0.894668 0.500946 0.892220 0.504702 0.892570 0.505479 0.890822 0.513122 0.890997
1 0.537863 0.919493 0.547448 0.918969 0.549262 0.921766 0.549003 0.926486 0.548096 0.927185 0.548096 0.929458 0.539288 0.946241 0.535142 0.945717 0.534365 0.943619 0.532422 0.943619 0.532422 0.937850 0.525557 0.920192 0.527370 0.918269 0.536567 0.918094
1 0.540142 0.801591 0.541956 0.814703 0.545324 0.824493 0.545065 0.831661 0.546360 0.833409 0.547396 0.836731 0.549080 0.838654 0.554391 0.834808 0.557759 0.832360 0.567085 0.817500 0.569028 0.816801 0.571101 0.810332 0.575117 0.809633 0.576412 0.811906 0.575246 0.813654 0.575246 0.816451 0.576541 0.816801 0.584702 0.817500 0.585091 0.816626 0.593510 0.816101 0.595324 0.812430 0.594158 0.810507 0.587552 0.800717 0.587422 0.798444 0.584961 0.796171 0.578355 0.795472 0.566049 0.765227 0.564106 0.765402 0.560479 0.773969 0.558277 0.774318 0.556723 0.777815 0.553225 0.778514 0.553225 0.780962 0.551801 0.781836 0.551930 0.784808 0.550376 0.786556 0.550246 0.796171 0.549469 0.797395 0.549080 0.798969 0.544547 0.798969 0.542992 0.797570
1 0.583536 0.970472 0.581075 0.970297 0.570324 0.979388 0.567215 0.979913 0.568251 0.981486 0.568640 0.983934 0.570972 0.983759 0.571619 0.985682 0.573303 0.985682 0.574469 0.987955 0.581334 0.992675 0.584702 0.992150 0.585868 0.990577 0.587163 0.989003 0.586904 0.985857 0.585091 0.983934 0.585350 0.973269
1 0.586127 0.927990 0.571360 0.909108 0.571231 0.905787 0.568640 0.903164 0.568640 0.898969 0.567474 0.897395 0.569417 0.896346 0.569676 0.895472 0.580816 0.894948 0.581723 0.893724 0.592733 0.893374 0.594547 0.895997 0.594158 0.898094 0.592733 0.898094 0.593122 0.902990 0.594547 0.905612 0.596490 0.905962 0.598692 0.908584 0.598433 0.911381 0.591956 0.920822 0.591567 0.930437 0.588847 0.929913 0.588070 0.928164
1 0.630816 0.938479 0.630816 0.928689 0.631982 0.926241 0.636127 0.926941 0.636127 0.929563 0.636386 0.929913 0.637163 0.930437 0.637293 0.943199 0.636516 0.943724 0.635479 0.951416 0.634054 0.951066 0.630946 0.944948 0.629780 0.944948 0.629521 0.939353
1 0.654909 0.907185 0.653355 0.907360 0.652578 0.909458 0.649598 0.909458 0.648044 0.911381 0.647526 0.916976 0.649339 0.916976 0.649210 0.936556 0.651023 0.936731 0.652060 0.939353 0.656205 0.938304 0.658148 0.942150 0.660479 0.942675 0.660997 0.943899 0.663199 0.943899 0.663329 0.940927 0.666567 0.936206 0.670972 0.936556 0.670972 0.926591 0.670194 0.926241 0.669417 0.909458 0.670583 0.909808 0.671878 0.910857 0.675894 0.910157 0.676671 0.909283 0.681075 0.908584 0.681334 0.902115 0.677319 0.899843 0.677060 0.897920 0.672655 0.898619 0.668640 0.903689 0.668640 0.908584 0.663588 0.909633 0.660220 0.904038 0.660220 0.902290 0.658018 0.902465
1 0.720583 0.933584 0.726541 0.933934 0.726801 0.939178 0.724987 0.939353 0.720842 0.945297 0.716956 0.945122 0.716308 0.943899 0.715142 0.943024 0.715272 0.934108 0.716697 0.931311 0.721101 0.931311
1 0.736645 0.884633 0.734313 0.884983 0.736516 0.888829 0.736645 0.892500 0.739754 0.895997 0.739754 0.898094 0.741179 0.900017 0.745842 0.899843 0.746619 0.902290 0.747785 0.900192 0.749339 0.899668 0.753614 0.894773 0.755039 0.894598 0.760997 0.887605 0.762940 0.887955 0.763588 0.885857 0.764106 0.885332 0.763588 0.880962 0.761775 0.880962 0.761775 0.877990 0.763070 0.877815 0.762681 0.870822 0.762163 0.870472 0.761645 0.861556 0.749987 0.861556 0.748562 0.860157 0.746619 0.859808 0.745842 0.857885 0.743899 0.858584 0.744288 0.861731 0.742604 0.862605 0.742733 0.872570 0.739365 0.876241 0.739365 0.878339 0.736904 0.880962
0 0.914793 0.778024 0.909741 0.785717 0.909611 0.789563 0.919974 0.790087 0.919974 0.787640 0.918420 0.786241 0.917254 0.782220 0.917254 0.780122
1 0.784184 0.965052 0.778744 0.965052 0.776801 0.967500 0.778355 0.968899 0.778744 0.972220 0.782370 0.977290 0.784573 0.973619 0.789883 0.977640 0.791308 0.970297 0.796749 0.964703 0.797655 0.965577 0.799080 0.968724 0.802707 0.968374 0.803873 0.970297 0.810479 0.962780 0.810220 0.959983 0.811904 0.959808 0.813588 0.957185 0.813329 0.947220 0.814106 0.946696 0.814883 0.943899 0.816438 0.943549 0.815920 0.941276 0.815013 0.940752 0.814495 0.938829 0.808666 0.939003 0.808148 0.936206 0.798821 0.937080 0.797655 0.935857 0.791956 0.935857 0.788718 0.939178 0.789365 0.941801 0.791438 0.944248 0.789495 0.946346 0.791567 0.947920 0.791179 0.951766 0.793122 0.952640 0.793122 0.953689 0.789495 0.959808 0.787681 0.959983
1 0.823433 0.912605 0.816956 0.913129 0.819806 0.916976 0.820065 0.919423 0.821878 0.919423 0.822137 0.920822 0.828744 0.921346 0.828614 0.914528 0.824210 0.914178
1 0.829132 0.935157 0.829003 0.937080 0.827060 0.937080 0.826671 0.938829 0.825246 0.939178 0.827060 0.941626 0.827060 0.943899 0.828355 0.944773 0.829003 0.946521 0.832500 0.946696 0.832630 0.944773 0.839624 0.940402 0.839365 0.937430 0.838199 0.936906 0.837811 0.935857
1 0.888588 0.971171 0.893381 0.971696 0.893769 0.970297 0.895712 0.969773 0.896490 0.968199 0.899728 0.967850 0.900505 0.966976 0.902189 0.967850 0.902578 0.968549 0.902578 0.973444 0.903614 0.974668 0.904132 0.979388 0.903225 0.981486 0.902966 0.988654 0.904391 0.989353 0.902966 0.991626 0.904132 0.992850 0.903925 1.000000 0.880544 1.000000 0.880946 0.996521 0.882630 0.996871 0.882241 0.992150 0.880427 0.988129 0.877966 0.988304 0.877966 0.984108 0.879391 0.984108 0.879391 0.980787 0.881723 0.980437 0.882111 0.975017 0.883536 0.975192 0.883277 0.971171 0.884702 0.969773
1 0.932889 0.953339 0.941438 0.953339 0.941308 0.965227 0.937940 0.964878 0.933148 0.957185
1 0.822526 0.875017 0.822267 0.869248 0.820972 0.868374 0.818251 0.866801 0.819158 0.865402 0.829132 0.859283 0.834054 0.852115 0.835479 0.853689 0.836256 0.851766 0.840402 0.851766 0.840402 0.857185 0.841567 0.857360 0.841567 0.860157 0.842474 0.860157 0.842863 0.863654 0.847267 0.870472 0.846878 0.874318 0.834313 0.882535 0.834184 0.891101 0.833018 0.891626 0.833407 0.896521 0.830427 0.899493 0.829909 0.903514 0.829262 0.904563 0.828744 0.906836 0.827966 0.907010 0.826282 0.904213 0.825635 0.902990 0.824728 0.903514 0.824080 0.901941 0.822396 0.900367 0.824598 0.898794 0.826930 0.897745 0.828225 0.895472 0.827578 0.894248 0.820324 0.885857 0.819806 0.882535 0.821878 0.881836 0.820972 0.876766
1 0.851930 0.868374 0.850117 0.868549 0.849339 0.867675 0.851282 0.865402 0.854391 0.865227 0.856982 0.869423 0.856723 0.870997 0.858277 0.873269 0.858795 0.877115 0.860220 0.878164 0.859961 0.881661 0.859313 0.882710 0.857889 0.884808 0.856334 0.884283 0.854391 0.878514 0.853355 0.875892 0.852189 0.875892
1 0.892992 0.876941 0.890790 0.877465 0.894547 0.870997 0.897267 0.870297 0.897267 0.868724 0.899728 0.869248 0.904909 0.860857 0.906593 0.861031 0.911127 0.854388 0.914883 0.854388 0.918122 0.859633 0.918122 0.861381 0.919288 0.862780 0.918251 0.864178 0.919935 0.866276 0.918510 0.867850 0.918251 0.884458 0.917215 0.884983 0.917474 0.890752 0.913588 0.895122 0.912552 0.893549 0.910997 0.893024 0.905168 0.886556 0.901023 0.881836 0.897915 0.881136 0.894935 0.881311
1 0.987940 0.934808 0.981982 0.935507 0.980427 0.937780 0.980557 0.947395 0.983666 0.949843 0.987034 0.949493 0.988977 0.950892 0.991308 0.951066 0.989754 0.948094 0.989495 0.940927 0.988459 0.940752
1 0.345272 0.039161 0.371567 0.037465 0.373446 0.041259 0.362435 0.074301 0.358420 0.074301 0.343653 0.042483
1 0.567047 0.097797 0.567694 0.099720 0.569378 0.099371 0.572746 0.103217 0.571839 0.104965 0.578316 0.113007 0.582979 0.114056 0.582461 0.108986 0.583756 0.108462 0.584404 0.104615 0.585052 0.104790 0.585440 0.098497 0.586736 0.099021 0.586736 0.096224 0.587902 0.095350 0.587902 0.092028 0.589715 0.090629 0.589197 0.088357 0.588808 0.088357 0.587124 0.085734 0.582202 0.086084 0.581943 0.088182 0.573135 0.087308 0.573264 0.085734 0.572487 0.085385 0.572228 0.081014 0.573005 0.079790 0.573912 0.078392 0.577150 0.077343 0.582073 0.070000 0.583756 0.070524 0.583886 0.068776 0.588549 0.067902 0.589845 0.065804 0.591010 0.064056 0.589326 0.063706 0.590492 0.062483 0.590622 0.054615 0.580259 0.042028 0.580130 0.038007 0.576244 0.033811 0.570026 0.033462 0.569637 0.035210 0.568342 0.033112 0.566399 0.032762 0.565492 0.031713 0.563549 0.031538 0.563549 0.032937 0.561088 0.033636 0.560699 0.039231 0.563808 0.042203 0.563679 0.047972 0.564845 0.049196 0.564845 0.052517 0.562772 0.052168 0.563031 0.061783 0.561865 0.061783 0.556036 0.059336 0.552798 0.062308 0.551503 0.066329 0.550596 0.067552 0.550207 0.072797 0.543083 0.078042 0.542953 0.083811 0.544378 0.084336 0.544119 0.095000 0.545285 0.096399 0.545285 0.101294 0.548135 0.105839 0.551632 0.106014 0.553705 0.104441 0.555907 0.104615 0.558238 0.103741 0.559404 0.102692 0.559922 0.101469 0.561865 0.101469 0.563031 0.099371 0.563161 0.099545 0.564067 0.099545 0.565492 0.097797
1 0.630402 0.039860 0.652681 0.048951 0.655142 0.048776 0.655531 0.054895 0.653329 0.058217 0.653329 0.061713 0.647500 0.065385 0.647500 0.069755 0.644909 0.071329 0.644003 0.072028 0.643873 0.075175 0.641541 0.075000 0.636490 0.082343 0.635324 0.081993 0.633899 0.084615 0.633122 0.081643 0.628459 0.082168 0.627552 0.080245 0.626516 0.078671 0.627034 0.076573 0.627940 0.074825 0.628329 0.071503 0.629754 0.071853 0.629495 0.055944 0.625738 0.055769 0.625738 0.054545 0.628199 0.054895 0.627940 0.051049 0.626516 0.050699 0.627163 0.047552 0.628588 0.047028 0.628718 0.046154 0.626904 0.045455 0.626904 0.042133 0.628329 0.040385
1 0.643873 0.076573 0.647759 0.081294 0.647759 0.083217 0.650868 0.087413 0.652293 0.087413 0.652811 0.090385 0.655272 0.090734 0.655142 0.095280 0.656956 0.097902 0.660324 0.097203 0.660712 0.099301 0.663692 0.099825 0.666412 0.103322 0.669391 0.103322 0.671723 0.099476 0.672370 0.093182 0.673795 0.093007 0.673666 0.088811 0.674313 0.088112 0.674443 0.075175 0.676127 0.075000 0.675868 0.068007 0.677163 0.068007 0.677034 0.065035 0.675868 0.065385 0.675609 0.062587 0.673795 0.062587 0.672241 0.061189 0.673536 0.058566 0.670557 0.055245 0.671723 0.054021 0.673666 0.054021 0.672630 0.053147 0.671723 0.050699 0.666153 0.050699 0.665505 0.052098 0.663692 0.052098 0.662396 0.055420 0.659676 0.056119 0.657215 0.059965 0.655142 0.059615 0.653718 0.062413 0.651904 0.062762 0.650479 0.065734 0.649054 0.066608 0.649054 0.069930 0.645168 0.070105 0.645039 0.074301
1 0.697759 0.027098 0.698277 0.017483 0.700868 0.017133 0.700868 0.013986 0.702293 0.011538 0.701645 0.011014 0.699961 0.009091 0.696593 0.010315 0.695557 0.014510 0.693614 0.015210 0.692707 0.017483 0.691671 0.015385 0.686619 0.015909 0.686490 0.017133 0.685194 0.017308 0.683122 0.014685 0.681179 0.016434 0.681049 0.017657 0.679495 0.015909 0.678718 0.016608 0.676645 0.015559 0.676386 0.017133 0.665376 0.017483 0.665376 0.019755 0.662267 0.019406 0.660842 0.022902 0.664210 0.022203 0.664598 0.024650 0.666801 0.025524 0.664598 0.027098 0.664339 0.028846 0.665635 0.029895 0.666023 0.030594 0.669521 0.030769 0.668225 0.035664 0.674054 0.043531 0.672500 0.045804 0.675738 0.046329 0.676516 0.051748 0.678459 0.052273 0.681049 0.055769 0.681049 0.059266 0.685065 0.059615 0.685324 0.057867 0.687655 0.057168 0.687526 0.051748 0.689080 0.052098 0.689080 0.047902 0.691930 0.045979 0.697630 0.045455 0.700091 0.041608 0.701645 0.042133 0.702034 0.032692 0.701127 0.031119 0.700479 0.028322
1 0.775233 0.084196 0.744003 0.068392 0.741399 0.069965 0.741528 0.074178 0.745039 0.115472 0.746075 0.114930 0.746347 0.119336 0.750376 0.124598 0.770427 0.101416 0.778886 0.101591 0.781360 0.104580 0.785777 0.104580 0.786295 0.106154 0.790207 0.106503 0.795026 0.109843 0.795803 0.113182 0.798925 0.114056 0.799702 0.117220 0.800738 0.115822 0.803614 0.114580 0.805829 0.114231 0.805959 0.110367 0.807124 0.110192 0.807383 0.100524 0.808692 0.099650 0.808161 0.087185 0.809598 0.084720 0.809728 0.072780 0.811036 0.070664 0.808433 0.070664 0.807642 0.068741 0.799573 0.068042 0.798666 0.070839 0.797228 0.069615 0.796710 0.072605 0.795155 0.069441 0.793588 0.071731 0.792021 0.073129 0.789948 0.074003 0.790207 0.075420 0.787992 0.074528 0.788238 0.077168 0.784339 0.076469 0.783964 0.078934 0.781490 0.078042 0.781995 0.079808 0.779663 0.079808 0.780052 0.082622 0.776282 0.082080
1 0.826256 0.029913 0.833679 0.029213 0.837720 0.036591 0.837720 0.040979 0.841878 0.045542 0.841878 0.050647 0.843446 0.051521 0.843575 0.053811 0.844741 0.054510 0.844741 0.058199 0.843575 0.059948 0.843575 0.064878 0.841231 0.062413 0.839145 0.063112 0.838756 0.065227 0.838355 0.062413 0.834845 0.063287 0.834197 0.065227 0.832902 0.062937 0.831334 0.065052 0.829378 0.064336 0.829119 0.062762 0.817927 0.062413 0.816878 0.061189 0.815583 0.061189 0.815065 0.059423 0.812461 0.059598 0.812060 0.054161 0.810622 0.051346 0.810907 0.049580 0.813225 0.048357 0.812850 0.046241 0.810117 0.047133 0.809987 0.042745 0.812060 0.042920 0.826127 0.032552
1 0.888601 0.072080 0.889132 0.069441 0.898484 0.069965 0.900583 0.073129 0.902409 0.073654 0.902927 0.076294 0.902137 0.076818 0.901231 0.085070 0.900065 0.086311 0.901360 0.087185 0.900324 0.089458 0.900324 0.091573 0.902798 0.094388 0.903187 0.107552 0.899935 0.111416 0.898627 0.111416 0.892902 0.115997 0.892383 0.118444 0.891075 0.120210 0.889637 0.118444 0.887694 0.118619 0.887565 0.120559 0.883005 0.120734 0.881710 0.114755 0.880674 0.116871 0.876891 0.112832 0.876891 0.110367 0.874417 0.109843 0.874806 0.102465 0.873122 0.101591 0.873368 0.097378 0.872604 0.098427 0.871943 0.096311 0.870648 0.096486 0.869469 0.098252 0.869339 0.094388 0.867111 0.093864 0.866736 0.088759 0.865311 0.088059 0.865440 0.084371 0.867267 0.084545 0.869728 0.079808 0.871166 0.082797 0.873122 0.076993 0.876114 0.077343 0.877008 0.079633 0.878316 0.076643 0.882876 0.076818 0.883795 0.075227 0.886658 0.075052
1 0.965699 0.000000 0.967487 0.001976 0.967617 0.006189 0.969041 0.007255 0.969171 0.011818 0.967876 0.012168 0.968135 0.017448 0.969041 0.018846 0.969313 0.020769 0.972565 0.019196 0.974119 0.020594 0.978290 0.023409 0.979067 0.025874 0.979456 0.035175 0.982306 0.038339 0.995078 0.028164 0.997163 0.024458 1.000000 0.024773 1.000000 0.000000
1 0.983497 0.048357 0.976982 0.039406 0.974249 0.040804 0.974119 0.042378 0.971917 0.041678 0.971775 0.044843 0.966036 0.050997 0.966036 0.053986 0.961088 0.061713 0.962668 0.063112 0.963316 0.066276 0.970479 0.065577 0.974249 0.070140 0.976062 0.067675 0.977370 0.067500 0.981671 0.073479 0.983497 0.070490 0.990389 0.070664 0.991308 0.067675 0.992215 0.066801 0.991166 0.059948 0.993640 0.057675 0.991308 0.056958 0.990790 0.055210 0.988964 0.058199 0.986490 0.057133 0.986360 0.053811 0.983756 0.053094 0.982850 0.051171 0.981671 0.050647 0.981671 0.048357
1 0.743990 0.139528 0.765233 0.166276 0.765233 0.170472 0.763938 0.172570 0.761218 0.172745 0.758497 0.176591 0.753705 0.176416 0.753057 0.178514 0.743472 0.177815 0.743083 0.179913 0.738549 0.179738 0.733627 0.171521 0.731036 0.171171 0.730648 0.167500 0.728705 0.167850 0.728187 0.164353 0.736865 0.154913 0.737383 0.152465 0.739326 0.153164 0.739585 0.146521 0.741658 0.147045 0.740881 0.143724 0.743601 0.143374
1 0.713290 0.229388 0.715492 0.226591 0.718601 0.226941 0.718731 0.229388 0.723912 0.236031 0.724301 0.239003 0.726632 0.241451 0.727150 0.240752 0.728057 0.242850 0.731425 0.247745 0.732073 0.249318 0.732073 0.251591 0.733886 0.251241 0.738420 0.258584 0.738420 0.260157 0.740233 0.260857 0.740622 0.262430 0.739715 0.262780 0.739715 0.265927 0.735440 0.265577 0.735311 0.269073 0.731295 0.274318 0.729093 0.274143 0.726373 0.277115 0.722228 0.277815 0.720415 0.279388 0.719508 0.279388 0.719119 0.277465 0.718342 0.276241 0.717176 0.273619 0.715233 0.275542 0.713031 0.277115 0.711606 0.273619 0.709663 0.276941 0.709404 0.269598 0.698912 0.268549 0.698912 0.267150 0.701244 0.266976 0.700466 0.264703 0.699560 0.263304 0.699430 0.259808 0.696969 0.258584 0.697228 0.251591 0.696062 0.251591 0.695674 0.249493 0.696969 0.249143 0.696451 0.245122 0.694896 0.245647 0.693731 0.243724 0.689456 0.243724 0.688938 0.240577 0.690233 0.240577 0.690363 0.238304 0.689326 0.238129 0.688938 0.234808 0.686995 0.233934 0.686606 0.229038 0.688679 0.229213 0.688938 0.221696 0.691917 0.221871 0.691788 0.223794 0.698135 0.223269 0.698135 0.221521 0.704611 0.220647 0.704611 0.223094 0.708627 0.223094 0.708627 0.225367 0.709922 0.225017 0.709922 0.227115 0.711606 0.226941
1 0.656554 0.428514 0.656684 0.398094 0.668083 0.404563 0.675855 0.405787 0.676114 0.454038 0.674560 0.457885 0.663679 0.458234 0.658756 0.452465 0.654093 0.453164 0.653446 0.454213 0.652798 0.462430 0.646839 0.473969 0.645674 0.471696 0.644249 0.471171 0.625596 0.437955 0.626373 0.435857 0.635959 0.435682 0.635829 0.433234 0.650855 0.433059 0.652280 0.431486 0.655130 0.431661
1 0.678834 0.416101 0.679223 0.422395 0.675725 0.424143 0.676503 0.426241 0.678057 0.424318 0.679870 0.424318 0.680000 0.426241 0.681813 0.426591 0.682591 0.425367 0.687383 0.424318 0.688290 0.423444 0.690881 0.421871 0.693860 0.420122 0.694896 0.419598 0.698264 0.418899 0.700984 0.413304 0.697746 0.407885 0.700078 0.406311 0.699948 0.402990 0.694119 0.398094 0.684275 0.398269 0.682073 0.401241 0.684145 0.404038 0.681036 0.405962 0.681813 0.408234 0.682850 0.408934 0.683627 0.413654
1 0.810687 0.187622 0.818057 0.179231 0.825829 0.180105 0.825583 0.185350 0.825972 0.186923 0.826101 0.199860 0.824806 0.201783 0.824028 0.203531 0.820790 0.201958 0.820402 0.200559 0.817681 0.202657 0.815609 0.200035 0.812111 0.197937 0.811982 0.195140 0.810168 0.194091
1 0.674171 0.315927 0.668472 0.316451 0.652539 0.330262 0.656554 0.334633 0.657073 0.337605 0.655648 0.339353 0.655518 0.349318 0.674560 0.359983 0.681295 0.359633 0.681684 0.352115 0.682591 0.350542 0.682461 0.346346 0.690104 0.339178 0.692047 0.339178 0.691140 0.336731 0.690233 0.334108 0.688031 0.332360 0.690363 0.331486 0.690751 0.325717 0.691917 0.323969 0.687513 0.319598 0.680000 0.319773 0.678834 0.318549 0.674948 0.318724
1 0.607720 0.258759 0.617565 0.258409 0.618601 0.260332 0.619896 0.259108 0.620544 0.259983 0.624171 0.260157 0.624171 0.268549 0.615104 0.286381 0.611088 0.286206 0.606166 0.276416 0.608238 0.275892 0.607979 0.272395 0.605130 0.272745 0.602280 0.264353 0.602668 0.260507 0.607254 0.260140
1 0.476632 0.289703 0.476503 0.297045 0.472876 0.303864 0.473135 0.307710 0.476114 0.307885 0.476891 0.309283 0.495026 0.309808 0.494896 0.303339 0.494119 0.302290 0.493342 0.297570 0.492435 0.296521 0.492306 0.290752 0.493860 0.290052 0.493472 0.284633 0.492306 0.283584 0.491917 0.270997 0.490363 0.271171 0.491010 0.262430 0.489845 0.262080 0.489845 0.259108 0.487642 0.258409 0.487124 0.256836 0.483368 0.257185 0.474171 0.265577 0.470933 0.265402 0.469508 0.266976 0.467694 0.267850 0.467306 0.269948 0.465363 0.271521 0.467435 0.272920 0.468083 0.275542 0.464585 0.279038 0.471710 0.287780
1 0.548005 0.272045 0.548005 0.269773 0.550855 0.265402 0.555130 0.265577 0.556036 0.263829 0.561347 0.263829 0.563161 0.262080 0.573135 0.262080 0.573912 0.263129 0.576891 0.263304 0.576632 0.269248 0.575337 0.269773 0.575466 0.272570 0.574430 0.272745 0.574041 0.275192 0.573912 0.277640 0.576244 0.277640 0.576632 0.276591 0.578575 0.276766 0.578834 0.281836 0.575596 0.280787 0.574948 0.278864 0.573782 0.279913 0.573653 0.284108 0.574948 0.284458 0.575337 0.286906 0.569249 0.295997 0.568472 0.301241 0.566269 0.305787 0.561995 0.305437 0.560699 0.302290 0.559275 0.302465 0.556554 0.298444 0.553575 0.299143 0.553834 0.301066 0.549301 0.307185 0.549819 0.308409 0.546321 0.309983 0.545415 0.311381 0.540233 0.311206 0.537124 0.301066 0.536088 0.303689 0.532073 0.299143 0.534922 0.298794 0.535181 0.292500 0.532591 0.288829 0.532332 0.286906 0.529870 0.283234 0.530000 0.277115 0.536477 0.274493 0.543472 0.274143 0.544378 0.272395
1 0.141179 0.480350 0.139754 0.480350 0.138329 0.478077 0.134961 0.478252 0.134573 0.480000 0.130168 0.480874 0.129521 0.481573 0.125635 0.482273 0.125635 0.487168 0.126801 0.488392 0.126930 0.490839 0.135091 0.501678 0.137163 0.501853 0.137163 0.499231 0.138199 0.498007 0.138588 0.494685 0.139754 0.493811 0.139495 0.487517 0.141567 0.487692
1 0.097008 0.560769 0.094288 0.556748 0.091697 0.556923 0.088588 0.561294 0.083795 0.562692 0.083277 0.564615 0.084702 0.565839 0.084054 0.571608 0.085738 0.574406 0.085609 0.585944 0.086386 0.586818 0.085220 0.589965 0.087422 0.591888 0.087163 0.595035 0.087811 0.596084 0.087811 0.598531 0.089495 0.600804 0.092733 0.601503 0.097655 0.594860 0.099469 0.594685 0.101153 0.590839 0.100764 0.588916 0.111904 0.576503 0.111904 0.574056 0.112422 0.574056 0.112940 0.567937 0.109832 0.567762 0.108407 0.566888 0.105039 0.566189 0.104391 0.564615 0.102837 0.566538 0.102189 0.563566 0.097267 0.564266
0 0.806917 0.263392 0.803161 0.274930 0.812617 0.275280 0.814171 0.273357 0.812876 0.271783 0.810803 0.266364
0 0.743394 0.268007 0.743446 0.278951 0.745259 0.281923 0.755881 0.273182 0.747461 0.266014
1 0.471218 0.418094 0.477694 0.417745 0.478990 0.419318 0.477953 0.425262 0.475363 0.427535 0.473679 0.426661 0.472513 0.425612 0.470699 0.425962 0.471218 0.422465 0.468756 0.420192 0.470311 0.419668
1 0.416969 0.335122 0.416710 0.348234 0.420725 0.353479 0.422280 0.352430 0.423705 0.351206 0.429016 0.344913 0.428886 0.341766 0.425259 0.337220 0.423316 0.337920 0.422409 0.336696
1 0.141438 0.536119 0.144547 0.536294 0.144935 0.534720 0.147137 0.534895 0.149469 0.531049 0.149210 0.529650 0.151541 0.527203 0.159961 0.537692 0.161516 0.537867 0.161775 0.540140 0.170583 0.540315 0.172655 0.543636 0.169935 0.546958 0.170194 0.551329 0.168899 0.551329 0.168899 0.553776 0.164754 0.557622 0.164624 0.560944 0.162552 0.562168 0.162163 0.566713 0.156852 0.573182 0.153225 0.572832 0.150635 0.569860 0.150376 0.565664 0.148303 0.565140 0.147396 0.561993 0.146231 0.560594 0.146360 0.557273 0.141438 0.551503 0.141308 0.547657 0.140272 0.546259 0.139883 0.541888 0.141697 0.542238
1 0.209313 0.555524 0.205687 0.550105 0.206075 0.543462 0.210479 0.543636 0.210997 0.541713 0.214624 0.541189 0.214754 0.540140 0.223951 0.539790 0.224210 0.538566 0.232889 0.537867 0.233148 0.547308 0.232111 0.548007 0.232111 0.555699 0.227966 0.558322 0.226801 0.561294 0.223692 0.561294 0.207889 0.573531 0.205946 0.573007 0.204780 0.570385 0.204780 0.569510 0.202189 0.564965 0.202189 0.560070 0.204391 0.557972 0.207111 0.557972 0.208666 0.560245
1 0.288329 0.574406 0.286516 0.572483 0.286127 0.567937 0.288459 0.566713 0.291179 0.566713 0.291308 0.568287 0.296490 0.567413 0.296619 0.569510 0.298692 0.569161 0.298692 0.568462 0.302448 0.568811 0.306205 0.564615 0.309443 0.565140 0.309573 0.568811 0.310868 0.570559 0.310738 0.574580 0.309702 0.575804 0.311127 0.577552 0.309961 0.578601 0.309443 0.606224 0.304132 0.611818 0.301930 0.611469 0.281982 0.583147 0.283277 0.582448 0.285220 0.582273 0.285220 0.580000 0.287163 0.579476 0.285738 0.576503 0.287422 0.576678
1 0.274080 0.526154 0.250635 0.543112 0.249858 0.546084 0.255427 0.553427 0.257889 0.553601 0.259443 0.556399 0.261645 0.556399 0.265013 0.561469 0.266826 0.561294 0.268122 0.564790 0.270194 0.564441 0.273044 0.569161 0.276412 0.578427 0.281593 0.572657 0.282370 0.570385 0.283277 0.569510 0.283277 0.566189 0.280816 0.566364 0.280039 0.564615 0.279780 0.563042 0.280946 0.563042 0.279780 0.560420 0.279650 0.553252 0.281464 0.552203 0.280557 0.548706 0.282759 0.545385 0.289236 0.544510 0.290661 0.547133 0.291697 0.545559 0.293640 0.545035 0.295065 0.543112 0.295065 0.539790 0.297396 0.538392 0.298044 0.531748 0.297267 0.531399 0.295842 0.529126 0.295583 0.525455 0.289365 0.515490 0.298044 0.506049 0.274987 0.481573 0.273174 0.482797 0.273562 0.485070 0.271749 0.485944 0.272396 0.503077 0.270583 0.505175 0.270583 0.507098 0.267992 0.510769 0.267992 0.516364 0.269676 0.518636 0.271490 0.520559 0.273562 0.520909 0.275117 0.523007
1 0.353614 0.554126 0.359313 0.553951 0.361386 0.556923 0.361516 0.576678 0.366308 0.584895 0.366438 0.588741 0.362293 0.588916 0.361256 0.591364 0.349858 0.591014 0.349080 0.592937 0.347785 0.591014 0.346490 0.590140 0.347785 0.587168 0.347137 0.585245 0.344806 0.583497 0.343251 0.584545 0.339106 0.577203 0.339106 0.574580 0.338329 0.573531 0.338070 0.570035 0.337422 0.569510 0.336904 0.561294 0.339106 0.561119 0.339365 0.559196 0.342215 0.559196 0.342215 0.557448 0.345583 0.558322 0.345712 0.556049 0.354391 0.556049
1 0.360738 0.540140 0.365531 0.539965 0.367085 0.536993 0.356982 0.516713 0.355687 0.517063 0.354262 0.515664 0.350894 0.519685 0.351023 0.521783 0.349080 0.523182 0.349987 0.526503 0.347396 0.529650 0.347526 0.535070 0.345972 0.536294 0.345842 0.539266 0.347008 0.540315 0.348044 0.541888 0.360220 0.542238
1 0.416956 0.477552 0.422396 0.524406 0.423174 0.528601 0.420065 0.532797 0.383925 0.513042 0.383795 0.509196 0.413718 0.478427
1 0.443381 0.485769 0.446878 0.491014 0.448433 0.490839 0.459832 0.504301 0.460738 0.503776 0.461516 0.506748 0.462422 0.507448 0.457889 0.513566 0.456852 0.544860 0.440661 0.531224 0.436904 0.527203 0.436904 0.524755 0.438329 0.524755 0.438070 0.522657 0.437681 0.522483 0.437034 0.510420 0.438070 0.510420 0.438070 0.492587 0.439495 0.493287 0.439106 0.486469
1 0.400635 0.172850 0.402707 0.173899 0.402319 0.167080 0.394676 0.157290 0.393122 0.156591 0.386775 0.148724 0.381723 0.147325 0.375894 0.156766 0.371490 0.157640 0.371878 0.160962 0.369806 0.161136 0.368381 0.162885 0.366438 0.162185 0.364236 0.167955 0.367863 0.171101 0.368122 0.175647 0.370453 0.174773 0.375376 0.182290 0.377189 0.183164 0.385091 0.193304 0.386386 0.193654 0.389365 0.192430 0.391308 0.192255 0.384443 0.221276 0.385738 0.224773 0.392604 0.225647 0.394288 0.223899 0.416308 0.214983 0.416049 0.210437 0.414495 0.208339 0.415272 0.205017 0.419547 0.205017 0.423692 0.211836 0.423692 0.214808 0.428614 0.221276 0.432500 0.217430 0.432759 0.214633 0.444288 0.190157 0.444288 0.182990 0.442863 0.180717 0.433925 0.181591 0.432889 0.179668 0.423433 0.179493 0.422396 0.178794 0.415013 0.178269 0.412811 0.180892 0.414106 0.181766 0.413588 0.184038 0.414754 0.185612 0.414495 0.188934 0.406982 0.198199 0.401412 0.191206 0.401671 0.189458 0.399210 0.188584 0.399210 0.185612 0.402060 0.182640 0.401930 0.178094 0.400246 0.178269
0 0.393782 0.298584 0.386140 0.306451 0.386010 0.308899 0.388212 0.309948 0.393523 0.314143 0.395984 0.314143 0.396891 0.312570 0.398187 0.306976 0.397409 0.303654 0.396373 0.303479 0.396373 0.300157
1 0.463562 0.153636 0.463562 0.159056 0.464339 0.161329 0.464987 0.163951 0.466036 0.164476 0.466282 0.167797 0.467448 0.168322 0.467189 0.171993 0.469132 0.172867 0.468368 0.175315 0.470311 0.177063 0.473018 0.180385 0.475609 0.181434 0.476399 0.181434 0.476516 0.172168 0.475751 0.171469 0.475220 0.167448 0.473925 0.166748 0.473925 0.163427 0.472902 0.162378 0.472759 0.159231 0.471865 0.158007 0.471464 0.155909 0.470311 0.154685 0.469780 0.151713 0.466930 0.152063 0.466036 0.153986
1 0.516801 0.138252 0.518497 0.138252 0.519909 0.135804 0.520829 0.137552 0.523795 0.137727 0.524715 0.138951 0.527034 0.139476 0.539339 0.156434 0.538692 0.160280 0.537021 0.162902 0.535194 0.162902 0.534430 0.164126 0.533782 0.175839 0.532098 0.178287 0.517202 0.178287 0.517202 0.179685 0.513433 0.180035 0.512785 0.178636 0.510583 0.177937 0.510324 0.175490 0.512137 0.174790 0.512021 0.169371 0.512526 0.169895 0.512915 0.164126 0.515000 0.163776 0.514469 0.151538 0.515376 0.151713 0.514728 0.142972 0.517319 0.143147
1 0.913264 0.176608 0.913653 0.183427 0.911710 0.183601 0.912098 0.190245 0.912876 0.191294 0.913782 0.193916 0.915337 0.193741 0.915337 0.196364 0.914430 0.197238 0.914819 0.202657 0.917021 0.203007 0.917409 0.206678 0.918834 0.207203 0.917021 0.208776 0.917280 0.210350 0.915207 0.210699 0.914041 0.208601 0.911451 0.209825 0.910285 0.212448 0.910933 0.216294 0.912876 0.217692 0.913912 0.215420 0.918316 0.214371 0.918187 0.213322 0.919093 0.216818 0.919870 0.219615 0.922332 0.223112 0.924275 0.219965 0.929585 0.217867 0.929974 0.214895 0.933731 0.208252 0.936839 0.207552 0.937617 0.203881 0.943446 0.201084 0.944223 0.194441 0.947073 0.191294 0.947073 0.188147 0.944741 0.188497 0.944093 0.185175 0.941891 0.185175 0.941373 0.182902 0.937228 0.183427 0.935544 0.182028 0.934378 0.182028 0.934119 0.179580 0.928549 0.179755 0.924404 0.174336 0.922073 0.174860 0.920907 0.172762 0.920389 0.173811 0.920389 0.176084 0.918316 0.176608 0.917409 0.174510 0.915207 0.174510
1 0.954974 0.228531 0.954715 0.230804 0.953161 0.233252 0.953808 0.235175 0.952254 0.235699 0.952642 0.247238 0.951347 0.247937 0.950829 0.250909 0.948238 0.253531 0.948368 0.258252 0.946632 0.260490 0.950130 0.267483 0.952202 0.266259 0.956528 0.269266 0.957435 0.267692 0.958342 0.268916 0.964560 0.269266 0.965337 0.271014 0.971295 0.271189 0.971166 0.275035 0.972591 0.276783 0.972979 0.279755 0.975181 0.281853 0.977772 0.279930 0.983601 0.279580 0.981788 0.276783 0.986451 0.272238 0.986321 0.269615 0.992539 0.260874 0.993187 0.258252 0.995777 0.255280 0.998238 0.255455 1.000000 0.251294 1.000000 0.249196 0.998627 0.248986 0.995130 0.243217 0.996943 0.243217 0.997073 0.241643 0.992539 0.241469 0.992539 0.243217 0.987746 0.242867 0.987228 0.241119 0.982435 0.240769 0.982176 0.237448 0.977124 0.236748 0.976736 0.233951 0.969223 0.233077 0.970130 0.231678 0.969223 0.230629 0.964948 0.230804 0.963860 0.229196
1 0.725440 0.358252 0.725570 0.354930 0.728938 0.351084 0.729326 0.348287 0.735803 0.340245 0.735674 0.337448 0.737487 0.336049 0.743057 0.334825 0.744093 0.337448 0.746036 0.338147 0.746425 0.338671 0.744482 0.339545 0.747591 0.343217 0.746943 0.346364 0.748497 0.348287 0.748497 0.352657 0.750829 0.357028 0.751477 0.364371 0.754715 0.373811 0.753679 0.375559 0.742539 0.376259 0.742280 0.375035 0.731788 0.374336 0.729585 0.376434 0.729974 0.379056 0.738135 0.385874 0.744482 0.385874 0.745518 0.384476 0.746554 0.386224 0.749534 0.386573 0.751347 0.388846 0.751218 0.396538 0.752642 0.397413 0.753031 0.408951 0.754974 0.411923 0.754974 0.414371 0.751865 0.414545 0.751088 0.416294 0.748238 0.416643 0.747202 0.417517 0.740337 0.417692 0.739689 0.418392 0.731658 0.419615 0.730751 0.421538 0.721684 0.421364 0.721425 0.420140 0.719741 0.418392 0.721425 0.416993 0.721813 0.410524 0.724663 0.410350 0.721295 0.406503 0.722332 0.403706 0.723886 0.403706 0.724793 0.399860 0.726865 0.399510 0.723886 0.397063 0.727642 0.395664 0.728031 0.391643 0.728161 0.388671 0.728290 0.385000 0.727254 0.382028 0.728808 0.378706 0.728031 0.379056 0.726218 0.382028 0.727642 0.384825 0.726088 0.386224 0.728161 0.389895 0.728161 0.391294 0.726088 0.393217 0.728549 0.396189 0.718446 0.397238 0.717927 0.394790 0.715337 0.394615 0.712617 0.389720 0.710415 0.389720 0.708990 0.387972 0.703679 0.395140 0.696036 0.387622 0.695648 0.380629 0.702383 0.375385 0.701865 0.372063 0.703549 0.371364 0.703808 0.364545 0.705881 0.363147 0.708601 0.363671 0.708731 0.362448 0.711710 0.362273 0.712617 0.359301 0.715337 0.359825 0.716503 0.358252
1 0.785583 0.437675 0.802034 0.436976 0.802565 0.435927 0.817319 0.435402 0.817837 0.433654 0.821347 0.433654 0.819016 0.426836 0.818484 0.420367 0.816930 0.419668 0.808653 0.403409 0.808122 0.398514 0.806308 0.396941 0.803860 0.394668 0.798148 0.394318 0.795699 0.403234 0.795699 0.407955 0.793225 0.409003 0.792578 0.413374 0.791554 0.414248 0.791671 0.416871 0.785842 0.423514 0.786101 0.426136 0.784689 0.427360 0.786373 0.428584 0.783251 0.432780
1 0.854275 0.405944 0.853886 0.406643 0.852047 0.409703 0.854106 0.411976 0.852552 0.413024 0.852047 0.417920 0.851516 0.417920 0.850350 0.414773 0.846723 0.415297 0.844391 0.418444 0.846218 0.420017 0.842189 0.422290 0.846464 0.426136 0.851140 0.427010 0.851256 0.429633 0.849845 0.430682 0.849961 0.433129 0.851904 0.434528 0.850609 0.436451 0.848549 0.440122 0.850751 0.442920 0.886490 0.427360 0.883251 0.420017 0.881697 0.418969 0.877552 0.412500 0.876127 0.412325 0.875609 0.408479 0.872370 0.407080 0.870687 0.405507 0.869132 0.404108 0.867979 0.400787 0.864093 0.397465 0.863057 0.393269 0.860466 0.392395 0.858264 0.389598 0.857992 0.385752 0.855142 0.382780 0.854883 0.377185 0.852047 0.375262 0.848808 0.375962 0.847111 0.373864 0.844922 0.373689 0.844132 0.371766 0.826528 0.372465 0.826528 0.374913 0.822759 0.380332 0.818484 0.381381 0.818109 0.384703 0.817189 0.385402 0.819132 0.388024 0.820557 0.389773 0.821205 0.390647 0.821606 0.391521 0.827034 0.390647 0.829495 0.388024 0.828847 0.394493 0.831179 0.395542 0.831969 0.399213 0.832358 0.400262 0.833005 0.403059 0.830415 0.403934 0.832358 0.405332 0.833005 0.410227 0.835453 0.411976 0.837798 0.412325 0.842332 0.410052 0.847254 0.406031
0 0.883303 0.367185 0.901308 0.367535 0.896775 0.345682 0.893277 0.346031 0.885894 0.355472 0.885246 0.358444 0.884080 0.358969 0.881749 0.361416 0.883433 0.363864
1 0.636321 0.020804 0.636451 0.015559 0.640207 0.015385 0.640466 0.014161 0.644482 0.014510 0.645389 0.013112 0.646813 0.015035 0.648756 0.012413 0.649663 0.015035 0.653420 0.015035 0.653420 0.017657 0.651865 0.022028 0.651347 0.027273 0.649404 0.028497 0.648756 0.031294 0.644352 0.032517 0.643187 0.031119 0.639689 0.030944 0.638782 0.027972 0.636969 0.026923 0.637746 0.021503
1 0.898148 0.365647 0.895829 0.370542 0.900363 0.378759 0.899326 0.381031 0.902681 0.381206 0.903070 0.385577 0.905661 0.388724 0.905661 0.391171 0.909158 0.392570 0.908135 0.394843 0.912396 0.402185 0.921205 0.401661 0.925997 0.394143 0.927940 0.393269 0.928860 0.390997 0.930415 0.392570 0.931956 0.392045 0.933122 0.388724 0.931567 0.388024 0.932604 0.383829 0.930272 0.381906 0.930155 0.379983 0.932358 0.377360 0.932746 0.372465 0.916166 0.359878 0.911878 0.359528 0.911749 0.358304 0.906567 0.358304 0.905544 0.361276 0.904896 0.361976 0.904624 0.364248 0.901775 0.366171 0.901386 0.367920
1 0.175168 0.686084 0.167526 0.675944 0.166749 0.676643 0.164676 0.674196 0.164028 0.674545 0.162733 0.676469 0.162345 0.681538 0.161179 0.684336 0.161049 0.693077 0.159624 0.695000 0.159365 0.696399 0.160142 0.698322 0.160790 0.698846 0.165324 0.699021 0.166231 0.697622 0.169598 0.696923 0.172578 0.694301 0.174132 0.690979 0.173355 0.685909
1 0.346153 0.688829 0.344339 0.684283 0.332422 0.684633 0.328148 0.682010 0.324391 0.682010 0.322189 0.683934 0.322578 0.694423 0.325946 0.700192 0.325946 0.703339 0.331386 0.709808 0.331904 0.707535 0.333070 0.707885 0.333977 0.709808 0.335920 0.709983 0.340194 0.702115 0.340583 0.699143 0.343174 0.698269
1 0.412124 0.600490 0.417474 0.593269 0.413562 0.588689 0.412254 0.589213 0.408860 0.583934 0.407163 0.583934 0.404041 0.580420 0.401956 0.580420 0.395816 0.569843 0.390997 0.573899 0.394262 0.581294 0.383303 0.604003 0.387215 0.609808 0.393083 0.610332 0.393860 0.612797 0.398562 0.611748 0.401554 0.617028 0.405337 0.616503 0.407824 0.613864 0.408601 0.613864 0.408083 0.608409 0.409909 0.607867 0.409650 0.606119 0.411218 0.604878 0.410816 0.602238
1 0.460000 0.597308 0.459728 0.590280 0.461554 0.590280 0.462345 0.589563 0.469650 0.589213 0.470557 0.587622 0.471995 0.587448 0.472772 0.580594 0.475259 0.579353 0.475907 0.578479 0.483212 0.578304 0.484521 0.581643 0.484249 0.586049 0.483472 0.586573 0.483342 0.592378 0.481645 0.593619 0.481904 0.595734 0.480868 0.597483 0.480738 0.598724 0.479689 0.598549 0.479689 0.604528 0.478510 0.604528 0.478510 0.607343 0.477604 0.607692 0.477085 0.610699 0.475648 0.611049 0.475130 0.614038 0.471736 0.618969 0.470298 0.618969 0.470427 0.614738 0.464689 0.608934 0.464430 0.605227 0.462863 0.601014
1 0.483212 0.648899 0.488821 0.648357 0.509171 0.659983 0.511127 0.659983 0.513731 0.658042 0.515168 0.658042 0.516736 0.659458 0.519469 0.659983 0.520389 0.662098 0.520648 0.668252 0.518951 0.670542 0.515946 0.673182 0.512953 0.671416 0.511256 0.668601 0.502383 0.670017 0.500039 0.671416 0.499119 0.671608 0.493381 0.680227 0.491166 0.680052 0.488692 0.683566 0.486205 0.677937 0.485687 0.668077 0.484780 0.666853 0.485816 0.664738 0.484650 0.664563 0.484780 0.652587
1 0.538912 0.616503 0.542824 0.613689 0.544780 0.613514 0.545298 0.616678 0.546205 0.617378 0.546736 0.632692 0.545687 0.633217 0.545427 0.638864 0.553769 0.668427 0.564858 0.652762 0.564987 0.649948 0.570207 0.644668 0.570078 0.639913 0.566813 0.640262 0.566166 0.637273 0.565117 0.637797 0.564728 0.634633 0.571904 0.624773 0.560557 0.610874 0.560039 0.608584 0.557953 0.606119 0.560039 0.603304 0.558731 0.602413 0.558472 0.599948 0.560298 0.599248 0.559521 0.595559 0.557953 0.593444 0.559378 0.592203 0.559780 0.582168 0.558860 0.581119 0.558342 0.580052 0.544521 0.579878 0.543342 0.579528 0.530816 0.578829 0.531347 0.585699 0.532513 0.585874 0.532513 0.588339 0.531477 0.589563 0.531736 0.591678 0.528601 0.592378 0.528472 0.595385 0.530816 0.596259 0.534469 0.599248 0.534339 0.601888 0.522733 0.617552 0.520907 0.618444 0.521036 0.623724 0.522992 0.624423 0.524948 0.626014 0.529521 0.625647 0.530168 0.627937 0.536036 0.627238 0.536813 0.629178 0.538122 0.627238 0.538510 0.627063
1 0.630078 0.583409 0.624987 0.583409 0.624080 0.586399 0.622902 0.586399 0.623161 0.591329 0.624339 0.592378 0.624080 0.596958 0.624987 0.598374 0.625246 0.601888 0.627215 0.602762 0.627215 0.607343 0.628122 0.608759 0.628251 0.612797 0.633083 0.620542 0.634249 0.620542 0.636736 0.617203 0.637383 0.617028 0.641813 0.621434 0.644948 0.620734 0.645337 0.615437 0.646127 0.615087 0.646127 0.610874 0.647953 0.608409 0.651464 0.608234 0.653290 0.605227 0.652513 0.602762 0.651995 0.602587 0.651205 0.597308 0.649119 0.595559 0.648212 0.592378 0.647422 0.590804 0.641943 0.583409 0.640117 0.583409 0.638161 0.579528 0.635557 0.579703 0.634249 0.576189 0.631127 0.579353
1 0.733653 0.775909 0.743627 0.761923 0.744922 0.757378 0.747124 0.756678 0.748679 0.753357 0.751010 0.753531 0.752953 0.750210 0.756710 0.749510 0.756969 0.754406 0.757358 0.756503 0.758782 0.757378 0.758782 0.771538 0.761373 0.776084 0.759560 0.777133 0.761114 0.778357 0.761244 0.780105 0.762539 0.781154 0.762668 0.790769 0.754508 0.790594 0.753601 0.787622 0.747513 0.788147 0.746995 0.787448 0.743886 0.786748 0.743238 0.785000 0.740000 0.784650 0.738705 0.782378 0.737798 0.784301 0.735078 0.785350 0.733912 0.788322 0.732876 0.791469 0.733264 0.793741 0.731839 0.795140 0.714741 0.795664 0.714611 0.794790 0.713834 0.792517 0.713316 0.785524 0.711373 0.783252 0.715000 0.780629 0.715130 0.778182 0.719016 0.776259 0.719145 0.773287 0.721606 0.773287 0.722254 0.771014 0.724715 0.771538 0.725751 0.773986 0.731451 0.772762
1 0.595648 0.676888 0.597863 0.674948 0.603212 0.674598 0.603342 0.675997 0.613122 0.675647 0.613899 0.678462 0.618212 0.677413 0.618731 0.674248 0.618601 0.670717 0.617681 0.670542 0.611295 0.653462 0.609728 0.651364 0.608031 0.652238 0.607642 0.655752 0.604780 0.656101 0.604119 0.658934 0.603472 0.656101 0.595648 0.655227 0.591995 0.663864 0.590039 0.663864 0.589249 0.669668 0.591865 0.671608 0.590427 0.674073 0.570997 0.692028 0.592383 0.709441 0.596684 0.709441 0.597073 0.685682 0.595117 0.685332
1 0.693653 0.667675 0.686140 0.676241 0.684845 0.673969 0.683938 0.676241 0.684067 0.681136 0.686010 0.683059 0.688342 0.683934 0.692746 0.686031 0.696762 0.686731 0.698446 0.685157 0.700130 0.682885 0.699870 0.676416 0.698187 0.675892 0.697021 0.671346 0.697021 0.669773
1 0.731088 0.659108 0.730311 0.660332 0.728497 0.660157 0.721114 0.670647 0.723057 0.672745 0.723834 0.674668 0.725907 0.674668 0.732513 0.683584 0.733031 0.686906 0.734197 0.687430 0.734585 0.691976 0.737047 0.693724 0.737694 0.694073 0.738472 0.695822 0.739767 0.695822 0.746762 0.687430 0.750777 0.686906 0.757124 0.668199 0.757772 0.666626 0.757772 0.660157 0.753238 0.660332 0.752332 0.658409
1 0.725648 0.623427 0.724093 0.620979 0.725130 0.618374 0.725389 0.604738 0.723057 0.604213 0.722668 0.601066 0.721762 0.600892 0.721244 0.598794 0.719689 0.596171 0.713731 0.600542 0.706347 0.600892 0.705570 0.603164 0.701425 0.603164 0.700130 0.604913 0.698834 0.605087 0.698575 0.615052 0.693912 0.618724 0.699223 0.626766 0.699482 0.632185 0.698187 0.633584 0.698575 0.637955 0.705311 0.637955 0.708679 0.634983 0.711140 0.634458 0.711658 0.636381 0.718523 0.636031 0.718782 0.638654 0.722798 0.637955 0.722798 0.635507 0.724352 0.634983 0.724223 0.624650
1 0.840505 0.603584 0.838044 0.608129 0.834935 0.607780 0.832085 0.611626 0.831826 0.619143 0.835065 0.624213 0.835324 0.627535 0.844650 0.627885 0.845427 0.626486 0.849184 0.625962 0.857085 0.632255 0.862396 0.632955 0.863044 0.629808 0.864080 0.626836 0.862915 0.625962 0.862526 0.622115 0.861749 0.619843 0.861101 0.589073 0.861101 0.588899 0.860065 0.587325 0.858251 0.587850 0.855272 0.590647 0.852681 0.590822 0.852552 0.592745 0.847370 0.592745 0.846723 0.595192 0.843614 0.594493 0.841153 0.597465
1 0.815505 0.548689 0.814080 0.548689 0.812915 0.547115 0.811749 0.547115 0.810712 0.544843 0.808381 0.545192 0.808381 0.547290 0.804236 0.546766 0.804754 0.549563 0.801386 0.553409 0.798925 0.554108 0.799054 0.555857 0.796982 0.557955 0.795427 0.557780 0.795298 0.559353 0.797241 0.561101 0.799184 0.564248 0.799184 0.565472 0.801516 0.568619 0.801516 0.571591 0.804624 0.571941 0.803070 0.574213 0.803070 0.577535 0.804236 0.577360 0.804236 0.579633 0.806049 0.580157 0.805920 0.584878 0.810972 0.585402 0.811101 0.584353 0.817707 0.578409 0.821075 0.578584 0.821075 0.575612 0.821982 0.574738 0.822500 0.549038 0.821982 0.548689 0.821075 0.546766 0.816801 0.546766
1 0.907733 0.499913 0.907863 0.497990 0.919003 0.498164 0.920816 0.500612 0.920946 0.503234 0.920039 0.503934 0.920039 0.508479 0.918614 0.508829 0.918355 0.513899 0.917189 0.515822 0.917319 0.520192 0.916412 0.521416 0.915635 0.526836 0.914728 0.527710 0.914469 0.534703 0.912915 0.537850 0.906567 0.537500 0.903847 0.533654 0.903847 0.531556 0.901775 0.531206 0.901256 0.527710 0.900609 0.527010 0.900479 0.525262 0.898925 0.524213 0.896075 0.521066 0.894003 0.521241 0.893744 0.517220 0.892578 0.517045 0.893096 0.515122 0.899184 0.512325 0.898407 0.506031 0.900091 0.504808 0.899961 0.501836 0.902163 0.501836 0.902811 0.500612
1 0.672513 0.779580 0.667979 0.775734 0.665907 0.776084 0.665648 0.779231 0.663575 0.781678 0.664352 0.783252 0.663316 0.784825 0.663446 0.789371 0.678342 0.789720 0.678342 0.786923 0.680415 0.786224 0.679767 0.782727 0.678472 0.782378 0.677953 0.779930 0.677565 0.778357 0.674197 0.777657
1 0.906438 0.546766 0.903199 0.546766 0.903070 0.551136 0.901256 0.549213 0.900609 0.549213 0.900220 0.555857 0.898925 0.556731 0.900220 0.557955 0.898925 0.559353 0.900350 0.561976 0.897759 0.562675 0.897759 0.567220 0.895039 0.570892 0.896852 0.572290 0.898666 0.574038 0.902422 0.575437 0.902940 0.582430 0.904365 0.583304 0.904106 0.585577 0.910583 0.585752 0.917319 0.575787 0.922241 0.571941 0.923795 0.571941 0.927940 0.566171 0.930013 0.565822 0.930013 0.560227 0.928718 0.560227 0.927552 0.557955 0.924702 0.557255 0.924573 0.555507 0.921334 0.556031 0.919521 0.551836 0.918096 0.552360 0.916671 0.549913 0.913951 0.549738 0.912526 0.548689 0.911490 0.550962 0.910453 0.548689 0.907604 0.549213
1 0.956697 0.542220 0.958769 0.540122 0.963433 0.547640 0.963044 0.555332 0.961231 0.557430 0.953199 0.557255 0.953199 0.556556 0.949573 0.556031 0.949443 0.550437 0.952681 0.547815 0.952163 0.546066 0.952811 0.544668
1 0.955777 0.470909 0.957202 0.474406 0.959534 0.473881 0.960829 0.476853 0.969249 0.477378 0.969249 0.474580 0.971839 0.469860 0.974948 0.470210 0.977280 0.467413 0.976373 0.465490 0.977927 0.463566 0.975466 0.463042 0.975207 0.456049 0.977539 0.454126 0.977668 0.451329 0.979611 0.451503 0.984534 0.454476 0.986218 0.456399 0.987254 0.452552 0.988161 0.451678 0.989456 0.450979 0.989326 0.445559 0.989326 0.445385 0.988161 0.439965 0.985829 0.440140 0.984534 0.438392 0.984145 0.440490 0.980518 0.440839 0.978705 0.443462 0.976891 0.444161 0.976373 0.445210 0.973394 0.442587 0.970933 0.442587 0.969508 0.440315 0.966010 0.439965 0.964715 0.441538 0.961347 0.442413 0.961347 0.442413 0.956684 0.443287 0.955130 0.445559 0.954352 0.443986 0.953834 0.445035 0.950725 0.444860 0.952539 0.442063 0.944896 0.442238 0.944378 0.443636 0.942435 0.444510 0.941140 0.446783 0.936606 0.447483 0.934663 0.450280 0.933238 0.450804 0.931943 0.453077 0.934663 0.453427 0.935181 0.457448 0.936088 0.457972 0.936218 0.460420 0.937902 0.461469 0.937902 0.464091 0.934663 0.467937 0.935311 0.470734 0.937772 0.474580 0.934404 0.477552 0.934016 0.481923 0.931813 0.483322 0.933368 0.484021 0.934275 0.485245 0.935570 0.485245 0.937772 0.488916 0.941528 0.489091 0.941788 0.490839 0.944508 0.490839 0.944637 0.489266 0.946451 0.488741 0.947098 0.488042 0.949171 0.486818 0.949819 0.484196 0.953575 0.479476 0.953187 0.477028 0.956036 0.475105
1 0.034948 0.341171 0.036373 0.340647 0.036114 0.336626 0.034948 0.336101 0.034819 0.334003 0.030803 0.329458 0.030155 0.324388 0.028860 0.321941 0.026010 0.321241 0.025751 0.322815 0.022383 0.322640 0.021865 0.320017 0.019663 0.317920 0.018238 0.318619 0.017332 0.320542 0.017202 0.324738 0.018627 0.326486 0.018109 0.331031 0.017461 0.331906 0.016813 0.338374 0.015130 0.339773 0.015259 0.342570 0.013834 0.345192 0.011632 0.346241 0.011503 0.350962 0.012927 0.352710 0.016295 0.353234 0.016943 0.355157 0.024715 0.353759 0.026528 0.356906 0.027824 0.354983 0.028860 0.356206 0.035337 0.356556 0.037280 0.358829 0.037539 0.349388 0.036244 0.347990 0.036373 0.346416 0.034560 0.345717
1 0.767759 0.726014 0.762578 0.725315 0.761282 0.727762 0.758692 0.726888 0.756619 0.729510 0.761801 0.739301 0.766205 0.739476 0.767500 0.735629 0.768277 0.735280
1 0.797940 0.653287 0.792111 0.659755 0.791464 0.656434 0.789521 0.661154 0.780842 0.669196 0.777345 0.671119 0.797681 0.686329 0.798977 0.686853 0.802992 0.687203 0.802345 0.649266
1 0.818925 0.712815 0.834469 0.713164 0.834339 0.702150 0.830972 0.697955 0.830842 0.693584 0.828251 0.692185 0.829028 0.689213 0.828122 0.687990 0.827733 0.684318 0.824624 0.679423 0.820738 0.679773 0.817630 0.687115 0.815298 0.689038 0.814132 0.692010 0.810894 0.699353 0.808433 0.700752 0.809339 0.703724 0.811671 0.703899 0.812448 0.708444 0.814003 0.708969 0.810894 0.711591 0.811153 0.714913 0.819184 0.714913
1 0.901438 0.734318 0.898718 0.730822 0.896904 0.730297 0.896256 0.728549 0.894443 0.729248 0.893666 0.730647 0.892500 0.730822 0.892370 0.740437 0.892759 0.743409 0.896386 0.745157 0.898199 0.742360 0.900790 0.742710 0.904417 0.737990 0.904158 0.737290
0 0.958057 0.617028 0.948212 0.632063 0.952617 0.636084 0.958316 0.637133 0.958834 0.638531 0.962461 0.636608 0.964275 0.633811 0.962979 0.631189 0.961943 0.626119 0.960907 0.625944 0.960907 0.619301
0 0.987060 0.865140 0.991852 0.865490 1.000000 0.871119 1.000000 0.904266 0.992889 0.908846 0.987565 0.909441
0 0.909728 0.902378 0.901308 0.925455 0.902215 0.928776 0.904288 0.929650 0.914391 0.928252 0.914780 0.926853 0.920350 0.926503 0.921645 0.924580 0.923847 0.924231 0.923847 0.921434 0.924495 0.920734
1 0.925661 0.674878 0.933821 0.674528 0.933821 0.673654 0.938225 0.672955 0.944443 0.682220 0.946256 0.681871 0.951697 0.686941 0.953122 0.687290 0.953122 0.692710 0.951567 0.692885 0.948459 0.698304 0.946386 0.699003 0.942370 0.705122 0.940946 0.704948 0.939132 0.707570 0.936930 0.707745 0.936412 0.709843 0.934080 0.709318 0.932137 0.711066 0.930842 0.711066 0.928122 0.714913 0.924365 0.715437 0.923588 0.714388 0.922163 0.712640 0.922163 0.707045 0.920609 0.705122 0.914650 0.704598 0.913614 0.706171 0.911023 0.706171 0.910376 0.703374 0.912837 0.703024 0.911930 0.701101 0.910505 0.700577 0.912319 0.699178 0.911801 0.692710 0.908951 0.688864 0.912319 0.685892 0.920091 0.685017 0.919832 0.678199 0.921645 0.675052 0.922681 0.672605 0.924495 0.672780
1 0.198187 0.686783 0.191904 0.687308 0.192163 0.694545 0.194119 0.697010 0.194119 0.698427 0.195699 0.698427 0.197267 0.696311 0.198187 0.694930
1 0.225907 0.615472 0.223420 0.619003 0.223031 0.619528 0.222902 0.621836 0.223808 0.622885 0.224210 0.625175 0.227215 0.625175 0.228912 0.627832 0.229171 0.624126 0.230868 0.623234 0.230479 0.615122
0 0.203886 0.115752 0.198187 0.127640 0.198964 0.135157 0.214106 0.134633 0.213860 0.129738 0.212435 0.128864 0.212047 0.123794 0.207254 0.115752
0 0.405674 0.107220 0.421088 0.064913 0.423938 0.064563 0.427435 0.068934 0.427306 0.071206 0.430933 0.075577 0.431451 0.078549 0.444404 0.103024 0.444016 0.105997 0.443109 0.108269 0.432098 0.108619 0.429508 0.110192 0.428601 0.108269 0.427694 0.110367 0.420052 0.110017 0.417979 0.112290 0.415777 0.112115 0.415518 0.110192 0.414352 0.111241 0.405803 0.111066
0 0.479404 0.051399 0.479249 0.106171 0.481451 0.108094 0.514611 0.077675 0.492591 0.060717
0 0.589845 0.109948 0.587902 0.123934 0.585181 0.126731 0.585570 0.130752 0.587254 0.131101 0.587902 0.132675 0.592176 0.131976 0.595026 0.129703 0.598912 0.129003 0.598782 0.127605 0.601762 0.126381 0.602280 0.123759 0.602150 0.121136 0.599560 0.120787 0.594637 0.113794 0.593990 0.113969
