0 0.723264 0.473706 0.721321 0.486993 0.732073 0.484895
0 0.702927 0.470035 0.711477 0.453427 0.716917 0.473531
0 0.675984 0.526503 0.693342 0.527552 0.683238 0.546259
0 0.630259 0.520210 0.645544 0.501154 0.651632 0.529126
0 0.556425 0.494336 0.561347 0.519510 0.575207 0.499755 0.563938 0.493636
0 0.591658 0.585070 0.605907 0.565664 0.610440 0.586119 0.611347 0.592063 0.609534 0.593112 0.608627 0.592413
0 0.549430 0.525804 0.566658 0.533671 0.566140 0.536119 0.566140 0.538217 0.552280 0.552727 0.551632 0.548881 0.551244 0.549056 0.550984 0.540839 0.549041 0.539965
0 0.476503 0.509371 0.498523 0.507797 0.488161 0.535594
0 0.399041 0.576853 0.412254 0.568287 0.415492 0.567937 0.415881 0.581923 0.414715 0.581748 0.414197 0.593811 0.411865 0.593636 0.402798 0.582622
0 0.392591 0.468899 0.409132 0.468706 0.409573 0.469493 0.414391 0.470087 0.414391 0.473444 0.400933 0.497535
0 0.315181 0.470087 0.327332 0.452308 0.334495 0.471469 0.334067 0.474633 0.316788 0.471469
0 0.292759 0.736976 0.311930 0.725437 0.311671 0.750612 0.311282 0.750262 0.310764 0.755157 0.308562 0.753409 0.307137 0.753409 0.293925 0.741171
0 0.234080 0.608654 0.241852 0.592395 0.245868 0.596049 0.249624 0.607255 0.249365 0.612150 0.235764 0.611101 0.235764 0.609353
0 0.208834 0.628934 0.197953 0.648864 0.201969 0.650437 0.201969 0.651836 0.216995 0.651661
0 0.217902 0.579283 0.221788 0.603409 0.225544 0.604458 0.227228 0.600962 0.236425 0.586451 0.229430 0.582605 0.228135 0.580157 0.221269 0.580332
0 0.247694 0.412850 0.242902 0.436801 0.242772 0.447640 0.264534 0.439773 0.264404 0.436276
0 0.142008 0.450367 0.129961 0.469423 0.129961 0.473269 0.149391 0.477990 0.148744 0.471871
0 0.205868 0.362430 0.199780 0.362080 0.185790 0.369248 0.185531 0.371871 0.201464 0.392500
0 0.199041 0.301364 0.204080 0.319685 0.205453 0.320105 0.207591 0.315787 0.213705 0.308566 0.213549 0.304248
0 0.160117 0.294353 0.168510 0.291678 0.170492 0.294965 0.169585 0.298059 0.166982 0.306101
0 0.163174 0.236661 0.151114 0.261591 0.152785 0.265297 0.175531 0.264476
0 0.015687 0.153374 0.000000 0.166608 0.000000 0.169580 0.013847 0.179808 0.018238 0.180297 0.017876 0.168934 0.017513 0.167448
0 0.891386 0.524668 0.890350 0.547570 0.905376 0.538304 0.906801 0.536556 0.905505 0.535157 0.895013 0.524493
0 0.897383 0.877902 0.912409 0.870210 0.915777 0.871259 0.915259 0.873531 0.914352 0.873531 0.914352 0.900629 0.911244 0.899930 0.903601 0.888741 0.901788 0.888042 0.902176 0.885070 0.900622 0.883322 0.897902 0.882448
0 0.897772 0.793462 0.897902 0.796783 0.906321 0.809371 0.912150 0.797483 0.911762 0.793287
0 0.615155 0.665262 0.636088 0.656958 0.632293 0.681853 0.631516 0.687500 0.627060 0.687692
0 0.116308 0.169703 0.119352 0.169091 0.136153 0.193601 0.118899 0.203287 0.116153 0.202675 0.112034 0.203706
0 0.524417 0.340997 0.532707 0.340647 0.545142 0.354283 0.544883 0.357605 0.538018 0.356031 0.533355 0.363199 0.527526 0.368094 0.526360 0.365997 0.526101 0.364423 0.525583 0.363374
0 0.530764 0.341171 0.549676 0.342220 0.541256 0.321066
0 0.384301 0.693934 0.389637 0.688531 0.390427 0.688899 0.396697 0.680437 0.397500 0.676294 0.401503 0.676294 0.403238 0.681696 0.406697 0.701136 0.404832 0.706538 0.394171 0.700594
0 0.309754 0.704563 0.324430 0.684755 0.327098 0.685122 0.327759 0.688724 0.328290 0.688724 0.328692 0.696993 0.330557 0.698444 0.330829 0.702220 0.332163 0.702570 0.331490 0.717325 0.322966 0.712832 0.313899 0.708147
0 0.107720 0.700909 0.130259 0.701329 0.128990 0.711486 0.128666 0.712552 0.128666 0.715787 0.124508 0.723776 0.122591 0.722483 0.120505 0.727238 0.119067 0.727885 0.112513 0.716434
0 0.098562 0.935839 0.119210 0.940524 0.106606 0.966416
0 0.137060 0.135507 0.155389 0.120874 0.157979 0.120664 0.158135 0.122727 0.158433 0.153427 0.143174 0.140455
0 0.961697 0.592290 0.947707 0.615559 0.968433 0.621853 0.968433 0.614685 0.966619 0.610490
0 0.989663 0.198182 1.000000 0.180682 1.000000 0.204021 0.989663 0.203427
0 0.951671 0.207937 0.969896 0.211136 0.962500 0.238042 0.953782 0.219161
0 0.988653 0.079545 0.997254 0.079773 0.996749 0.083182 0.994728 0.088409 0.990168 0.088182 0.990350 0.085000
0 0.343018 0.225717 0.356839 0.226521 0.348225 0.240350
0 0.830427 0.135332 0.824339 0.143899 0.824210 0.147570 0.822267 0.153514 0.819935 0.162605 0.836516 0.161906 0.836516 0.161206 0.839754 0.159808 0.840272 0.157885 0.834054 0.145472
0 0.050505 0.178969 0.053251 0.178357 0.062565 0.172797 0.064702 0.176503 0.064404 0.180000 0.063329 0.180000 0.063174 0.190927 0.061503 0.192990 0.059054 0.191958 0.055246 0.187010 0.053407 0.186801 0.053873 0.185367
0 0.751541 0.123094 0.749987 0.124843 0.753873 0.135857 0.755946 0.136031 0.756075 0.133059 0.760738 0.127640 0.759961 0.123969 0.757500 0.124143 0.756075 0.123444
0 0.632137 0.120437 0.633692 0.132325 0.636671 0.140192 0.647293 0.126906 0.645350 0.122360 0.640687 0.122360 0.639909 0.120437
0 0.901878 0.387255 0.919883 0.394248 0.905117 0.414878 0.903951 0.404563 0.902396 0.402465 0.902008 0.391276
0 0.917293 0.327290 0.914961 0.353339 0.913018 0.353339 0.909909 0.349143 0.899417 0.336556 0.913536 0.328339
0 0.917940 0.256486 0.914832 0.272045 0.912111 0.274843 0.912241 0.278514 0.913536 0.280262 0.918070 0.280437 0.921438 0.278864 0.923899 0.277290 0.932578 0.272920 0.923510 0.261731
0 0.909728 0.232552 0.908316 0.255594 0.920725 0.246836 0.921010 0.244930 0.921995 0.243601 0.921580 0.240752 0.919041 0.239790 0.913251 0.234650
0 0.944145 0.135839 0.945842 0.161346 0.961775 0.145542 0.952332 0.137552
0 0.027306 0.134056 0.035091 0.119021 0.036010 0.118811 0.040894 0.126224 0.041347 0.136538 0.029288 0.135909
0 0.947526 0.108811 0.949365 0.107465 0.947953 0.103846 0.970531 0.095472 0.969961 0.110524 0.971516 0.112430 0.969534 0.114895 0.966295 0.126329 0.953744 0.114895
0 0.719288 0.029406 0.724508 0.046923 0.733679 0.036259 0.733394 0.035507 0.734663 0.031888
0 0.479469 0.019126 0.472902 0.000000 0.491813 -0.000000
0 0.362668 0.081766 0.351516 0.104615 0.352513 0.107657 0.364922 0.108234 0.364495 0.109755 0.371697 0.109948 0.371697 0.108986 0.372966 0.107465
0 0.348277 0.035699 0.362383 0.017413 0.367034 0.045594
0 0.257150 0.090332 0.254184 0.074336 0.255168 0.072063 0.268005 0.078339
0 0.022254 0.020857 0.012642 0.046503 0.034922 0.046206 0.028148 0.030000 0.027707 0.024388
0 0.919754 0.452290 0.905117 0.470297 0.921697 0.478164 0.922733 0.479038 0.924547 0.476241 0.924547 0.467500 0.923769 0.461381 0.922345 0.461206 0.922733 0.454563
0 0.954728 0.448969 0.957837 0.476941 0.972085 0.461906 0.972085 0.459983 0.973769 0.459633 0.968459 0.452640 0.964573 0.452815 0.960298 0.449493
0 0.000000 0.332483 0.014819 0.324825 0.010415 0.359441 0.002772 0.344580 0.000699 0.344231 0.000000 0.341154
0 0.015233 0.294231 0.030777 0.268531 0.038549 0.291434 0.038679 0.299301
0 0.119676 0.034423 0.108756 0.062430 0.129508 0.062430 0.129728 0.060367 0.131036 0.060664 0.126671 0.044441
0 0.263640 0.023514 0.278484 0.013776 0.280233 0.030297 0.278484 0.030874 0.277396 0.036783 0.266256 0.028234
0 0.644197 0.224423 0.645272 0.218357 0.657111 0.207867 0.661632 0.211346 0.662280 0.224423 0.663148 0.235472 0.651308 0.228811
0 0.773938 0.259003 0.756451 0.266871 0.767461 0.284703 0.773420 0.264948
0 0.726438 0.777745 0.718031 0.796993 0.734469 0.797238
0 0.839184 0.801678 0.837720 0.827080 0.853795 0.814493
0 0.849961 0.827080 0.865674 0.830280 0.855440 0.846311
0 0.842098 0.912168 0.826023 0.929423 0.843018 0.939790
0 0.657539 0.673916 0.654987 0.702780 0.675635 0.692657
0 0.863122 0.892920 0.876088 0.880839 0.877008 0.903531
0 0.535298 0.682063 0.542604 0.712640 0.557772 0.688479
0 0.477370 0.789336 0.468407 0.807343 0.484313 0.811538
0 0.505142 0.801923 0.491982 0.810052 0.503497 0.823374
0 0.587008 0.835210 0.582617 0.857657 0.600350 0.853706
0 0.600168 0.932885 0.597966 0.950140 0.609119 0.945210
0 0.582073 0.896626 0.580065 0.912902 0.592306 0.905752
0 0.544974 0.886014 0.548446 0.916608 0.565803 0.897115
0 0.501490 0.924738 0.507513 0.952850 0.522681 0.932378
0 0.508433 0.984423 0.504313 1.000000 0.507902 1.000000 0.516839 0.996259
0 0.329171 0.943724 0.320583 0.960000 0.335013 0.960000
0 0.153744 0.843846 0.147720 0.825105 0.163433 0.826836
0 0.164715 0.859633 0.160868 0.884790 0.178782 0.876399
0 0.135466 0.946696 0.126334 0.971346 0.144974 0.970857
0 0.083938 0.840402 0.079197 0.864073 0.096917 0.858147
0 0.053614 0.731381 0.045570 0.746189 0.045751 0.749878 0.061282 0.751364
0 0.512591 0.255612 0.503912 0.272570 0.508057 0.274668 0.507539 0.276416 0.519197 0.275717 0.519456 0.274843 0.520751 0.273094 0.516477 0.259633
0 0.550803 0.261031 0.543420 0.272570 0.553394 0.273794
0 0.540052 0.276416 0.541995 0.305262 0.559870 0.287080
0 0.576839 0.305612 0.573860 0.305437 0.559223 0.316801 0.575155 0.334633 0.576451 0.323619 0.578264 0.323444
0 0.577746 0.343724 0.584352 0.364178 0.596269 0.343724
0 0.576969 0.420647 0.596010 0.418899 0.587461 0.442675
0 0.674041 0.421434 0.676503 0.422308 0.684793 0.409371 0.684793 0.404301 0.671451 0.402378
