0 0.843821 0.760420 0.837604 0.771434 0.837215 0.798357 0.835790 0.799406 0.835402 0.813916 0.834236 0.815490 0.834624 0.820210 0.833070 0.821434 0.834883 0.821608 0.877500 0.797483 0.873614 0.792063 0.871930 0.787517 0.868692 0.787517 0.864806 0.783846 0.862733 0.782622 0.857034 0.774755 0.855350 0.774580
0 0.916723 0.923636 0.906878 0.936399 0.909339 0.936923 0.909858 0.937622 0.911153 0.938497 0.912578 0.938846 0.913484 0.940769 0.915168 0.940420 0.915168 0.941993 0.922034 0.941469 0.922034 0.935524 0.921127 0.934650 0.920479 0.925734
0 0.734611 0.718969 0.734741 0.741171 0.736943 0.741346 0.738238 0.740122 0.740181 0.739423 0.741995 0.735927 0.744067 0.735577 0.744456 0.734703 0.747435 0.734353 0.749508 0.730682 0.749508 0.727185 0.747565 0.728059 0.747565 0.725612 0.745881 0.725612 0.744974 0.724388 0.742902 0.724213 0.742124 0.722290 0.739922 0.722290 0.738497 0.718969
0 0.987668 0.809108 0.984819 0.819248 0.984560 0.823094 0.993886 0.823094 0.994404 0.822220 0.996218 0.821346 0.993886 0.818549 0.993368 0.815752 0.992202 0.814003 0.990518 0.813654 0.989741 0.810332
0 0.918847 0.568899 0.918847 0.571696 0.917811 0.572570 0.917422 0.579213 0.916127 0.580787 0.917163 0.581836 0.919624 0.581661 0.920013 0.580262 0.922474 0.579913 0.922604 0.579213 0.925194 0.578514 0.927137 0.576066 0.924028 0.571521 0.922733 0.572045 0.922345 0.568374
0 0.761852 0.603514 0.761723 0.611731 0.760298 0.611731 0.760557 0.619598 0.759521 0.620297 0.759650 0.623094 0.757707 0.624318 0.757578 0.632360 0.756801 0.632885 0.756930 0.635332 0.755635 0.637430 0.755505 0.643374 0.757060 0.644073 0.757707 0.642325 0.760816 0.641101 0.761593 0.640052 0.765091 0.639353 0.765479 0.638304 0.768070 0.638129 0.768847 0.636031 0.771956 0.637605 0.772474 0.634808 0.775453 0.634633 0.777655 0.633234 0.781930 0.632185 0.781930 0.632010 0.783484 0.630787 0.782707 0.629913 0.782319 0.626941 0.781023 0.626591 0.763666 0.604213
0 0.492889 0.954825 0.501956 0.968287 0.512966 0.917238 0.513873 0.916888 0.514003 0.908497 0.510246 0.908671 0.508951 0.910070 0.504935 0.910245 0.504288 0.911818 0.498977 0.911993 0.498070 0.914266 0.496127 0.913916 0.494702 0.915664 0.492630 0.915839 0.490687 0.917413 0.486801 0.917937 0.487319 0.919685 0.481360 0.919510 0.480065 0.921259 0.476567 0.921259 0.471516 0.925979 0.472163 0.926329 0.472681 0.928951 0.479158 0.936993 0.479417 0.939615 0.481101 0.940140 0.488484 0.950280 0.490427 0.950280 0.490816 0.953951
0 0.301425 0.662640 0.299352 0.665087 0.286528 0.695682 0.286645 0.698129 0.282759 0.702850 0.282383 0.704948 0.280052 0.710542 0.279663 0.714563 0.277461 0.717535 0.277332 0.719983 0.275777 0.721031 0.277850 0.724703 0.325777 0.725752 0.326153 0.724353 0.328744 0.724003 0.328744 0.721731 0.311904 0.682395 0.307772 0.675577 0.305311 0.667185
0 0.388601 0.644108 0.388860 0.645857 0.400907 0.674528 0.401554 0.678024 0.404663 0.677850 0.406347 0.675752 0.407111 0.673654 0.408808 0.671206 0.408938 0.669283 0.413472 0.657395 0.414767 0.658444 0.416710 0.658444 0.416710 0.641661
0 0.779819 0.561538 0.775544 0.569580 0.773860 0.568007 0.763109 0.530769 0.762202 0.530245 0.761813 0.523252 0.763756 0.525175 0.769715 0.524301 0.771010 0.526573 0.779819 0.525699 0.779819 0.527797 0.796528 0.529720 0.796399 0.531993 0.795363 0.533392 0.795622 0.535839 0.790052 0.543531 0.790181 0.544930 0.785389 0.550524 0.785389 0.552448 0.785389 0.552448
0 0.861140 0.500175 0.861710 0.505297 0.863653 0.504073 0.864948 0.501976 0.865596 0.499528 0.869352 0.490262 0.870389 0.488164 0.856658 0.487640 0.856010 0.488864 0.854326 0.490612 0.856917 0.493059 0.857306 0.496731
0 0.761580 0.771801 0.762098 0.777395 0.764171 0.779668 0.764560 0.784038 0.764948 0.785262 0.765466 0.787360 0.766503 0.788759 0.767150 0.792605 0.775570 0.780542 0.776995 0.780542 0.778679 0.780017 0.779197 0.775647 0.780881 0.773899 0.781140 0.770227 0.779715 0.767605 0.773238 0.768129 0.772202 0.766031 0.770777 0.766906 0.768057 0.767080 0.767539 0.766031 0.759119 0.765682 0.759249 0.768479
0 0.050764 0.060822 0.049598 0.063269 0.049469 0.064843 0.048433 0.065717 0.048303 0.068339 0.045065 0.071486 0.045842 0.073234 0.043510 0.076381 0.042992 0.082500 0.041826 0.082500 0.041697 0.087220 0.047008 0.088794 0.047915 0.086871 0.049469 0.088969 0.051153 0.087220 0.052189 0.088794 0.060479 0.088794 0.060997 0.088094 0.062163 0.087220 0.062422 0.083024 0.060997 0.081626 0.060868 0.079003 0.059573 0.078479 0.059702 0.075857 0.058925 0.075857 0.058536 0.073059 0.057370 0.071486 0.056982 0.069388 0.055946 0.068164 0.055946 0.066766 0.052319 0.060822
0 0.713692 0.506241 0.712137 0.510262 0.711360 0.513234 0.709417 0.516206 0.709158 0.519178 0.707604 0.520927 0.696593 0.541031 0.696982 0.543304 0.695557 0.542955 0.694909 0.546976 0.692189 0.549248 0.692189 0.550997 0.689210 0.555192 0.689469 0.558864 0.695298 0.559213 0.695557 0.560087 0.699443 0.560787 0.701386 0.562535 0.726904 0.563234 0.728329 0.563934 0.729365 0.563409 0.731308 0.564108 0.731567 0.560962 0.730790 0.559388 0.726645 0.544528
0 0.035479 0.129878 0.034702 0.131101 0.033407 0.131451 0.027966 0.138094 0.027448 0.141941 0.024728 0.144913 0.024210 0.148234 0.023433 0.148759 0.023821 0.151381 0.025894 0.151556 0.026801 0.154003 0.032241 0.153829 0.032759 0.155052 0.042345 0.155577 0.042345 0.148059 0.040920 0.145962 0.041179 0.142640 0.039883 0.141241 0.041049 0.139843 0.041049 0.135472 0.039754 0.133549 0.037681 0.133549
0 0.364352 0.150664 0.364352 0.152413 0.365117 0.153112 0.365246 0.157657 0.366036 0.159056 0.366412 0.161329 0.367448 0.161678 0.368096 0.167098 0.369003 0.167797 0.369391 0.170245 0.370427 0.170594 0.370427 0.173741 0.372124 0.174615 0.372241 0.177413 0.373420 0.177762 0.378718 0.171119 0.378847 0.168322 0.382733 0.163601 0.382733 0.162203 0.384547 0.160280 0.384547 0.157832 0.385972 0.156434 0.385466 0.154510 0.383640 0.154510 0.382876 0.151888 0.373808 0.152238 0.372772 0.150490
0 0.521891 0.040559 0.527979 0.049126 0.528109 0.046853 0.529016 0.046678 0.529275 0.042308 0.530570 0.041958 0.530829 0.031818 0.529016 0.033217 0.524482 0.033217 0.521762 0.036538 0.519819 0.036713 0.519560 0.039336
0 0.653847 0.039266 0.654624 0.044336 0.657604 0.048881 0.658122 0.052902 0.660324 0.054650 0.660972 0.058147 0.666023 0.069336 0.665894 0.073357 0.668744 0.073357 0.670168 0.070734 0.670427 0.068636 0.672889 0.064790 0.682733 0.039615 0.683640 0.039790 0.683769 0.034895 0.653588 0.035245 0.652163 0.037692
0 0.938005 0.070087 0.937746 0.080052 0.938782 0.080052 0.939041 0.081626 0.940337 0.082150 0.941244 0.080052 0.942798 0.080227 0.948368 0.073584 0.948109 0.072360 0.947073 0.069738 0.943446 0.069913 0.943057 0.066416 0.938394 0.066416 0.936839 0.068689
0 0.842228 0.673217 0.838990 0.677937 0.835881 0.678619 0.836140 0.645245 0.838472 0.648899 0.840026 0.648374 0.851554 0.657290 0.852591 0.656608 0.852979 0.658864 0.854534 0.659738 0.851943 0.664283 0.851036 0.667605 0.850389 0.667605 0.849352 0.664476 0.844560 0.671818
0 0.601140 0.163217 0.601010 0.177727 0.602176 0.178252 0.604378 0.175105 0.607876 0.174580 0.609171 0.173182 0.611244 0.172133 0.611503 0.170035 0.608135 0.166538 0.606062 0.165490 0.605933 0.164790 0.604249 0.164615 0.603083 0.162168
0 0.870959 0.786381 0.876917 0.773619 0.877176 0.771171 0.878472 0.770997 0.880285 0.772745 0.880285 0.775367 0.881192 0.776591 0.881192 0.779038 0.882228 0.779738 0.883394 0.782185 0.885596 0.785682 0.885725 0.788654 0.873549 0.787605
0 0.481891 0.189143 0.482150 0.193514 0.480855 0.194213 0.480984 0.198234 0.480596 0.198409 0.479689 0.201731 0.478782 0.203479 0.478912 0.207500 0.476839 0.208899 0.476580 0.211696 0.475415 0.212045 0.475803 0.218339 0.474637 0.219913 0.475155 0.221661 0.478135 0.221136 0.479041 0.220087 0.489016 0.219738 0.489404 0.219038 0.496917 0.217990 0.497565 0.216591 0.502098 0.216066 0.502358 0.214668 0.500155 0.212570 0.499767 0.208024 0.493549 0.201206 0.493290 0.199283 0.486943 0.189668 0.486554 0.187045 0.483834 0.187045
0 0.496399 0.251556 0.497824 0.254178 0.499119 0.254353 0.503135 0.260297 0.503523 0.258899 0.504560 0.258374 0.504948 0.241241 0.502746 0.241766 0.502746 0.242990 0.499896 0.242990 0.499378 0.245087 0.497047 0.245087 0.494067 0.248584 0.493290 0.251381
0 0.636969 0.255000 0.637098 0.256573 0.633472 0.261294 0.636451 0.261818 0.636710 0.263042 0.641632 0.263392 0.642798 0.265140 0.643575 0.264441 0.645130 0.263566 0.644093 0.262692 0.643446 0.257448 0.642150 0.256748 0.642228 0.252098 0.639560 0.251329
0 0.096127 0.680105 0.095492 0.684825 0.094858 0.686311 0.081049 0.734738 0.080738 0.734948 0.080259 0.739458 0.089469 0.739878 0.090104 0.737727 0.096606 0.736871 0.096762 0.736451 0.102163 0.735594 0.102642 0.734528 0.111852 0.733671 0.112008 0.732815 0.116775 0.731521 0.117409 0.729808 0.119145 0.731731 0.120259 0.731311 0.122953 0.730245 0.123433 0.728304 0.125026 0.729808 0.126451 0.728304 0.125816 0.727238 0.125505 0.724458 0.122008 0.720804 0.121852 0.718462 0.116606 0.711818 0.116606 0.709668 0.110259 0.701521 0.110415 0.698531 0.105026 0.691469 0.105026 0.690385 0.098679 0.680962
0 0.186697 0.884371 0.186956 0.903776 0.185790 0.903951 0.185531 0.908671 0.186956 0.910769 0.187992 0.909021 0.190972 0.909371 0.191490 0.907972 0.193303 0.907273 0.197448 0.901678 0.198614 0.903077 0.201205 0.897832 0.202759 0.899056 0.202759 0.895909 0.204573 0.894685 0.204573 0.892937 0.203407 0.890839 0.201205 0.890140 0.200687 0.889091 0.199262 0.888392 0.196412 0.884196 0.195376 0.884545 0.193562 0.882098 0.192526 0.879301 0.191101 0.879301 0.191231 0.881049 0.188251 0.880874 0.187733 0.879301 0.186956 0.880699 0.185531 0.881224 0.185531 0.883147
