0 0.336736 0.579108 0.344249 0.588024 0.343990 0.589423 0.343342 0.590822 0.325078 0.590822 0.326373 0.589423 0.325855 0.585402 0.327539 0.584353 0.327539 0.579458 0.328316 0.579108 0.328964 0.576661 0.330259 0.575612 0.330648 0.572815 0.331943 0.570192 0.336347 0.574913
0 0.026036 0.111399 0.029016 0.112098 0.034326 0.104948 0.029145 0.096364 0.026295 0.096538 0.024352 0.092710 0.023187 0.092517 0.021632 0.090962 0.020466 0.091294 0.017746 0.087797 0.015026 0.087797 0.013731 0.085717 0.013472 0.088671 0.011788 0.089738 0.011528 0.117343 0.012565 0.117343 0.013083 0.122238 0.014249 0.121206 0.016321 0.120332 0.016580 0.119458 0.018523 0.118741 0.020466 0.115962 0.022668 0.115437 0.023964 0.113339 0.023964 0.111399
0 0.057513 0.111748 0.054534 0.115769 0.054534 0.117710 0.050648 0.122238 0.050648 0.124336 0.049741 0.125734 0.049741 0.127483 0.047150 0.130455 0.047021 0.133077 0.043912 0.137098 0.044041 0.139563 0.046114 0.139563 0.046503 0.141818 0.058808 0.141311 0.060233 0.142535 0.061399 0.140944 0.062176 0.143217 0.065285 0.143217 0.068523 0.139038 0.067228 0.137815 0.067228 0.135542 0.066710 0.135000 0.066321 0.132045 0.065026 0.131853 0.065026 0.127832 0.063731 0.124703 0.062435 0.124703 0.062047 0.118934 0.061399 0.119266 0.061269 0.115769 0.060363 0.115437 0.059456 0.111591
0 0.000000 0.037920 0.004922 0.047063 0.004922 0.049336 0.006347 0.051958 0.008290 0.051626 0.009456 0.055455 0.015026 0.063322 0.016321 0.062273 0.018264 0.059650 0.018264 0.056329 0.019171 0.054773 0.019171 0.051276 0.020596 0.050035 0.020596 0.045507 0.021632 0.043566 0.022021 0.040420 0.023446 0.039545 0.023316 0.035699 0.024352 0.034825 0.024482 0.028899 0.025518 0.027832 0.025648 0.023654 0.019041 0.024528 0.018264 0.025734 0.013212 0.026276 0.011788 0.027308 0.007254 0.027675 0.006995 0.029423 0.001813 0.030297 0.001554 0.030979 0.000000 0.031206
0 0.091192 0.043916 0.089508 0.046031 0.089119 0.048462 0.086658 0.051626 0.087047 0.054930 0.086140 0.055804 0.085622 0.058619 0.084456 0.059143 0.084456 0.061049 0.083290 0.062797 0.083290 0.065612 0.081606 0.067010 0.081347 0.074003 0.079922 0.074510 0.081477 0.076101 0.081865 0.077133 0.084715 0.077308 0.085104 0.075227 0.087694 0.075035 0.088472 0.076783 0.089896 0.074878 0.097150 0.074878 0.097409 0.072937 0.102850 0.072937 0.104663 0.070507 0.104793 0.068566 0.103756 0.068042 0.103756 0.065612 0.102979 0.065070 0.102720 0.063514 0.099611 0.058427 0.099611 0.057028 0.094560 0.050210 0.094819 0.047780
0 0.147150 0.007045 0.148446 0.008252 0.151813 0.008252 0.151295 0.009668 0.151166 0.012098 0.149482 0.013689 0.148834 0.016119 0.148057 0.016993 0.147927 0.020157 0.143912 0.025210 0.143912 0.027308 0.141192 0.030455 0.140674 0.032920 0.138860 0.034476 0.138342 0.037448 0.135363 0.038322 0.134845 0.035892 0.133549 0.033794 0.133290 0.032395 0.132772 0.032045 0.131995 0.027675 0.131347 0.027832 0.130829 0.024860 0.130052 0.022430 0.130052 0.019965 0.129145 0.018409 0.128886 0.015944 0.126943 0.015245 0.126684 0.012622 0.126166 0.011573 0.125777 0.007045
0 0.161010 0.022238 0.152591 0.033269 0.151036 0.033077 0.150259 0.035017 0.148964 0.034668 0.143264 0.042010 0.142098 0.041818 0.138342 0.047063 0.140285 0.049336 0.141451 0.049528 0.141710 0.051276 0.144430 0.051626 0.145466 0.053374 0.146762 0.053531 0.147668 0.055122 0.150907 0.055997 0.151813 0.057745 0.153886 0.057745 0.154016 0.058269 0.155959 0.058776 0.156995 0.060367 0.158938 0.060524 0.159974 0.062640 0.160751 0.060892 0.162824 0.062797 0.163472 0.047255 0.161788 0.045664 0.163990 0.044965 0.161788 0.043409 0.161528 0.036923 0.162824 0.035699
0 0.148705 0.057395 0.148705 0.060892 0.156347 0.080997 0.156606 0.085717 0.157772 0.086748 0.158161 0.094790 0.156865 0.092710 0.144948 0.092867 0.144948 0.090420 0.142228 0.090612 0.141062 0.092517 0.140155 0.090769 0.132383 0.090962 0.132513 0.085717 0.133290 0.085717 0.133161 0.080997 0.135751 0.078182 0.135751 0.075559 0.141192 0.070140 0.140933 0.067517 0.144948 0.062797 0.145207 0.059493 0.146762 0.057028
0 0.776516 0.157657 0.789469 0.174091 0.789469 0.176888 0.792319 0.178636 0.792578 0.181783 0.796464 0.186154 0.796464 0.187727 0.797889 0.189650 0.795168 0.190350 0.794003 0.192622 0.789469 0.192098 0.788044 0.193497 0.784806 0.193671 0.784417 0.195769 0.778847 0.195769 0.777681 0.197692 0.769780 0.197168 0.768744 0.199441 0.767319 0.199266 0.766801 0.195420 0.767319 0.194545
0 0.138601 0.114213 0.138860 0.131171 0.137306 0.131696 0.137306 0.146189 0.136140 0.147937 0.136140 0.150402 0.140155 0.150402 0.140285 0.149336 0.142617 0.148304 0.143912 0.146556 0.146244 0.147063 0.151425 0.141469 0.155311 0.141661 0.155052 0.140070 0.156347 0.140070 0.158808 0.136224 0.161528 0.136573 0.161658 0.132920 0.161010 0.132727 0.158808 0.129073 0.157772 0.128706 0.154016 0.122587 0.151943 0.122430 0.149741 0.119458 0.148575 0.119266 0.146244 0.115962 0.144560 0.115594 0.143523 0.113147
0 0.183420 0.142343 0.187435 0.146713 0.188472 0.146364 0.189896 0.148462 0.191451 0.148462 0.192098 0.150734 0.194301 0.150927 0.195078 0.152308 0.195725 0.150927 0.196373 0.149860 0.195596 0.148811 0.196114 0.147063 0.196632 0.128007 0.195207 0.127133 0.194689 0.129073 0.193005 0.129073 0.192228 0.130979 0.188860 0.131171 0.186269 0.134476 0.184845 0.134476 0.181088 0.138164 0.181218 0.141311
0 0.173705 0.176783 0.175389 0.176084 0.175389 0.180122 0.180052 0.184301 0.180181 0.186241 0.183808 0.190944 0.183938 0.192168 0.185492 0.193566 0.185622 0.199510 0.179016 0.199353 0.178368 0.200559 0.167358 0.200752 0.167098 0.194633 0.168394 0.194441 0.168135 0.191818 0.169689 0.191294 0.169560 0.185524 0.171114 0.184825 0.171114 0.182745 0.172539 0.181871 0.172798 0.179248
0 0.123964 0.249703 0.108679 0.263846 0.107254 0.265594 0.105052 0.265594 0.104534 0.267343 0.099352 0.267343 0.099741 0.242343 0.098446 0.240594 0.098446 0.234650 0.099223 0.233601 0.099870 0.231154 0.098187 0.229231 0.102332 0.229406 0.103368 0.231154 0.105959 0.231503 0.107254 0.234318 0.109456 0.234318 0.109974 0.235350 0.111788 0.235350 0.114508 0.239371 0.116321 0.238339 0.117228 0.240437 0.118912 0.240437 0.121373 0.243741 0.123705 0.244266
0 0.155570 0.229231 0.155829 0.257727 0.156736 0.259476 0.155570 0.260542 0.155570 0.266993 0.156088 0.267867 0.156736 0.269615 0.158290 0.269808 0.160622 0.265787 0.162435 0.265070 0.163342 0.263846 0.164896 0.263846 0.166839 0.261224 0.168912 0.260350 0.170725 0.257203 0.172539 0.256503 0.173446 0.255455 0.175648 0.254948 0.177720 0.251084 0.180052 0.251259 0.181477 0.248304 0.181477 0.245490 0.179793 0.244615 0.177591 0.241993 0.176166 0.241836 0.175259 0.239895 0.172539 0.240087 0.172021 0.238147 0.171244 0.237815 0.170596 0.236941 0.168005 0.236591 0.167228 0.235350 0.163472 0.234126 0.163212 0.231346 0.160363 0.230822 0.157383 0.227483
0 0.160492 0.337797 0.160622 0.343234 0.161269 0.343741 0.162047 0.348986 0.162953 0.349703 0.163083 0.353881 0.163860 0.354598 0.164249 0.357727 0.165674 0.358094 0.166192 0.363689 0.167617 0.361748 0.169171 0.361591 0.169689 0.358969 0.178497 0.347762 0.178368 0.344266 0.179922 0.344108 0.181477 0.341486 0.177073 0.341294 0.176425 0.339371 0.167228 0.339371 0.166580 0.337465
0 0.174870 0.324161 0.175389 0.325909 0.175907 0.326783 0.176554 0.328724 0.178756 0.329056 0.178886 0.330122 0.180181 0.330280 0.181218 0.331346 0.184974 0.331346 0.186399 0.332745 0.189508 0.333094 0.190544 0.335000 0.194171 0.335717 0.194819 0.337115 0.197927 0.337115 0.199352 0.339545 0.202720 0.339545 0.202979 0.335367 0.202073 0.334126 0.201943 0.324003 0.200648 0.322413 0.200777 0.315944 0.199352 0.314545 0.199352 0.303182 0.196632 0.298811 0.195466 0.298811 0.187306 0.309825 0.186140 0.309650 0.183290 0.313147 0.182383 0.309825 0.178886 0.309825 0.179145 0.317517 0.178238 0.318234 0.177850 0.320664
0 0.252137 0.000000 0.249650 0.003497 0.248614 0.003497 0.244987 0.006993 0.244728 0.006643 0.242008 0.010140 0.240712 0.010140 0.239547 0.011713 0.237604 0.012238 0.234236 0.016259 0.234754 0.019231 0.236826 0.022203 0.256516 0.034615 0.256645 0.036713 0.260920 0.036888 0.260531 0.012762 0.258977 0.011538 0.260531 0.010664 0.260013 0.007867 0.259236 0.006818 0.260142 0.005420 0.260220 0.000000
0 0.256904 0.048776 0.252759 0.053846 0.252759 0.056643 0.247966 0.062762 0.247448 0.065734 0.243562 0.069930 0.243433 0.073427 0.241619 0.075524 0.240453 0.075524 0.239547 0.076224 0.238510 0.077098 0.238122 0.081818 0.252370 0.080944 0.252630 0.083217 0.258199 0.083217 0.258847 0.084615 0.267526 0.085315 0.268303 0.083566 0.267137 0.082867 0.266749 0.074301 0.265712 0.072902 0.265842 0.070629 0.264028 0.068182 0.263510 0.063287 0.261697 0.062238 0.261697 0.058916 0.260402 0.057692 0.259883 0.053497
0 0.305091 0.038112 0.303277 0.040734 0.303277 0.042133 0.301334 0.045280 0.300816 0.047552 0.298355 0.050874 0.298096 0.053671 0.295635 0.056294 0.295764 0.059266 0.292915 0.061364 0.292526 0.064510 0.290842 0.066434 0.290324 0.069231 0.292396 0.069406 0.293692 0.071503 0.309883 0.071503 0.311567 0.073427 0.317655 0.072902 0.319210 0.071678 0.320246 0.069580 0.319080 0.061888 0.314158 0.056993 0.313510 0.054021 0.312215 0.052098 0.312085 0.049476 0.311049 0.048776 0.310790 0.045979 0.310272 0.045629 0.309754 0.042657
0 0.443562 0.011538 0.442915 0.019755 0.441360 0.020979 0.440972 0.023951 0.439417 0.024650 0.439288 0.028147 0.438122 0.028671 0.438122 0.030944 0.435920 0.033042 0.435402 0.038462 0.434495 0.039336 0.433977 0.042308 0.432681 0.043007 0.432811 0.046154 0.434106 0.047902 0.437474 0.048427 0.438251 0.047552 0.459754 0.046678 0.461308 0.045280 0.461049 0.042657 0.460272 0.041958 0.460272 0.039336 0.458977 0.038986 0.458977 0.037238 0.456645 0.032867 0.456386 0.030769 0.453666 0.027273 0.453407 0.025524 0.452500 0.023951 0.452370 0.022203 0.450298 0.019056 0.449391 0.014510
0 0.474909 0.061189 0.474909 0.065210 0.474262 0.067308 0.473484 0.068182 0.470505 0.071678 0.470505 0.073252 0.468562 0.076573 0.468174 0.080245 0.466360 0.080594 0.466490 0.082517 0.464288 0.085490 0.463899 0.087762 0.458977 0.093706 0.457940 0.094056 0.454184 0.083566 0.453925 0.080769 0.451593 0.075874 0.450687 0.073601 0.449650 0.072552 0.449003 0.069930 0.448096 0.068182 0.447448 0.066259 0.447060 0.059965 0.459236 0.059615 0.459883 0.061713 0.461438 0.059441 0.463769 0.059266 0.464935 0.061014
0 0.781956 0.070420 0.785065 0.074441 0.787137 0.074790 0.794909 0.085105 0.797500 0.085455 0.797500 0.083007 0.799054 0.082483 0.799054 0.071294 0.800609 0.072168 0.800350 0.064650 0.801904 0.064126 0.801904 0.055559 0.798277 0.055909 0.798277 0.056958 0.792448 0.057133 0.791282 0.059231 0.788433 0.059056 0.787526 0.060979 0.784417 0.060629 0.783769 0.062902 0.780790 0.062902 0.780531 0.066923 0.782085 0.067448
0 0.804106 0.110455 0.803977 0.131434 0.805661 0.132483 0.804106 0.133007 0.804236 0.137028 0.805272 0.137378 0.806308 0.147517 0.819391 0.134580 0.821593 0.135455 0.825609 0.129336 0.828847 0.129161 0.828847 0.126538 0.825868 0.122343 0.824573 0.122517 0.824313 0.121119 0.821723 0.120594 0.821334 0.119720 0.820168 0.119545 0.818484 0.116573 0.816801 0.117273 0.814858 0.113951 0.812915 0.113776 0.811619 0.112028 0.808640 0.111154 0.807992 0.109930
0 0.921826 0.000734 0.918459 0.004231 0.918329 0.006329 0.917293 0.006853 0.917552 0.009476 0.916127 0.009825 0.917681 0.012448 0.915220 0.014196 0.911075 0.025559 0.910298 0.029580 0.908355 0.032727 0.908096 0.037797 0.907966 0.040245 0.913407 0.040245 0.915091 0.038497 0.916256 0.040245 0.924547 0.040420 0.924676 0.038497 0.934650 0.038846 0.936464 0.036399 0.937500 0.038671 0.939313 0.036573 0.939184 0.030804 0.935298 0.025909 0.935039 0.024685 0.931541 0.019266 0.931412 0.017168 0.929858 0.013671 0.928951 0.011049 0.927526 0.009476 0.926360 0.006853
0 0.910039 0.066294 0.909909 0.069790 0.905764 0.073287 0.905635 0.076084 0.904339 0.077308 0.904210 0.079406 0.905117 0.080629 0.905894 0.082552 0.913407 0.082552 0.913666 0.084301 0.915091 0.082028 0.916386 0.083252 0.918070 0.083252 0.918977 0.081329 0.919365 0.080280 0.918459 0.079231 0.918199 0.073636 0.917552 0.073636 0.917034 0.069790 0.914573 0.066469 0.914184 0.062797 0.913148 0.063846
0 0.930246 0.086573 0.939184 0.122413 0.931930 0.122063 0.931153 0.120664 0.927526 0.120490 0.927137 0.119266 0.922085 0.118916 0.921826 0.116993 0.916127 0.116993 0.915868 0.115070 0.910687 0.114371 0.910298 0.110874 0.911982 0.110175 0.911723 0.107203 0.913666 0.107203 0.916127 0.103182 0.918588 0.102657 0.918588 0.096538 0.919883 0.093916 0.921049 0.094266 0.926490 0.086399
0 0.870881 0.276329 0.870622 0.280874 0.871269 0.282098 0.871788 0.288042 0.872565 0.288566 0.873083 0.293287 0.875415 0.295559 0.875674 0.299056 0.877098 0.301154 0.878264 0.302028 0.884352 0.295385 0.884093 0.292238 0.888238 0.287517 0.888238 0.286119 0.891347 0.281748 0.891218 0.280350 0.882409 0.280000 0.882150 0.278252 0.877617 0.278252 0.876710 0.276329
0 0.878912 0.312867 0.867124 0.329825 0.872176 0.330175 0.873083 0.331923 0.877746 0.331573 0.878653 0.333671 0.886295 0.333322 0.887591 0.336294 0.894845 0.336818 0.894715 0.331049 0.894067 0.330350 0.893679 0.324755 0.892902 0.322308 0.892124 0.317063 0.891347 0.316538 0.890959 0.310245 0.889534 0.306923 0.889534 0.305175 0.888238 0.302552 0.886813 0.302378 0.886425 0.305350 0.883964 0.305350 0.881373 0.309021 0.880855 0.312343
0 0.768420 0.309545 0.768420 0.318986 0.767513 0.319860 0.766736 0.330699 0.765699 0.330874 0.765959 0.346608 0.766865 0.346958 0.767772 0.344860 0.769585 0.344336 0.770363 0.342937 0.773860 0.342762 0.775285 0.341014 0.788886 0.331923 0.791218 0.332098 0.791477 0.329650 0.786036 0.321084 0.785000 0.322308 0.782150 0.317587 0.781114 0.318287 0.777098 0.312517 0.775544 0.313042 0.771269 0.306573 0.769974 0.307098
0 0.810000 0.375979 0.795104 0.395734 0.795104 0.397657 0.792772 0.398007 0.792642 0.402028 0.795622 0.401503 0.796788 0.403776 0.802746 0.403427 0.803912 0.405000 0.806891 0.405000 0.808446 0.406224 0.812073 0.406399 0.814145 0.408322 0.818938 0.409021 0.819067 0.406923 0.817254 0.405699 0.817642 0.397832 0.816218 0.397133 0.816218 0.392587 0.815311 0.391538 0.815052 0.388566 0.813756 0.388566 0.813238 0.381748 0.812461 0.381049 0.811684 0.375804
0 0.875544 0.389965 0.875674 0.394685 0.877228 0.395035 0.880078 0.392238 0.879948 0.389615 0.881373 0.387867 0.881503 0.385070 0.885130 0.380524 0.886166 0.377028 0.887202 0.376154 0.887591 0.373182 0.889663 0.370734 0.889922 0.368636 0.891347 0.368112 0.890829 0.363392 0.889663 0.365839 0.887979 0.365490 0.887073 0.363042 0.866995 0.363566 0.865829 0.365664 0.867513 0.368112 0.866736 0.370559 0.866736 0.372133 0.869067 0.371783 0.869326 0.378427 0.872435 0.383846 0.873083 0.386993
0 0.935389 0.382797 0.935389 0.385070 0.936425 0.386469 0.937202 0.390664 0.938368 0.392063 0.936684 0.394161 0.936684 0.395909 0.937073 0.396783 0.937979 0.400979 0.938886 0.402028 0.939534 0.410769 0.940440 0.413566 0.943938 0.414266 0.959741 0.392587 0.959741 0.390315 0.955337 0.389790 0.954560 0.388741 0.951451 0.388392 0.950285 0.385944 0.946010 0.386119 0.945363 0.385070 0.941088 0.384545 0.940052 0.382273
0 0.975078 0.498304 0.983756 0.498829 0.985570 0.496206 0.985570 0.502325 0.984922 0.503549 0.984663 0.509318 0.980518 0.518741 0.979870 0.521364 0.978834 0.522587 0.970026 0.511224 0.970026 0.510000 0.966399 0.504073 0.969689 0.499825 0.975518 0.500000
0 0.925855 0.479755 0.923782 0.481503 0.923394 0.485192 0.922487 0.488497 0.921192 0.489720 0.920803 0.494266 0.918601 0.495839 0.917824 0.499703 0.913808 0.508252 0.912902 0.511941 0.911477 0.514038 0.909404 0.511224 0.908756 0.507203 0.905777 0.502832 0.905389 0.501608 0.903575 0.498112 0.902927 0.494266 0.897876 0.483601 0.896451 0.481346 0.896321 0.479406 0.904741 0.478724 0.905259 0.477325 0.907202 0.477133 0.908238 0.478531 0.911218 0.478357 0.911736 0.477850 0.915233 0.477483 0.915881 0.478881 0.917565 0.477483 0.924430 0.477483
0 0.842085 0.626451 0.841826 0.631399 0.842617 0.634056 0.843666 0.642343 0.845233 0.642692 0.845104 0.645524 0.846140 0.646399 0.846671 0.652045 0.847591 0.652587 0.847448 0.655402 0.847979 0.656993 0.848886 0.663706 0.850065 0.664755 0.852681 0.661766 0.853472 0.658409 0.855427 0.657710 0.861192 0.650105 0.861192 0.646399 0.870868 0.634930 0.869430 0.635105 0.869028 0.633689 0.865635 0.633339 0.864845 0.631224 0.859352 0.631399 0.858964 0.629808 0.853860 0.629108 0.852940 0.627168 0.848886 0.627343 0.847979 0.625752
0 0.921166 0.776259 0.921425 0.782203 0.922332 0.783776 0.921813 0.785350 0.921166 0.795664 0.919741 0.796189 0.919223 0.807552 0.938135 0.793566 0.938912 0.793741 0.941762 0.791119 0.940078 0.789545 0.938394 0.789196 0.936192 0.785874 0.934896 0.785175 0.933860 0.783427 0.932176 0.783601 0.931010 0.782203 0.930233 0.782028 0.927124 0.777657 0.924404 0.777832 0.923368 0.776259
0 0.901347 0.844091 0.901218 0.861923 0.902642 0.862273 0.901477 0.864371 0.901477 0.866643 0.904715 0.866818 0.919352 0.850385 0.919352 0.848636 0.917927 0.848636 0.917021 0.847238 0.915466 0.846888 0.914948 0.844091 0.910285 0.844441 0.909896 0.843392 0.907306 0.842867 0.906788 0.840944 0.902513 0.840245 0.902124 0.838846 0.900440 0.838846 0.900311 0.843392
0 0.818977 0.948916 0.820272 0.965524 0.821438 0.966206 0.821438 0.971976 0.822474 0.971101 0.824028 0.970227 0.826101 0.967080 0.827655 0.966923 0.835298 0.956591 0.834003 0.955035 0.832707 0.954685 0.831671 0.953811 0.830376 0.953444 0.829210 0.951696 0.825712 0.950997 0.825453 0.949790
0 0.700712 0.963584 0.704728 0.991556 0.706541 0.992622 0.710168 0.988934 0.711982 0.987710 0.713018 0.985962 0.713277 0.983164 0.715220 0.982133 0.724158 0.971294 0.721049 0.970052 0.718588 0.966923 0.716645 0.966399 0.715738 0.965682 0.713925 0.965524
0 0.636075 0.932640 0.635946 0.934056 0.638536 0.938951 0.638795 0.941573 0.641904 0.945577 0.641775 0.947325 0.642681 0.947850 0.642681 0.949948 0.648251 0.956941 0.648251 0.959406 0.649935 0.961678 0.650972 0.961678 0.652915 0.959406 0.652655 0.955192 0.660557 0.937552 0.660298 0.934930 0.661982 0.933182 0.661723 0.930017 0.650972 0.930017 0.650972 0.931958 0.648899 0.931766 0.647604 0.930210 0.645142 0.930210 0.644236 0.931958
0 0.685298 0.849423 0.685427 0.855385 0.686205 0.855909 0.686593 0.871993 0.687241 0.871451 0.690350 0.870927 0.691775 0.867080 0.702137 0.860437 0.701749 0.857133 0.699028 0.856941 0.696697 0.853794 0.695142 0.852920 0.694236 0.851696 0.691645 0.851538 0.690609 0.850822 0.688277 0.848549 0.687111 0.846976
0 0.634909 0.870927 0.634909 0.873392 0.635687 0.874073 0.636593 0.878794 0.637241 0.878794 0.637370 0.884563 0.638925 0.886136 0.638925 0.890157 0.640479 0.891748 0.640350 0.895594 0.641386 0.896993 0.641516 0.905210 0.644624 0.905734 0.660298 0.884755 0.660039 0.881766 0.662241 0.881066 0.662889 0.876014 0.657189 0.875822 0.656801 0.874423 0.653562 0.874423 0.652526 0.872325 0.650065 0.871993 0.649158 0.870577 0.643199 0.871119 0.642422 0.868829 0.640609 0.869178 0.639313 0.866906 0.638536 0.869528 0.637111 0.866906
0 0.626878 0.821294 0.626878 0.836836 0.626101 0.836836 0.625842 0.844178 0.624547 0.844545 0.624935 0.851696 0.627137 0.851346 0.628303 0.849598 0.631153 0.848724 0.632060 0.847325 0.634132 0.846643 0.635039 0.845769 0.637241 0.845577 0.638277 0.844178 0.640997 0.843671 0.643847 0.840857 0.647085 0.840682 0.647863 0.838427 0.650972 0.838934 0.653044 0.836678 0.650972 0.834213 0.649676 0.834056 0.645013 0.827063 0.643588 0.827220 0.636852 0.817255 0.635557 0.817448 0.631801 0.812552 0.628821 0.812552 0.629339 0.820752
0 0.494754 0.909231 0.496826 0.909231 0.515220 0.900297 0.515609 0.898549 0.519365 0.898374 0.519495 0.906766 0.518329 0.907483 0.518459 0.920594 0.517552 0.921101 0.516645 0.935087 0.515220 0.937710 0.514054 0.935804 0.511723 0.935612 0.509521 0.931241 0.508225 0.931241 0.503692 0.924773 0.501749 0.924598 0.497085 0.918654 0.495790 0.917972 0.492422 0.913077
0 0.676321 0.727570 0.676321 0.730717 0.674119 0.730192 0.670104 0.737710 0.668290 0.737535 0.665829 0.741206 0.663886 0.741556 0.663497 0.743479 0.661684 0.745227 0.661166 0.749773 0.663497 0.749423 0.664534 0.751346 0.682668 0.760437 0.682927 0.762535 0.687591 0.762535 0.687591 0.749948 0.686684 0.749073 0.686425 0.735962 0.685777 0.735612 0.685389 0.724948 0.683446 0.721801 0.681891 0.724248 0.681244 0.724423 0.681244 0.724423 0.678782 0.726871
0 0.709223 0.671101 0.697565 0.685787 0.698601 0.688409 0.699249 0.689283 0.700674 0.689633 0.701710 0.692080 0.706891 0.692255 0.707668 0.694003 0.713497 0.693654 0.713627 0.688409 0.712073 0.687185 0.712073 0.682990 0.711166 0.681941 0.711036 0.678269 0.710130 0.676871
0 0.739663 0.676521 0.753523 0.676171 0.753912 0.677920 0.759223 0.678094 0.759352 0.680192 0.756891 0.683514 0.756891 0.685962 0.755725 0.686836 0.755596 0.689108 0.750285 0.696101 0.750155 0.699598 0.748860 0.701171 0.746528 0.699598 0.746140 0.696801 0.744974 0.695577 0.744585 0.691731 0.741088 0.687535 0.740959 0.682815 0.739922 0.681591
0 0.712073 0.656941 0.712720 0.659213 0.714663 0.662010 0.715052 0.665157 0.716995 0.667605 0.717902 0.670577 0.721269 0.674598 0.722176 0.677745 0.723212 0.679318 0.725415 0.676171 0.726451 0.674598 0.727746 0.673024 0.727746 0.670052 0.728394 0.669178 0.728912 0.665682 0.732021 0.660262 0.731632 0.658864 0.732798 0.658514 0.733316 0.653444 0.734223 0.653794 0.734223 0.650647 0.736166 0.648724 0.727228 0.648899 0.726451 0.647150 0.725415 0.648899 0.709352 0.648374 0.708964 0.650997 0.707798 0.653269 0.707409 0.657115
0 0.750479 0.567885 0.761231 0.582570 0.761619 0.586591 0.763044 0.585717 0.764339 0.589038 0.766801 0.587115 0.766801 0.583094 0.769003 0.580297 0.769132 0.578374 0.771593 0.575927 0.770946 0.572955 0.771593 0.571556 0.771982 0.567360 0.773277 0.565787 0.773018 0.561766 0.774443 0.561241 0.774184 0.555997 0.773018 0.555822 0.771982 0.557220 0.766671 0.558094 0.765505 0.559843 0.758899 0.559318 0.757733 0.561591 0.755920 0.558794 0.755013 0.560892 0.750350 0.561591
0 0.740246 0.569633 0.735712 0.577150 0.734676 0.576976 0.726516 0.587290 0.724184 0.587815 0.724184 0.590087 0.723277 0.591136 0.723277 0.594983 0.726386 0.595332 0.728847 0.599703 0.732863 0.599003 0.734417 0.600927 0.736231 0.600927 0.736878 0.603024 0.739080 0.603024 0.741412 0.604773 0.744262 0.604948 0.745816 0.606696 0.745946 0.596031 0.744650 0.595507 0.744262 0.582570 0.743744 0.581871 0.743873 0.574003 0.742578 0.572955 0.742448 0.570507
0 0.712785 0.542535 0.712526 0.543934 0.711490 0.545157 0.711231 0.547780 0.709806 0.548829 0.709806 0.551626 0.709028 0.552850 0.708640 0.555647 0.707604 0.556171 0.707085 0.560892 0.705920 0.561766 0.705531 0.566486 0.704236 0.568409 0.703588 0.574178 0.700738 0.579073 0.710065 0.578549 0.710583 0.576976 0.719391 0.576976 0.720039 0.575227 0.727293 0.575402 0.727811 0.573304 0.732604 0.573129 0.730661 0.570857 0.730661 0.568759 0.728459 0.566136 0.728199 0.564038 0.725609 0.561066 0.725350 0.558969 0.721723 0.553724 0.721723 0.551801 0.718873 0.549178 0.719650 0.546906 0.716282 0.541836
0 0.666023 0.564913 0.666023 0.568584 0.665117 0.569108 0.664598 0.571381 0.664210 0.572255 0.663562 0.574703 0.662137 0.575402 0.662008 0.578024 0.660972 0.578899 0.660972 0.581521 0.658381 0.585192 0.658381 0.586941 0.656956 0.588164 0.656308 0.592185 0.655272 0.594633 0.655661 0.596556 0.677034 0.595682 0.677293 0.594983 0.681308 0.594108 0.681179 0.592010 0.680272 0.591136 0.679883 0.589388 0.679236 0.587815 0.678199 0.586066 0.677681 0.583444 0.676386 0.581696 0.676127 0.579773 0.675091 0.578724 0.675091 0.576276 0.672111 0.572080 0.672111 0.570157 0.667966 0.564563
0 0.561231 0.614213 0.561231 0.624528 0.567319 0.639913 0.567448 0.645682 0.568355 0.646731 0.569003 0.649178 0.570557 0.652850 0.573795 0.648479 0.573925 0.645332 0.583769 0.632045 0.584028 0.629248 0.586749 0.629598 0.586619 0.625577 0.590635 0.622080 0.590246 0.619108 0.587655 0.619983 0.586619 0.617360 0.582215 0.617535 0.581826 0.615612 0.575868 0.615262 0.574961 0.613689 0.570816 0.613514 0.569521 0.612115 0.559935 0.611766
0 0.522759 0.633094 0.523407 0.640787 0.521723 0.640787 0.521205 0.655997 0.520427 0.657395 0.519650 0.660017 0.517837 0.660892 0.517966 0.664913 0.515764 0.664738 0.495687 0.638514 0.495946 0.637465 0.494521 0.636416 0.494521 0.633619 0.495816 0.633444 0.496205 0.628724 0.496982 0.626451 0.499702 0.626101 0.500997 0.624703 0.503977 0.624528 0.504883 0.623654 0.510194 0.623479 0.510453 0.621206 0.513951 0.620507 0.514339 0.618934 0.518614 0.618934 0.519391 0.617710 0.522111 0.617185 0.522759 0.618759 0.524313 0.619283 0.524443 0.633094
0 0.471205 0.612465 0.471464 0.625927 0.470168 0.625752 0.469650 0.631171 0.468873 0.629773 0.464858 0.628899 0.460324 0.622430 0.459158 0.622080 0.457085 0.619108 0.454883 0.619633 0.452552 0.616486 0.451645 0.615437 0.447370 0.609143 0.450220 0.605822 0.469650 0.592710 0.473018 0.592360 0.472889 0.611241
0 0.448018 0.572255 0.435194 0.595507 0.431438 0.595507 0.423666 0.564388 0.422630 0.563864 0.422500 0.559843 0.424054 0.559493 0.424702 0.561591 0.435453 0.560367 0.435583 0.562815 0.444003 0.562465 0.444262 0.563689 0.449573 0.564913 0.449443 0.568234 0.448277 0.569283
0 0.659313 0.114266 0.659443 0.121084 0.658536 0.122133 0.657630 0.129126 0.655816 0.130000 0.656464 0.134196 0.655168 0.135944 0.655298 0.142063 0.654262 0.143462 0.654132 0.146783 0.652578 0.147133 0.644935 0.136119 0.643251 0.136119 0.641956 0.134895 0.640531 0.134371 0.636386 0.124580 0.636127 0.124056 0.637681 0.122657 0.638977 0.121783 0.641049 0.120734
0 0.586645 0.131399 0.586904 0.136993 0.585609 0.137867 0.581593 0.161294 0.580687 0.161469 0.580298 0.171434 0.585350 0.171434 0.587034 0.169685 0.589365 0.169510 0.589754 0.167587 0.594935 0.167937 0.595972 0.166538 0.597137 0.166538 0.597785 0.164441 0.602448 0.163916 0.603484 0.162343 0.608148 0.162517 0.608407 0.160944 0.610091 0.160594 0.596749 0.141364
0 0.610868 0.230699 0.608795 0.233846 0.607889 0.233846 0.594417 0.250280 0.594676 0.253252 0.592733 0.253951 0.612293 0.261993 0.612940 0.263566 0.617863 0.264266 0.617733 0.260769 0.616308 0.260070 0.616567 0.252727 0.615142 0.250979 0.615142 0.243636 0.614106 0.242587 0.613847 0.235245 0.612811 0.233497 0.612422 0.230524
0 0.587681 0.279476 0.592474 0.285245 0.592604 0.286818 0.593510 0.287867 0.594288 0.291189 0.596101 0.292762 0.591049 0.293636 0.590661 0.294860 0.583795 0.295385 0.582889 0.296608 0.580427 0.298357 0.576671 0.298182 0.576153 0.297483 0.573174 0.296958 0.572267 0.298182 0.566049 0.299056 0.565920 0.296958 0.567215 0.296434 0.567345 0.289965 0.568640 0.289965 0.568899 0.285769 0.569935 0.285594 0.570194 0.280175 0.570842 0.280175 0.571490 0.276678 0.572267 0.276678 0.572526 0.272657 0.573821 0.271084 0.573821 0.267762 0.574987 0.267413 0.575117 0.263042 0.576412 0.260070 0.583925 0.269161 0.583795 0.272133 0.587681 0.275804
0 0.676671 0.319336 0.653484 0.333671 0.649210 0.333846 0.649080 0.331573 0.649858 0.330874 0.649858 0.315315 0.652060 0.314790 0.651671 0.300804 0.653096 0.300979 0.652578 0.294685 0.654650 0.297133 0.657630 0.296608 0.661645 0.303776 0.663977 0.303601 0.665272 0.306049 0.667215 0.306923 0.670453 0.310944 0.671360 0.311294
0 0.702837 0.267413 0.703225 0.270559 0.704391 0.272133 0.704391 0.275804 0.705298 0.278252 0.709702 0.295559 0.710609 0.296608 0.710609 0.299231 0.704132 0.298706 0.703355 0.297832 0.696231 0.297483 0.695583 0.296084 0.688718 0.295559 0.688459 0.294161 0.686516 0.293112 0.687552 0.292238 0.687681 0.289441 0.690920 0.285420 0.690920 0.283671 0.693769 0.279825 0.694417 0.275804 0.698303 0.272133 0.698044 0.269336 0.700764 0.268811
0 0.633277 0.273007 0.633277 0.303951 0.629909 0.304126 0.629003 0.302552 0.627578 0.302552 0.627189 0.301329 0.624469 0.300804 0.623174 0.298182 0.619547 0.297483 0.617474 0.293811 0.616049 0.293636 0.613847 0.290315 0.612681 0.292063 0.611386 0.289441 0.609832 0.287867 0.611516 0.285769 0.612940 0.284720 0.613718 0.281748 0.615531 0.280524 0.616438 0.280874 0.617474 0.280350 0.620583 0.276678 0.622267 0.276503 0.623951 0.273706 0.626023 0.273881 0.628744 0.270035 0.633666 0.269336 0.631593 0.271958
0 0.666399 0.498794 0.664456 0.502115 0.664456 0.504738 0.661736 0.506486 0.661736 0.509808 0.659793 0.511906 0.658756 0.515752 0.658109 0.517150 0.657720 0.519598 0.656684 0.521346 0.654870 0.520822 0.653187 0.519073 0.653187 0.516801 0.645415 0.497920 0.645155 0.494073 0.665622 0.492675 0.665622 0.494598 0.666658 0.495297
0 0.621710 0.482185 0.629223 0.483059 0.629870 0.481486 0.635311 0.480962 0.635699 0.479563 0.643601 0.479213 0.643342 0.481486 0.642565 0.483234 0.642435 0.486906 0.641269 0.487955 0.640751 0.494598 0.640104 0.494948 0.639715 0.497920 0.638938 0.498444 0.638161 0.502465 0.637772 0.503164 0.637254 0.506311 0.635311 0.507010 0.634404 0.503339 0.631943 0.503339 0.630777 0.501241 0.630389 0.498969 0.621580 0.486906
0 0.496904 0.339633 0.499495 0.343129 0.504676 0.346101 0.512448 0.352745 0.512837 0.356241 0.511541 0.356416 0.508692 0.360262 0.506231 0.361311 0.498847 0.366906 0.497940 0.366906 0.497034 0.368829 0.494573 0.368829 0.494832 0.341556
0 0.541205 0.419528 0.545868 0.419878 0.546516 0.418829 0.562966 0.414633 0.563096 0.423549 0.562060 0.423374 0.561930 0.425297 0.561153 0.428619 0.560635 0.431591 0.559728 0.431941 0.559339 0.435437 0.558174 0.437185 0.557655 0.442780 0.556749 0.444353 0.556231 0.448899 0.555194 0.451346 0.553899 0.451346 0.551179 0.447325 0.550402 0.444003 0.542889 0.435087 0.542889 0.432990 0.537837 0.425122 0.537707 0.422325
0 0.527733 0.452745 0.526697 0.454843 0.524495 0.454318 0.524754 0.460612 0.530453 0.467605 0.530712 0.470402 0.534987 0.475297 0.534987 0.477395 0.539262 0.484038 0.539780 0.483339 0.542500 0.480367 0.542500 0.478269 0.543018 0.476871 0.543407 0.472850 0.544702 0.470927 0.545350 0.466906 0.545997 0.466731 0.546516 0.464283 0.547552 0.462710 0.547681 0.458864 0.548977 0.457990 0.549365 0.454668 0.550402 0.454143 0.550531 0.449248 0.548459 0.449423 0.547940 0.451521 0.540427 0.451171 0.540168 0.452395
0 0.519443 0.495227 0.518925 0.498374 0.520868 0.501696 0.521904 0.505542 0.525661 0.514983 0.527215 0.517080 0.527345 0.520752 0.500013 0.520927 0.499495 0.517780 0.501179 0.517955 0.501179 0.512010 0.502863 0.512360 0.503122 0.509913 0.504288 0.507465 0.505065 0.504493 0.507915 0.501871 0.507915 0.499073 0.509080 0.498374 0.509210 0.496451 0.511930 0.491731 0.512319 0.489633 0.513355 0.488409 0.514780 0.487710 0.517889 0.490857 0.517889 0.494003
0 0.519171 0.817150 0.524223 0.826591 0.525389 0.827115 0.525648 0.829563 0.527202 0.830787 0.528497 0.834108 0.530052 0.836556 0.530311 0.839178 0.534067 0.845822 0.534067 0.848444 0.535233 0.850192 0.538342 0.847570 0.538601 0.845822 0.541969 0.841451 0.541710 0.839878 0.542746 0.837955 0.542746 0.835682 0.544948 0.833409 0.544948 0.831136 0.547668 0.828339 0.547539 0.825542 0.548575 0.824668 0.548705 0.820822 0.550907 0.817500 0.551554 0.814003 0.521244 0.814878
0 0.369301 0.942115 0.383549 0.942115 0.383031 0.938444 0.382124 0.937395 0.381606 0.934423 0.377332 0.923234 0.376813 0.919738 0.375648 0.919913 0.371503 0.923059 0.371632 0.925682 0.369689 0.928829 0.369689 0.930577 0.364896 0.936346 0.364896 0.938269 0.365933 0.939318 0.366451 0.940892 0.369301 0.940542
0 0.323705 0.941591 0.330829 0.942465 0.331347 0.943864 0.337824 0.944738 0.337953 0.945787 0.342358 0.945962 0.345337 0.947885 0.343005 0.949633 0.342487 0.953129 0.338342 0.957850 0.337953 0.960297 0.332124 0.968339 0.329922 0.967990 0.328756 0.965192 0.327850 0.964668 0.327332 0.960297 0.326684 0.958899 0.326684 0.955577 0.325648 0.954528 0.325389 0.952605 0.323834 0.950857
0 0.286010 0.916066 0.285881 0.922360 0.287047 0.923059 0.287435 0.926906 0.288342 0.928479 0.288731 0.931276 0.289896 0.932500 0.290544 0.937395 0.291192 0.939318 0.291580 0.943864 0.292487 0.946311 0.292746 0.949283 0.286140 0.949633 0.285622 0.947710 0.279793 0.947885 0.279404 0.945612 0.272539 0.945787 0.271891 0.944388 0.267358 0.943339 0.266321 0.941941 0.265415 0.939668 0.267487 0.939143 0.267617 0.936696 0.276425 0.925507 0.276166 0.923934 0.279404 0.919038 0.279404 0.917290 0.280829 0.915367 0.283420 0.914668
0 0.216049 0.826661 0.215920 0.831031 0.216956 0.832255 0.217345 0.838899 0.218251 0.839248 0.219028 0.847290 0.219935 0.847990 0.219935 0.851836 0.213847 0.851136 0.213329 0.849913 0.210479 0.849388 0.204391 0.844668 0.200764 0.843794 0.200764 0.841696 0.203484 0.837675 0.206075 0.837500 0.214236 0.825262
0 0.126541 0.819143 0.119547 0.828059 0.118640 0.832255 0.116567 0.832080 0.116049 0.835577 0.109702 0.844318 0.107500 0.844668 0.107630 0.841171 0.106593 0.839948 0.106464 0.836976 0.105427 0.835227 0.105427 0.830332 0.104132 0.827360 0.104132 0.823514 0.102966 0.822815 0.102448 0.818619 0.101153 0.818269 0.100894 0.809528 0.099987 0.807955 0.099987 0.804808 0.102578 0.804633 0.103873 0.806031 0.105039 0.804283 0.106593 0.804808 0.108018 0.805157 0.108018 0.807255 0.113329 0.807955 0.113847 0.809353 0.115531 0.809528 0.115920 0.810577 0.118251 0.811276 0.118640 0.809878 0.119547 0.811101 0.121878 0.811101 0.122785 0.813549 0.127966 0.813549 0.129262 0.814948 0.127060 0.814248
0 0.333394 0.293234 0.331321 0.296381 0.331710 0.299178 0.329637 0.300927 0.329249 0.303899 0.326528 0.306346 0.326528 0.309143 0.324715 0.311766 0.324456 0.313514 0.322902 0.315087 0.323031 0.321381 0.336373 0.321031 0.337539 0.322955 0.342591 0.322955 0.342850 0.321556 0.345052 0.320332 0.344793 0.318759 0.342850 0.317535 0.342850 0.313514 0.342332 0.312290 0.342202 0.310017 0.339482 0.307570 0.339223 0.303024 0.338446 0.301976 0.338057 0.299878 0.336762 0.298304 0.336503 0.296381
0 0.347383 0.378112 0.343368 0.382483 0.343368 0.385629 0.341554 0.388077 0.340000 0.388077 0.338446 0.385105 0.337798 0.382832 0.336373 0.381434 0.336244 0.379685 0.335466 0.379336 0.335725 0.372692 0.346736 0.372692
0 0.329896 0.400490 0.332228 0.403811 0.332617 0.405909 0.342202 0.433531 0.342591 0.434231 0.342720 0.437902 0.337150 0.438427 0.336632 0.436853 0.318109 0.437028 0.317073 0.435455 0.313834 0.435105 0.313446 0.433881 0.313964 0.432657 0.314093 0.430035 0.315648 0.428636 0.315648 0.426014 0.319275 0.421119 0.319275 0.417797 0.320959 0.417098 0.321347 0.415175 0.323290 0.412552 0.324067 0.410280 0.326269 0.407308 0.326658 0.405385
0 0.340648 0.440699 0.370699 0.441224 0.371347 0.446469 0.367591 0.452587 0.366684 0.457483 0.364223 0.459755 0.363834 0.462902 0.362409 0.462552 0.362150 0.466923 0.361762 0.467273 0.361503 0.469720 0.360078 0.470245 0.359819 0.472343 0.357098 0.476713 0.355415 0.474965 0.354896 0.472168 0.352824 0.470070 0.352176 0.467273 0.352176 0.467273 0.351399 0.466748 0.351010 0.464301 0.347513 0.460455 0.347383 0.456783 0.345311 0.453112 0.345052 0.450140 0.342332 0.447168 0.341943 0.444720 0.341036 0.444371
0 0.365259 0.424266 0.365777 0.430909 0.373549 0.439825 0.374715 0.441399 0.376140 0.441573 0.376658 0.444021 0.378731 0.447168 0.381969 0.448042 0.381969 0.444895 0.382617 0.443322 0.382876 0.439825 0.384041 0.437552 0.384430 0.434056 0.385855 0.433182 0.385855 0.431084 0.386762 0.430385 0.387021 0.428462 0.388446 0.426713 0.388316 0.417622 0.381580 0.417622 0.381451 0.418846 0.373938 0.419371 0.373420 0.421469 0.367073 0.421469
0 0.395803 0.536276 0.406813 0.551486 0.405907 0.552360 0.405648 0.553584 0.402668 0.553759 0.402668 0.555332 0.400466 0.555857 0.399041 0.557605 0.395803 0.557255 0.394767 0.559878 0.391658 0.560227 0.390881 0.560927 0.388290 0.561101 0.387642 0.562675 0.381166 0.563374 0.380907 0.560227 0.382073 0.559703 0.381684 0.549563 0.382850 0.548864 0.383368 0.543094 0.384145 0.542395 0.384534 0.535927 0.385959 0.534703 0.385829 0.528409 0.387254 0.527535 0.394637 0.536626
0 0.346969 0.624038 0.348782 0.624913 0.349560 0.626136 0.362383 0.634178 0.365622 0.634528 0.367953 0.636801 0.367824 0.639423 0.364974 0.643444 0.363420 0.643094 0.358756 0.650787 0.356425 0.650262 0.354611 0.653234 0.352927 0.653409 0.350596 0.656556 0.349171 0.656906 0.345933 0.661451 0.345026 0.660402 0.344508 0.653934 0.343083 0.652885 0.343472 0.634353 0.342176 0.634703 0.342047 0.622640 0.345155 0.622115 0.345285 0.624388
0 0.273303 0.727098 0.273692 0.737937 0.272396 0.738811 0.272137 0.750350 0.270583 0.750699 0.270712 0.759091 0.269288 0.759790 0.269158 0.767133 0.269935 0.767657 0.271101 0.769231 0.272915 0.768182 0.274598 0.766958 0.275635 0.765385 0.278744 0.764860 0.279780 0.763811 0.281852 0.763287 0.282630 0.762238 0.285609 0.761538 0.286645 0.760315 0.288459 0.759965 0.288718 0.758741 0.291308 0.758392 0.292215 0.757168 0.296360 0.756294 0.296490 0.754371 0.292733 0.747552 0.290661 0.747378 0.281334 0.734266
0 0.196399 0.717762 0.196671 0.731399 0.196023 0.730350 0.192513 0.729126 0.191490 0.726853 0.189158 0.726853 0.187720 0.725629 0.185777 0.725629 0.185130 0.724406 0.183187 0.723706 0.182798 0.723007 0.178912 0.721434 0.177617 0.720035 0.177358 0.718112 0.185389 0.706748 0.186684 0.706573 0.191101 0.701154 0.193692 0.701154 0.193938 0.704650 0.195376 0.704650 0.195635 0.716538
0 0.126580 0.720035 0.125687 0.722133 0.122565 0.728776 0.122448 0.730699 0.121399 0.731748 0.121658 0.733147 0.119715 0.735769 0.119715 0.738217 0.117124 0.742063 0.114275 0.737517 0.114028 0.735070 0.109611 0.723357 0.109236 0.721608 0.107668 0.719860 0.107552 0.715664 0.109236 0.717762 0.110389 0.717587 0.111295 0.715839 0.114417 0.715315 0.115181 0.716713 0.117124 0.715315 0.118031 0.716888 0.119974 0.715664 0.123860 0.715490
0 0.078653 0.691189 0.084093 0.699231 0.085777 0.699580 0.086179 0.701503 0.088886 0.704650 0.089534 0.709021 0.087591 0.708671 0.086567 0.710420 0.082409 0.710594 0.081114 0.712517 0.075557 0.712692 0.074637 0.714441 0.070881 0.714965 0.069456 0.716888 0.066101 0.716538 0.064275 0.718462 0.062863 0.718462 0.061308 0.716538 0.061036 0.714091 0.062073 0.713916 0.062215 0.703776 0.063627 0.703252 0.063510 0.700280 0.061956 0.697832 0.063510 0.697133 0.063627 0.690839 0.065052 0.690490 0.065194 0.689091 0.063510 0.687867 0.064806 0.687168 0.064806 0.682098 0.065842 0.681573 0.066490 0.678252 0.067785 0.679301 0.068938 0.679476 0.077111 0.690839
0 0.029236 0.243759 0.029236 0.247605 0.030142 0.248479 0.031049 0.253724 0.031438 0.253899 0.032215 0.259843 0.033510 0.261066 0.033510 0.267360 0.032345 0.265962 0.023407 0.265612 0.023018 0.264738 0.016153 0.263864 0.015635 0.263164 0.014339 0.261766 0.014080 0.259843 0.015505 0.258794 0.015117 0.256171 0.020427 0.249878 0.020298 0.247080 0.022111 0.247780 0.024443 0.243934 0.024702 0.241486 0.028199 0.240787
0 0.320052 0.645559 0.325622 0.652378 0.325881 0.657273 0.311891 0.658497 0.310984 0.660070 0.305285 0.660420 0.304249 0.662168 0.296606 0.662867 0.296347 0.660769 0.298549 0.660420 0.299067 0.657098 0.300363 0.656399 0.300492 0.653951 0.301917 0.652203 0.301917 0.647832 0.302953 0.647483 0.303601 0.641014 0.302306 0.640490 0.301917 0.636294 0.303083 0.633322 0.305026 0.633322 0.305415 0.631923 0.306321 0.631748 0.306580 0.628776 0.308912 0.625804 0.309948 0.625804 0.310207 0.629301 0.312150 0.629126 0.312668 0.631573 0.315259 0.634021 0.315518 0.636818 0.319404 0.641713
0 0.262047 0.573741 0.262047 0.575839 0.259456 0.578636 0.259456 0.580909 0.256995 0.583357 0.256606 0.589825 0.255440 0.591399 0.254793 0.593846 0.254145 0.594371 0.254016 0.599266 0.253109 0.600140 0.252720 0.605385 0.251295 0.606958 0.252332 0.607832 0.252591 0.609930 0.254275 0.609930 0.254922 0.608881 0.268394 0.608357 0.269689 0.606608 0.276943 0.605909 0.277720 0.605035 0.279663 0.604336 0.279793 0.602238 0.277202 0.599441 0.277202 0.597168 0.273575 0.592098 0.273446 0.590350 0.269819 0.585629 0.269689 0.583531 0.267487 0.580385 0.267098 0.578112 0.263601 0.573042
0 0.114288 0.490542 0.118951 0.495787 0.119080 0.498409 0.122448 0.502780 0.124391 0.502955 0.124391 0.505927 0.128277 0.510647 0.128407 0.513094 0.129702 0.513444 0.132163 0.516941 0.135790 0.517465 0.135790 0.511521 0.136826 0.510472 0.136697 0.506101 0.138510 0.505752 0.138510 0.499458 0.139417 0.498584 0.139417 0.494563 0.140972 0.492990 0.141101 0.486521 0.142526 0.485822 0.142267 0.481451 0.140842 0.479003 0.140324 0.480752 0.134236 0.480402 0.133718 0.482325 0.131775 0.482500 0.130738 0.480752 0.128795 0.480752 0.127759 0.479003 0.124003 0.484423 0.120246 0.485472 0.118174 0.488094 0.117526 0.488969 0.116490 0.487570
0 0.077759 0.465542 0.077500 0.475157 0.078536 0.475682 0.078925 0.497360 0.077370 0.495262 0.076593 0.496486 0.075816 0.495087 0.072707 0.494563 0.070894 0.491416 0.068044 0.491066 0.067008 0.489668 0.065453 0.488969 0.064417 0.487570 0.062992 0.487570 0.062215 0.486171 0.060531 0.485997 0.056904 0.481626 0.058070 0.479003 0.059624 0.480052 0.061697 0.476556 0.064028 0.476381 0.065972 0.473059 0.067267 0.472535 0.074003 0.465192
0 0.130091 0.443514 0.134236 0.449808 0.135531 0.449458 0.136567 0.451031 0.137085 0.449808 0.138381 0.449458 0.138251 0.444213 0.139676 0.443864 0.139547 0.416066 0.137215 0.416066 0.136567 0.417290 0.134365 0.417290 0.133847 0.418864 0.128536 0.419388 0.127241 0.422010 0.125298 0.422185 0.124262 0.424108 0.122837 0.424633 0.120246 0.427605 0.118433 0.428304 0.117915 0.432150 0.119858 0.433199 0.120246 0.436346 0.123096 0.437045 0.127759 0.443164
0 0.248407 0.458986 0.245427 0.464930 0.245557 0.468951 0.242707 0.469825 0.239598 0.476818 0.236749 0.482937 0.233769 0.485210 0.232604 0.484510 0.231179 0.481364 0.229495 0.475944 0.228977 0.471923 0.225997 0.466503 0.224573 0.463182 0.222500 0.459510 0.222370 0.457762 0.220946 0.456713 0.220946 0.451818 0.222500 0.449720 0.225091 0.449196 0.225609 0.452517 0.228199 0.449545 0.230402 0.451469 0.247630 0.451469 0.250220 0.452692 0.248666 0.454091
0 0.749741 0.379423 0.748964 0.379598 0.748446 0.385542 0.745466 0.387290 0.740933 0.393059 0.738860 0.393234 0.738212 0.395157 0.736528 0.395332 0.733549 0.398829 0.738342 0.407395 0.740155 0.407220 0.744171 0.412465 0.744819 0.412465 0.750000 0.419808 0.753109 0.419808 0.754016 0.413864 0.755052 0.412990 0.755181 0.402850 0.756088 0.402150 0.753627 0.386766
0 0.254365 0.657832 0.254236 0.660629 0.253199 0.660979 0.252811 0.664126 0.250479 0.667972 0.250091 0.670769 0.248925 0.671993 0.248277 0.676364 0.247889 0.677063 0.246334 0.679860 0.245816 0.682657 0.244780 0.684056 0.244521 0.688776 0.258640 0.688601 0.258769 0.687378 0.270039 0.686678 0.270298 0.685105 0.272111 0.684755 0.270427 0.683182 0.269262 0.679860 0.269132 0.677587 0.267060 0.675140 0.266671 0.672517 0.264339 0.669895 0.264210 0.666923 0.261749 0.663077 0.261490 0.661329 0.257215 0.655385 0.255920 0.655385
