0 0.400026 0.209808 0.400544 0.223444 0.401451 0.224143 0.401451 0.233584 0.402746 0.234808 0.401451 0.236206 0.402487 0.238829 0.402617 0.241101 0.403912 0.241276 0.403912 0.245297 0.405596 0.244948 0.408446 0.241101 0.409870 0.241101 0.414922 0.234633 0.416865 0.234283 0.416995 0.231311 0.418679 0.231311 0.422953 0.225017 0.425415 0.225017 0.425415 0.224143 0.423731 0.220647 0.421788 0.220297 0.421399 0.218724 0.418549 0.218724 0.417124 0.215927 0.415440 0.216801 0.414404 0.214353 0.411166 0.215052 0.410777 0.213479 0.407539 0.213304 0.406762 0.211381 0.402487 0.211381
0 0.415829 0.153339 0.429560 0.171346 0.431762 0.171521 0.432798 0.170822 0.433705 0.169948 0.433705 0.166801 0.434741 0.165927 0.435259 0.155087 0.436425 0.153864 0.436425 0.151416 0.437850 0.150367 0.437591 0.139178 0.435777 0.139528 0.434093 0.141801 0.433316 0.140052 0.432927 0.141101 0.429948 0.141451 0.429430 0.142675 0.422824 0.143549 0.422435 0.144773 0.419067 0.144773 0.418161 0.146346 0.416736 0.146521 0.414404 0.149493 0.415829 0.150017
0 0.465181 0.151941 0.476451 0.151416 0.476580 0.158409 0.475544 0.159283 0.475674 0.161906 0.474508 0.162080 0.474508 0.169073 0.473083 0.170472 0.472694 0.174143 0.471658 0.174668 0.471399 0.179913 0.470751 0.180262 0.470233 0.182010 0.468420 0.182185 0.467513 0.180612 0.465829 0.180437 0.464793 0.176941 0.461684 0.176591 0.460777 0.174318 0.460130 0.172570 0.460130 0.170822 0.453653 0.161731 0.453523 0.157535 0.456632 0.157535 0.456891 0.156661 0.460777 0.155437 0.461036 0.154388 0.464663 0.153339
0 0.422474 0.022185 0.425583 0.023059 0.427267 0.020262 0.427008 0.017815 0.421049 0.009598 0.420142 0.010472 0.416516 0.005402 0.415751 0.005402 0.415479 0.004703 0.414573 0.003304 0.410168 0.003829 0.410946 0.012220 0.409003 0.012220 0.409650 0.030052 0.413925 0.029003 0.418199 0.026381 0.420661 0.026206
0 0.432798 0.242675 0.437332 0.242850 0.438627 0.244598 0.439275 0.246171 0.440570 0.246171 0.441736 0.248269 0.444326 0.247920 0.444456 0.250017 0.446528 0.249843 0.446528 0.251591 0.448990 0.251416 0.451062 0.253514 0.448601 0.258934 0.446269 0.259108 0.444456 0.262080 0.442772 0.261206 0.440181 0.266101 0.438497 0.265577 0.437461 0.268024 0.435648 0.267150 0.435259 0.269423 0.430984 0.269248 0.431373 0.244248
0 0.426451 0.297395 0.438756 0.312780 0.439145 0.316276 0.437202 0.315402 0.436425 0.318024 0.434611 0.318199 0.433575 0.319423 0.430725 0.319248 0.430207 0.321696 0.426969 0.321871 0.426192 0.323094 0.424637 0.323444 0.422047 0.326416 0.418808 0.325542 0.418679 0.318374 0.419456 0.318024 0.419845 0.312780 0.420881 0.312605 0.421010 0.304213 0.422306 0.304038 0.422047 0.299143 0.424378 0.296871
0 0.383342 0.374301 0.383731 0.378846 0.382565 0.379371 0.381788 0.396678 0.386710 0.396853 0.387228 0.394930 0.389301 0.395280 0.390078 0.393531 0.392021 0.392657 0.392021 0.391783 0.396295 0.391783 0.399275 0.386364 0.392021 0.377797 0.390466 0.377972 0.390078 0.375874 0.387876 0.375874 0.387746 0.373951
0 0.343964 0.442133 0.342409 0.441958 0.342150 0.444406 0.340596 0.445280 0.340466 0.450175 0.338523 0.451049 0.338135 0.453147 0.336839 0.454021 0.336839 0.456818 0.335415 0.457867 0.335544 0.462587 0.333342 0.464510 0.335803 0.464860 0.337617 0.466434 0.346813 0.466259 0.347461 0.464860 0.349663 0.464685 0.350699 0.466783 0.351218 0.465210 0.354845 0.465210 0.354715 0.460664 0.354326 0.459965 0.353679 0.456643 0.352124 0.456294 0.352254 0.452972 0.351088 0.452273 0.351088 0.450350 0.348886 0.447552 0.347979 0.444755 0.345389 0.440559
0 0.851852 0.961189 0.852370 0.959965 0.859883 0.959441 0.860272 0.961014 0.861697 0.962937 0.860402 0.963112 0.860013 0.968007 0.858588 0.968357 0.858588 0.973077 0.856645 0.975699 0.856386 0.978322 0.855220 0.978497 0.855091 0.983217 0.853666 0.985140 0.850427 0.985490 0.847707 0.982517 0.847448 0.976923 0.845376 0.977098 0.844469 0.974825 0.842396 0.972203 0.842267 0.969406 0.841360 0.968357 0.840842 0.961364
0 0.494637 0.211573 0.494637 0.219790 0.496192 0.220839 0.496192 0.226608 0.497228 0.227133 0.497617 0.235350 0.498523 0.235874 0.498782 0.238671 0.500337 0.239545 0.500466 0.242517 0.501762 0.242867 0.503964 0.239021 0.506166 0.239545 0.506036 0.237098 0.510440 0.230629 0.512383 0.230629 0.516917 0.224685 0.516528 0.222937 0.518342 0.221538 0.515233 0.216993 0.510440 0.216818 0.510181 0.215420 0.505389 0.215420 0.504870 0.213322 0.502798 0.213147 0.502021 0.211224
0 0.791127 0.363776 0.798251 0.373916 0.799676 0.373741 0.802008 0.376888 0.803433 0.377063 0.804210 0.378811 0.807837 0.379685 0.808225 0.372517 0.809003 0.372692 0.809650 0.363951 0.810557 0.363776 0.810687 0.353636 0.810168 0.353462 0.809262 0.351014 0.808614 0.352587 0.804987 0.353462 0.804987 0.354510 0.799935 0.354685 0.799417 0.356084 0.795790 0.356259 0.793588 0.360455 0.792034 0.360455 0.790479 0.361503
0 0.608640 0.205315 0.609028 0.209510 0.607604 0.209860 0.607474 0.223846 0.609676 0.223497 0.609806 0.221923 0.614728 0.221573 0.614598 0.220000 0.620039 0.220350 0.621852 0.218427 0.621464 0.215455 0.619003 0.213007 0.619132 0.210909 0.618355 0.210734 0.617319 0.208811 0.615635 0.208287 0.612008 0.202692 0.610453 0.202692
0 0.107604 0.368724 0.107604 0.371521 0.106697 0.372220 0.106049 0.375017 0.104495 0.376241 0.105142 0.381836 0.103459 0.383409 0.103718 0.394073 0.110583 0.393024 0.111360 0.391976 0.116023 0.391451 0.116153 0.389703 0.119650 0.390052 0.120298 0.388479 0.122241 0.387955 0.122889 0.386381 0.119132 0.380437 0.117319 0.380087 0.109806 0.368899
0 0.544663 0.001941 0.562798 0.001241 0.564741 0.004038 0.565000 0.006486 0.563446 0.007185 0.563316 0.010157 0.561244 0.012080 0.560725 0.014703 0.559948 0.015577 0.559560 0.018024 0.558135 0.018724 0.558264 0.020822 0.553990 0.027990 0.549845 0.022570 0.549456 0.019773 0.548031 0.019248 0.547902 0.016451 0.546606 0.015227 0.546865 0.012430 0.545699 0.012080 0.545311 0.008234 0.544275 0.008759 0.544145 0.005962 0.542979 0.004213
0 0.013096 0.695962 0.029288 0.695612 0.031101 0.698234 0.029935 0.698934 0.028769 0.700857 0.028769 0.702780 0.027345 0.703654 0.027474 0.707150 0.025920 0.707325 0.024883 0.710472 0.024495 0.712920 0.023847 0.713094 0.023718 0.715192 0.021775 0.717990 0.019832 0.717990 0.017889 0.715192 0.018018 0.714493 0.015427 0.709948 0.015946 0.707500 0.012966 0.703479
0 0.903264 0.566241 0.903005 0.573059 0.904819 0.572710 0.905337 0.576031 0.909482 0.581801 0.910777 0.581976 0.911813 0.580752 0.913238 0.579878 0.913497 0.576206 0.916088 0.572710 0.915829 0.570087 0.916736 0.570087 0.916606 0.567815 0.919715 0.564318 0.919845 0.560122 0.922176 0.557500 0.922176 0.554178 0.900674 0.554003 0.900674 0.555752 0.898472 0.555577 0.897824 0.559948 0.900155 0.563269 0.900415 0.565892
0 0.211464 0.707885 0.218847 0.707885 0.218588 0.711906 0.216516 0.714878 0.216256 0.717675 0.215350 0.718724 0.215220 0.723444 0.213148 0.723794 0.209780 0.728864 0.207707 0.729038 0.207448 0.726066 0.205764 0.724493 0.206153 0.722745 0.204080 0.720647 0.203821 0.718199 0.202655 0.717675 0.202008 0.713304 0.200842 0.713304 0.200712 0.708934 0.202137 0.706486 0.211205 0.705962
0 0.230894 0.723969 0.242552 0.723619 0.242552 0.726066 0.241256 0.726591 0.240738 0.729738 0.239832 0.730437 0.239573 0.734458 0.238083 0.738112 0.235233 0.737762 0.233808 0.736888 0.233744 0.733584 0.232124 0.731818 0.230505 0.731311
0 0.256412 0.743024 0.272863 0.742850 0.273381 0.748619 0.272604 0.749843 0.272733 0.752815 0.271697 0.753164 0.271308 0.755612 0.270272 0.756661 0.269754 0.759458 0.266516 0.763479 0.264832 0.764178 0.261205 0.759108 0.260687 0.754563 0.258225 0.752115 0.258225 0.749843 0.256801 0.748094
0 0.947189 0.898601 0.962345 0.898077 0.962474 0.905070 0.960142 0.905769 0.960272 0.909790 0.958977 0.910315 0.958588 0.914510 0.956256 0.917832 0.956386 0.922028 0.952630 0.926399 0.948355 0.920804 0.948225 0.918706 0.944210 0.913636 0.944469 0.911364 0.943044 0.911364 0.943303 0.908392 0.941231 0.905944 0.940842 0.902448 0.942526 0.902098 0.942915 0.900524 0.947189 0.901049
0 0.349741 0.793916 0.349741 0.802832 0.348575 0.802832 0.348446 0.815769 0.351166 0.815594 0.352202 0.813846 0.355570 0.814720 0.356477 0.813497 0.358031 0.813497 0.358808 0.812098 0.361917 0.811049 0.365415 0.807552 0.365026 0.804580 0.362953 0.803881 0.359715 0.798986 0.357772 0.798986 0.354793 0.793566
0 0.394689 0.781329 0.388990 0.788671 0.388601 0.791294 0.387694 0.791818 0.387565 0.796364 0.394041 0.796364 0.393912 0.798986 0.399611 0.798811 0.401813 0.796888 0.401554 0.794441 0.400130 0.793916 0.400389 0.791119 0.398705 0.790769 0.399093 0.787098 0.397409 0.786573 0.397539 0.783951
0 0.412824 0.732552 0.407902 0.738322 0.407642 0.740944 0.409067 0.740769 0.410492 0.742692 0.413601 0.742692 0.413342 0.744615 0.416580 0.744615 0.417228 0.736049 0.416321 0.736049 0.415803 0.732203
0 0.465155 0.805105 0.465155 0.806853 0.466062 0.808077 0.466839 0.810175 0.468912 0.811748 0.469301 0.816818 0.472280 0.821014 0.473057 0.819790 0.474741 0.819790 0.475000 0.816294 0.476684 0.816119 0.476554 0.813147 0.479922 0.809476 0.479922 0.809476 0.480052 0.804580 0.477591 0.804406 0.476813 0.802832 0.466839 0.802657
0 0.515777 0.929003 0.519780 0.934248 0.522111 0.934073 0.522513 0.938444 0.525233 0.938794 0.525609 0.940192 0.528083 0.939843 0.531179 0.944913 0.535855 0.945437 0.536503 0.930052 0.537655 0.930052 0.537267 0.919038 0.539598 0.916591 0.533122 0.916416 0.532228 0.917465 0.529767 0.917640 0.527940 0.920787 0.525997 0.921486 0.525104 0.923409 0.522902 0.923234 0.522759 0.924283 0.520311 0.924983 0.520168 0.927080 0.517332 0.926556
0 0.540285 0.774510 0.533549 0.792867 0.533808 0.798112 0.532383 0.800035 0.533161 0.801608 0.541839 0.801958 0.543394 0.801259 0.548705 0.800385 0.550648 0.799510 0.554922 0.798636 0.555052 0.794790 0.552591 0.792517 0.552073 0.789196 0.549741 0.789021 0.549352 0.785000
0 0.149339 0.026189 0.150389 0.027937 0.150635 0.030909 0.151813 0.031259 0.152578 0.037028 0.154404 0.037378 0.153756 0.039650 0.155440 0.040524 0.155168 0.044196 0.156088 0.044196 0.156218 0.048392 0.159702 0.054860 0.149870 0.055909 0.148446 0.054336 0.147150 0.053811 0.146503 0.055210 0.144301 0.055734 0.143653 0.054336 0.136140 0.054510 0.135881 0.050839 0.134585 0.049615 0.137034 0.047343 0.137034 0.044196 0.138472 0.043671 0.138329 0.039825 0.140544 0.039825 0.140155 0.035804 0.147668 0.027238
0 0.236438 0.827115 0.241101 0.826591 0.243562 0.830437 0.248225 0.830787 0.248355 0.832360 0.253148 0.832710 0.253925 0.834108 0.258329 0.833409 0.260531 0.836206 0.260013 0.838304 0.257940 0.840927 0.257681 0.843899 0.255479 0.846171 0.253536 0.853164 0.252111 0.852290 0.249262 0.857360 0.247837 0.856136 0.245505 0.859983 0.244210 0.859808 0.243692 0.857710 0.242396 0.857535 0.242008 0.853864 0.241231 0.853164 0.240972 0.847045 0.240194 0.846171 0.239935 0.843199 0.238381 0.842325 0.238122 0.836206 0.237863 0.835682 0.237604 0.832360 0.236179 0.832010
0 0.321244 0.529755 0.321114 0.552657 0.320078 0.552657 0.319819 0.558776 0.320725 0.559650 0.320855 0.561049 0.325518 0.561049 0.325907 0.559650 0.328109 0.558951 0.328368 0.557378 0.329534 0.557028 0.329793 0.556329 0.332124 0.555629 0.332124 0.554231 0.334456 0.554231 0.334974 0.552483 0.338212 0.552133 0.341839 0.548636 0.341969 0.546713 0.338990 0.542343 0.338472 0.542343 0.335233 0.538147 0.333549 0.538671 0.329793 0.533252 0.329275 0.533252 0.327850 0.531329 0.325907 0.531678 0.325000 0.529755
0 0.609119 0.696818 0.606658 0.699441 0.606140 0.702063 0.604974 0.702762 0.604845 0.708007 0.603938 0.708007 0.603420 0.710804 0.602513 0.711503 0.602642 0.716399 0.605881 0.716748 0.606528 0.715524 0.617798 0.715000 0.618575 0.713776 0.621425 0.713427 0.621813 0.711154 0.619482 0.707308 0.620130 0.705210 0.615855 0.700664 0.615466 0.698741 0.611192 0.692098 0.609119 0.692273
0 0.649663 0.594371 0.668316 0.594371 0.668187 0.600664 0.667150 0.601364 0.667280 0.604336 0.666373 0.604510 0.666244 0.607832 0.663264 0.609406 0.662876 0.612552 0.659767 0.617622 0.659119 0.615524 0.658212 0.615350 0.658212 0.612727 0.655881 0.610629 0.655751 0.607133 0.654456 0.605909 0.653161 0.604860 0.653290 0.602063 0.650699 0.599441
0 0.592668 0.594021 0.599145 0.603287 0.599663 0.602238 0.604197 0.608182 0.606917 0.608357 0.607565 0.603636 0.608601 0.603462 0.608860 0.592972 0.610026 0.592622 0.610155 0.580734 0.611192 0.579336 0.608212 0.579336 0.607953 0.580210 0.604456 0.580210 0.604067 0.581783 0.599534 0.582133 0.596684 0.585105 0.594741 0.585804 0.594741 0.587028 0.591114 0.587028 0.589430 0.589301 0.589171 0.591748 0.591114 0.594196
0 0.584352 0.457745 0.584223 0.465962 0.585130 0.466486 0.585259 0.479948 0.586036 0.480997 0.586684 0.485542 0.588109 0.484143 0.589404 0.483969 0.590311 0.482570 0.592513 0.482570 0.594585 0.478899 0.596010 0.478724 0.601192 0.471556 0.603005 0.471556 0.603264 0.469808 0.605466 0.469458 0.602487 0.465262 0.600155 0.465612 0.599637 0.463514 0.597824 0.463514 0.597176 0.461066 0.594715 0.461591 0.594326 0.460017 0.591347 0.460017 0.590829 0.457920
0 0.729611 0.819825 0.750337 0.820175 0.750078 0.826119 0.748005 0.828566 0.747617 0.831538 0.746451 0.832063 0.746451 0.834161 0.745026 0.834860 0.744896 0.838182 0.740363 0.845350 0.737513 0.845175 0.737254 0.839231 0.734663 0.837657 0.734663 0.834685 0.733497 0.833811 0.733368 0.830664 0.730777 0.828741 0.730389 0.823497 0.729611 0.823846
0 0.641114 0.316346 0.636192 0.316521 0.636451 0.318094 0.631788 0.317920 0.631269 0.319318 0.628420 0.320192 0.628290 0.323864 0.637617 0.337150 0.639689 0.337325 0.640466 0.339423 0.642021 0.339423 0.642280 0.336626 0.643187 0.336101 0.643575 0.332955 0.644611 0.332605 0.645000 0.327010 0.645777 0.327185 0.646813 0.314773 0.642150 0.314248
0 0.649534 0.364948 0.647850 0.367395 0.646943 0.367220 0.646684 0.368619 0.645130 0.368094 0.641114 0.374038 0.639948 0.373689 0.635674 0.379633 0.634637 0.379458 0.632306 0.381731 0.632435 0.384178 0.630881 0.386101 0.632694 0.386276 0.647202 0.395017 0.647720 0.396416 0.651088 0.396941 0.651606 0.393794 0.653031 0.393094 0.652772 0.390122 0.651088 0.390122 0.651347 0.386976 0.652383 0.385402 0.651606 0.385227 0.651347 0.371241 0.650311 0.370192 0.650440 0.366871
0 0.651477 0.502343 0.653938 0.505140 0.653938 0.507762 0.655492 0.508287 0.655363 0.510035 0.655622 0.512133 0.656269 0.512483 0.656658 0.515629 0.662487 0.522797 0.665207 0.518951 0.665725 0.516503 0.667280 0.513531 0.669093 0.513706 0.669482 0.508287 0.670777 0.506189 0.670648 0.504266 0.672202 0.502692 0.672073 0.494301 0.669352 0.494650 0.668705 0.496573 0.653549 0.496573 0.652772 0.497797 0.650052 0.498846 0.651736 0.499545
0 0.448420 0.914843 0.448679 0.918689 0.454365 0.934248 0.456049 0.934773 0.459689 0.930927 0.459547 0.928654 0.460583 0.927780 0.460583 0.925857 0.464080 0.922360 0.463433 0.919913 0.465000 0.919213 0.465117 0.916941 0.464080 0.916766 0.463433 0.914318
0 0.978653 0.595787 0.977358 0.598409 0.976580 0.598234 0.976451 0.601206 0.975674 0.601381 0.975415 0.605927 0.974508 0.606626 0.974249 0.608199 0.974767 0.609773 0.975674 0.611696 0.981632 0.611696 0.981891 0.610647 0.983705 0.609948 0.984093 0.608374 0.987461 0.608024 0.987461 0.606276 0.985000 0.602955 0.984741 0.600857 0.983057 0.600507
0 0.638135 0.425245 0.641373 0.429615 0.640207 0.430664 0.642798 0.435210 0.644482 0.435559 0.648886 0.429965 0.648886 0.426993 0.650052 0.426469 0.650052 0.423497 0.652772 0.421049 0.652902 0.417902 0.653938 0.417028 0.654326 0.414056 0.650052 0.414755 0.648627 0.412308 0.638005 0.412483 0.637487 0.413881 0.634637 0.414056 0.635155 0.417378 0.636580 0.417727 0.636451 0.419301 0.637617 0.419650 0.637098 0.422098 0.638394 0.422622
0 0.755246 0.421469 0.757837 0.421294 0.759909 0.423741 0.759132 0.424615 0.758614 0.427587 0.751749 0.437727 0.751360 0.436503 0.750712 0.435804 0.750324 0.432832 0.747863 0.430210 0.747085 0.425315 0.746179 0.424790 0.745661 0.421818 0.747215 0.419895 0.754987 0.419196
0 0.248472 0.044056 0.266606 0.043881 0.267254 0.042308 0.270881 0.042308 0.270492 0.045979 0.267902 0.051923 0.267902 0.053671 0.267124 0.054196 0.266995 0.056469 0.264793 0.058741 0.264404 0.062063 0.263238 0.063112 0.262850 0.065385 0.260000 0.069231 0.256373 0.070105 0.256244 0.067483 0.255725 0.066259 0.255207 0.063636 0.252746 0.060315 0.251969 0.058042 0.251451 0.058042 0.250674 0.054021 0.250674 0.054021 0.249378 0.051224 0.247953 0.049301 0.248601 0.047727 0.247435 0.047028
0 0.755777 0.862483 0.744508 0.871224 0.748005 0.874895 0.749430 0.875070 0.750207 0.876993 0.753187 0.877343 0.755259 0.881364 0.757850 0.881364 0.757850 0.861958
0 0.075207 0.172483 0.076891 0.172483 0.078057 0.174580 0.080000 0.174580 0.080259 0.177552 0.081554 0.177727 0.081295 0.181399 0.083756 0.183846 0.083756 0.185944 0.086865 0.188916 0.086347 0.193462 0.089067 0.196958 0.089326 0.202378 0.086477 0.201853 0.086088 0.203776 0.084534 0.202028 0.084016 0.203427 0.065104 0.204126 0.064585 0.203252 0.063420 0.202378 0.064974 0.201329 0.065233 0.196084 0.066269 0.194161 0.067176 0.194161 0.067306 0.189091 0.069508 0.188566 0.069637 0.186294 0.070933 0.186119 0.071451 0.178776 0.073523 0.178427 0.073782 0.174755 0.074948 0.174930
0 0.751205 0.983392 0.754054 0.979545 0.756127 0.979021 0.756775 0.980594 0.757552 0.980769 0.757811 0.984091 0.759106 0.984266 0.759106 0.993706 0.758199 0.994930 0.758070 0.997727 0.755868 0.997378 0.755350 0.996503 0.753277 0.996329 0.752500 0.994755 0.750687 0.994056 0.750168 0.993182 0.748355 0.992832 0.747319 0.991783 0.746023 0.991084 0.746023 0.986538 0.748484 0.985664 0.748614 0.984266
0 0.687733 0.946853 0.684236 0.951224 0.683977 0.954895 0.681775 0.954371 0.681775 0.956643 0.677241 0.963112 0.677889 0.965210 0.681645 0.964336 0.682034 0.966259 0.685272 0.966259 0.688122 0.967657 0.696282 0.968531 0.697707 0.966434 0.698225 0.962063 0.697060 0.961713 0.696671 0.956818 0.694987 0.954720 0.694210 0.947727 0.693433 0.946853 0.692785 0.943182 0.687992 0.943357
0 0.015376 0.374668 0.017189 0.373094 0.018744 0.372745 0.019650 0.373969 0.038433 0.376066 0.038951 0.377290 0.041153 0.378164 0.035065 0.390227 0.035065 0.395647 0.032992 0.395472 0.032345 0.397045 0.030013 0.400192 0.029754 0.402990 0.028329 0.405787 0.024832 0.405437 0.024832 0.403339 0.023925 0.402290 0.023148 0.399493 0.022111 0.397920 0.022241 0.395122 0.021075 0.395472 0.021075 0.390577 0.020039 0.389703 0.019780 0.386556 0.017837 0.385157 0.016541 0.383759 0.016930 0.379738 0.015764 0.378514
0 0.156749 0.178619 0.169313 0.178094 0.169702 0.184213 0.168148 0.185262 0.168407 0.189458 0.167500 0.190175 0.166723 0.195420 0.164909 0.197325 0.165298 0.201538 0.163355 0.206783 0.159210 0.211154 0.158303 0.210804 0.157915 0.209056 0.155583 0.205559 0.155583 0.203811 0.152604 0.199441 0.151697 0.196101 0.146775 0.190332 0.146516 0.186136 0.145350 0.185612 0.145220 0.181958 0.147422 0.182308 0.148070 0.180367 0.151697 0.179843 0.152733 0.178269 0.153381 0.180892 0.156619 0.180717
0 0.081425 0.534983 0.081425 0.545822 0.080000 0.546171 0.079741 0.545297 0.078964 0.544073 0.076891 0.544248 0.076244 0.541976 0.074430 0.541976 0.073523 0.540752 0.071839 0.540752 0.071580 0.537605 0.072617 0.535332 0.074171 0.535332 0.076891 0.531661 0.081295 0.531311 0.082850 0.533584
0 0.089585 0.634808 0.089715 0.637780 0.085052 0.643199 0.083109 0.643549 0.083238 0.645822 0.080259 0.648444 0.079870 0.652290 0.081684 0.654563 0.086088 0.654563 0.086995 0.657010 0.094249 0.657185 0.095544 0.659108 0.095933 0.654738 0.094378 0.653689 0.094508 0.645647 0.093472 0.644773 0.092953 0.639178
0 0.318782 0.596364 0.318653 0.600734 0.320855 0.602308 0.321244 0.607028 0.322539 0.607902 0.322280 0.610874 0.323964 0.613322 0.326295 0.613671 0.330311 0.608776 0.330052 0.606853 0.330959 0.606329 0.331088 0.603531 0.334197 0.600210 0.334067 0.597937 0.333290 0.596189
0 0.063446 0.904003 0.055026 0.893339 0.054637 0.886521 0.055803 0.885122 0.057228 0.885472 0.058653 0.883374 0.059560 0.884948 0.061114 0.882850 0.062798 0.882500 0.064223 0.885297 0.064611 0.883199 0.068368 0.883024 0.069016 0.884948 0.070311 0.883374 0.077435 0.883024 0.077694 0.887395 0.076788 0.887920 0.076658 0.892115 0.075751 0.892640 0.075363 0.895787 0.073031 0.898059 0.072772 0.903304 0.071606 0.903654 0.071088 0.906451 0.070311 0.906801 0.069793 0.912395 0.068368 0.912395 0.063834 0.906801
0 0.149585 0.945262 0.149197 0.948584 0.148161 0.949108 0.147772 0.953654 0.146088 0.955402 0.147772 0.956801 0.146218 0.958199 0.146347 0.964493 0.145052 0.965367 0.145052 0.970087 0.151528 0.970087 0.151528 0.968864 0.156451 0.967815 0.157098 0.966941 0.160078 0.966766 0.160725 0.964843 0.162409 0.964668 0.164741 0.962745 0.164741 0.961171 0.159430 0.953829 0.156839 0.952430 0.156839 0.948934 0.154378 0.949108 0.152435 0.945437
0 0.228212 0.872360 0.227681 0.889668 0.226658 0.889668 0.226516 0.892115 0.227681 0.892640 0.228070 0.897885 0.229508 0.895262 0.232863 0.895087 0.233394 0.893514 0.235337 0.892990 0.236878 0.890017 0.239223 0.889493 0.240518 0.888094 0.241554 0.887570 0.242202 0.886521 0.243109 0.885647 0.243614 0.883724 0.236749 0.876381 0.233640 0.876206 0.231308 0.872535
0 0.284028 0.910822 0.288303 0.910647 0.289352 0.909248 0.294534 0.908724 0.295687 0.907325 0.299961 0.906801 0.300492 0.905927 0.305142 0.905052 0.306580 0.907850 0.306969 0.910647 0.306321 0.911171 0.305933 0.915367 0.304754 0.916241 0.304378 0.922710 0.303459 0.923409 0.303199 0.925857 0.302435 0.926556 0.302047 0.930927 0.300363 0.931626 0.300104 0.936871 0.299067 0.936696 0.298018 0.935297 0.296334 0.935472 0.293096 0.931801 0.292837 0.928829 0.284171 0.917465 0.283523 0.914318 0.282617 0.913094
0 0.398018 0.928829 0.396075 0.932500 0.393756 0.931801 0.393756 0.933899 0.391425 0.938969 0.392461 0.939668 0.394521 0.941941 0.397513 0.942290 0.397513 0.943339 0.402824 0.943689 0.402694 0.935647 0.401528 0.935297 0.401140 0.928129
0 0.447383 0.931801 0.443497 0.937220 0.443355 0.939318 0.442707 0.940367 0.442332 0.942465 0.438964 0.946661 0.440907 0.947010 0.441801 0.948759 0.454637 0.948934 0.454754 0.943164 0.453070 0.941066 0.452047 0.940192 0.452047 0.938094 0.450868 0.937745 0.450479 0.934073
0 0.853782 0.720612 0.853653 0.744038 0.856632 0.744213 0.857798 0.743164 0.858964 0.742815 0.859870 0.741416 0.861295 0.741241 0.865570 0.735122 0.866865 0.735822 0.870104 0.731976 0.870492 0.729353 0.868420 0.729178 0.857150 0.720262
0 0.921503 0.816608 0.938990 0.816084 0.939119 0.822203 0.937694 0.823427 0.937824 0.826399 0.936788 0.826573 0.936788 0.829545 0.933420 0.832692 0.933808 0.834965 0.932254 0.835664 0.932513 0.838112 0.930699 0.840909 0.927850 0.840734 0.926554 0.838811 0.926295 0.836014 0.924093 0.833741 0.923316 0.829895 0.922539 0.829545 0.922280 0.825524 0.920337 0.824825 0.919689 0.819056
0 0.716140 0.777692 0.722746 0.786434 0.722876 0.791154 0.724560 0.791678 0.725466 0.796573 0.726762 0.797098 0.726762 0.800070 0.728575 0.802692 0.730259 0.802692 0.736865 0.791853 0.737254 0.789406 0.739585 0.786958 0.739326 0.783811 0.740492 0.782238 0.740881 0.780140 0.742435 0.778392 0.735311 0.778741 0.734016 0.775944 0.732850 0.778217 0.731554 0.775944 0.723264 0.776119
0 0.867617 0.832168 0.867746 0.844056 0.866969 0.844580 0.866580 0.853322 0.870596 0.852972 0.871503 0.851399 0.874482 0.851399 0.876036 0.849650 0.877979 0.849476 0.878627 0.847902 0.879793 0.847902 0.881736 0.845455 0.881606 0.844406 0.880570 0.842308 0.873705 0.831643 0.872539 0.831993 0.871632 0.829371 0.870337 0.829720
0 0.894819 0.827098 0.895078 0.836888 0.895984 0.837238 0.896373 0.837937 0.894819 0.839685 0.895984 0.840210 0.896503 0.845455 0.897927 0.845979 0.897927 0.852098 0.899870 0.852622 0.904663 0.848252 0.906477 0.847378 0.906088 0.843182 0.909585 0.840559 0.911010 0.840734 0.913731 0.836189 0.912694 0.834790 0.910622 0.833741 0.910363 0.832692 0.907254 0.832343 0.906477 0.830594 0.904534 0.830594 0.904016 0.828846 0.900389 0.828322 0.900518 0.826224
0 0.321269 0.095997 0.321269 0.107010 0.322435 0.106486 0.322435 0.118374 0.323990 0.118199 0.323990 0.125367 0.325155 0.126066 0.326192 0.127115 0.327876 0.127290 0.328394 0.125367 0.329560 0.125542 0.334482 0.119248 0.339016 0.117325 0.340829 0.112255 0.342902 0.112080 0.343290 0.107535 0.342642 0.107010 0.341606 0.104913 0.338497 0.104738 0.338109 0.103164 0.335389 0.103164 0.334223 0.101416 0.332668 0.101591 0.327228 0.094598 0.326839 0.096346
0 0.367124 0.127290 0.373860 0.127115 0.374249 0.128164 0.377358 0.128689 0.378394 0.130262 0.381373 0.130612 0.382150 0.132360 0.387202 0.132885 0.387979 0.134808 0.390570 0.134808 0.388627 0.136556 0.388627 0.139003 0.374896 0.157360 0.372694 0.157535 0.371140 0.155437 0.370622 0.146871 0.369715 0.146521 0.369197 0.142675 0.368808 0.141976 0.367772 0.137080 0.366865 0.136906 0.366477 0.132710 0.368031 0.132535 0.368549 0.131311 0.366736 0.130262
0 0.397694 0.113479 0.399119 0.113829 0.403653 0.118724 0.403653 0.120822 0.406373 0.124143 0.406373 0.126591 0.404948 0.127640 0.404301 0.128689 0.399637 0.128689 0.398860 0.130612 0.393808 0.131136 0.393808 0.127990 0.391995 0.126941 0.393808 0.126241 0.394067 0.120997 0.394974 0.120297 0.395104 0.116976 0.396140 0.116801 0.396658 0.115577
0 0.361295 0.220297 0.367124 0.219948 0.367772 0.221871 0.372953 0.221521 0.372953 0.223269 0.375803 0.223269 0.378135 0.225892 0.378782 0.228339 0.372953 0.233934 0.373342 0.236556 0.366995 0.242675 0.365959 0.242850 0.365570 0.239878 0.364404 0.239528 0.364016 0.235682 0.362979 0.236381 0.362591 0.229213 0.361554 0.228689
0 0.348731 0.249668 0.348472 0.252640 0.347176 0.253514 0.346917 0.259983 0.346010 0.260332 0.345881 0.273969 0.350285 0.274493 0.351062 0.272745 0.353264 0.272920 0.353653 0.271346 0.357409 0.270647 0.357668 0.269948 0.360648 0.268899 0.362202 0.267325 0.362720 0.265402 0.355725 0.255262 0.353653 0.255087 0.350285 0.250017
