0 0.186231 0.207517 0.178718 0.213986 0.183251 0.221661 0.184547 0.221661 0.189469 0.228147 0.191023 0.228654 0.192319 0.230245 0.193614 0.230245 0.194132 0.225524 0.195427 0.224825 0.195427 0.213986 0.197111 0.212587 0.197111 0.204371 0.194262 0.204720 0.193614 0.206119 0.190376 0.206469 0.190246 0.207675
0 0.126231 0.331206 0.131671 0.339231 0.133355 0.339073 0.134003 0.340647 0.135427 0.340979 0.137370 0.343444 0.140091 0.344843 0.143199 0.349563 0.144624 0.348846 0.149028 0.353409 0.150065 0.352535 0.150453 0.339948 0.151231 0.337150 0.151490 0.323339 0.152655 0.322465 0.152267 0.317220 0.150972 0.315629 0.150194 0.316171 0.147474 0.316696 0.145142 0.319318 0.142293 0.319126 0.141386 0.321066 0.138148 0.321748 0.137370 0.322990
0 0.544067 0.743479 0.544585 0.777395 0.546399 0.777570 0.546788 0.775997 0.548601 0.775822 0.549249 0.774423 0.551839 0.773899 0.552358 0.772325 0.562979 0.763759 0.564145 0.764458 0.567254 0.759388 0.567254 0.757115 0.566218 0.756941 0.564922 0.755017 0.562073 0.755367 0.560259 0.752045 0.559093 0.752045 0.558446 0.750647 0.557021 0.750822 0.555596 0.748024 0.553782 0.748549 0.553005 0.747325 0.551969 0.746626 0.551321 0.745052 0.550026 0.745052 0.549508 0.743304 0.548083 0.743304 0.546010 0.741206
0 0.616088 0.746451 0.619974 0.751871 0.620492 0.751171 0.625285 0.756591 0.626321 0.756766 0.628005 0.758514 0.629301 0.758689 0.629430 0.756066 0.630207 0.756066 0.630207 0.737710 0.631632 0.737710 0.631762 0.721976 0.630078 0.722150 0.628264 0.725122 0.623731 0.725997 0.623472 0.727395 0.618808 0.727045 0.617513 0.728444 0.614016 0.729318 0.607798 0.734563
0 0.680725 0.849948 0.691088 0.880367 0.691218 0.884738 0.681632 0.884213 0.681244 0.882990 0.672824 0.882815 0.672306 0.882115 0.663497 0.880717 0.663109 0.876346 0.667254 0.872325 0.666736 0.870577 0.671658 0.863409 0.672047 0.860962 0.674378 0.858514 0.674767 0.855017 0.679301 0.849773
0 0.678394 0.801521 0.684093 0.816556 0.684870 0.820927 0.670363 0.821276 0.669845 0.819878 0.666606 0.819703 0.669585 0.815682 0.669456 0.814283 0.672047 0.810962 0.672176 0.806941 0.674896 0.803794 0.674896 0.801696 0.677228 0.798374
0 0.734663 0.959965 0.734404 0.994580 0.737383 0.994580 0.738290 0.992483 0.740233 0.992832 0.741010 0.991608 0.742824 0.991259 0.744767 0.987762 0.753964 0.980594 0.755648 0.980420 0.758109 0.977622 0.757720 0.976049 0.756295 0.976224 0.755648 0.974476 0.754352 0.973776 0.753705 0.971853 0.752409 0.972028 0.749430 0.968881 0.747098 0.968881 0.746969 0.967657 0.744119 0.967657 0.740233 0.961888 0.737642 0.961713 0.736995 0.959965
0 0.723135 0.943706 0.732591 0.942657 0.732720 0.948601 0.731943 0.949301 0.731425 0.955944 0.730389 0.956469 0.730777 0.959965 0.729870 0.960490 0.729482 0.964510 0.727539 0.965559 0.727668 0.971154 0.726373 0.972028 0.717694 0.960839 0.717435 0.957517 0.715622 0.957692 0.715363 0.955420 0.712772 0.951573 0.712513 0.949476 0.714585 0.948252 0.717435 0.947727 0.718472 0.946154 0.723005 0.945629
0 0.696140 0.742430 0.695492 0.762360 0.696528 0.762535 0.696788 0.773549 0.697953 0.773899 0.699378 0.776696 0.703264 0.770577 0.704689 0.770402 0.710130 0.763759 0.711166 0.763934 0.716736 0.756591 0.718679 0.756766 0.719845 0.754668 0.718808 0.752045 0.717124 0.752045 0.714404 0.748724 0.712461 0.748899 0.710648 0.746801 0.707927 0.746276 0.707021 0.744003 0.704301 0.745052
0 0.692902 0.666206 0.691347 0.693829 0.690440 0.694178 0.690181 0.701171 0.686813 0.700822 0.686554 0.699948 0.684870 0.699248 0.681373 0.694178 0.679430 0.694003 0.675803 0.688759 0.673990 0.688584 0.671658 0.685087 0.670751 0.685087 0.667513 0.680892 0.669845 0.680017 0.670233 0.676871 0.673083 0.676521 0.673342 0.675472 0.677358 0.674773 0.677746 0.673724 0.679560 0.673374 0.680466 0.672325 0.682280 0.671451 0.682409 0.670052 0.685518 0.669003 0.686425 0.668129 0.689534 0.667780 0.689534 0.666731
0 0.697306 0.696801 0.718161 0.688759 0.718290 0.687885 0.722694 0.687710 0.722824 0.694003 0.721917 0.695402 0.721917 0.697850 0.720104 0.698199 0.719974 0.705892 0.718549 0.706591 0.718938 0.712185 0.718161 0.712360 0.717513 0.717430 0.714404 0.721451 0.711036 0.716906 0.709223 0.716556 0.709093 0.713759 0.698990 0.700997
0 0.723212 0.634738 0.714404 0.646626 0.713627 0.646626 0.711295 0.649423 0.711166 0.650997 0.708316 0.655367 0.710777 0.655017 0.710907 0.656941 0.714016 0.656766 0.715181 0.658339 0.718549 0.658339 0.719585 0.660262 0.722565 0.660087 0.723342 0.662185 0.730337 0.662185 0.730466 0.658164 0.728912 0.656941 0.728782 0.648199 0.727746 0.648899 0.728135 0.643829 0.726580 0.643129 0.726710 0.638059 0.725415 0.637710 0.725155 0.634738
0 0.786386 0.581031 0.786127 0.583829 0.790531 0.591346 0.792085 0.589423 0.794158 0.593969 0.796360 0.593794 0.796749 0.596766 0.799598 0.600612 0.800635 0.600612 0.803614 0.604983 0.803744 0.603059 0.805557 0.603059 0.805298 0.598514 0.806464 0.597990 0.806593 0.584353 0.808277 0.583829 0.807759 0.575087 0.808407 0.573164 0.808277 0.570367 0.793122 0.577535
0 0.846490 0.653409 0.855427 0.647640 0.859832 0.647290 0.859961 0.656906 0.859184 0.656731 0.858536 0.666346 0.855816 0.666171 0.848433 0.655857
0 0.150155 0.951853 0.150026 0.942587 0.148990 0.940315 0.147565 0.940490 0.139145 0.952028 0.140311 0.951678 0.141347 0.953776 0.142902 0.953776 0.143938 0.955524 0.145751 0.955524 0.146788 0.957098 0.147953 0.957098 0.149119 0.959196 0.150933 0.959371 0.151451 0.953776
0 0.867474 0.715822 0.875376 0.715647 0.875376 0.726661 0.874080 0.727010 0.874210 0.735752 0.873044 0.735577 0.872915 0.746591 0.870453 0.747990 0.866697 0.742570 0.865142 0.742395 0.854521 0.728759 0.854132 0.725087 0.855946 0.724038 0.855946 0.722990 0.860350 0.722815 0.860350 0.721766 0.863199 0.721066 0.863977 0.720192 0.866826 0.719493
0 0.860091 0.687150 0.860091 0.693269 0.861516 0.694143 0.861386 0.697290 0.862681 0.698864 0.862681 0.713549 0.864883 0.713374 0.869676 0.707605 0.869935 0.704633 0.884443 0.686276 0.884573 0.683829 0.881464 0.683304 0.880557 0.681381 0.874598 0.682080 0.874469 0.680157 0.871749 0.680507 0.871101 0.678234 0.867733 0.678584 0.867474 0.676486 0.861775 0.676311 0.860997 0.675087 0.857889 0.675262 0.857630 0.677185 0.858666 0.677885 0.858925 0.686976
0 0.852189 0.788724 0.853096 0.819493 0.860479 0.812850 0.863847 0.812850 0.864624 0.811276 0.866826 0.810052 0.868251 0.807955 0.869676 0.807255 0.870583 0.806031 0.873433 0.805507 0.874469 0.803234 0.872655 0.802535 0.869547 0.799213 0.868769 0.799563 0.867085 0.797115 0.866179 0.797115 0.864754 0.795367 0.862940 0.795542 0.859184 0.790822 0.858407 0.790647 0.856982 0.788724 0.855557 0.789073 0.854391 0.786801
0 0.900894 0.869143 0.912811 0.868269 0.912811 0.875437 0.912293 0.875962 0.912034 0.880157 0.910609 0.881031 0.910868 0.885577 0.909702 0.885927 0.908795 0.889073 0.908277 0.889423 0.907759 0.894843 0.907111 0.894843 0.906464 0.898339 0.903744 0.901486 0.899339 0.895542 0.899080 0.893444 0.894158 0.887500 0.894158 0.885227 0.890142 0.879983 0.890272 0.878059 0.889106 0.876661 0.890142 0.875087 0.893510 0.874213 0.893769 0.873339 0.898562 0.872990
0 0.952189 0.824266 0.953484 0.827238 0.954909 0.827238 0.957889 0.831958 0.959961 0.832657 0.962422 0.835629 0.963718 0.835280 0.966308 0.839301 0.967345 0.838601 0.969417 0.841923 0.971101 0.842273 0.971749 0.844021 0.974858 0.844196 0.974858 0.830909 0.976541 0.829860 0.976153 0.826189 0.974858 0.825140 0.976541 0.821469 0.976412 0.807483 0.972137 0.807308 0.971490 0.808881 0.969158 0.809406 0.969417 0.810979 0.966956 0.810979 0.965272 0.814476 0.962940 0.814825 0.962552 0.815699 0.959832 0.815874 0.956982 0.819895 0.955298 0.819895
0 0.543459 0.898479 0.547085 0.902675 0.546956 0.904773 0.548640 0.905122 0.556412 0.916136 0.559262 0.916311 0.559391 0.909668 0.560168 0.908794 0.560557 0.900052 0.561593 0.900227 0.561982 0.890787 0.563018 0.890787 0.563277 0.884843 0.558225 0.884843 0.554987 0.886241 0.554858 0.888164 0.550842 0.887640 0.550842 0.889388 0.547992 0.889913 0.547085 0.891311 0.545013 0.891836 0.544365 0.893409 0.541904 0.893759 0.541516 0.897605
0 0.759132 0.355175 0.761075 0.354825 0.763666 0.358671 0.763925 0.360944 0.766904 0.364266 0.766904 0.366189 0.769365 0.368636 0.769495 0.371783 0.770790 0.372832 0.770661 0.374406 0.768847 0.374755 0.768329 0.376503 0.753044 0.377902 0.752915 0.375105 0.753951 0.374406 0.753821 0.369685 0.756541 0.367063 0.756541 0.362168 0.758096 0.361993 0.758355 0.358671 0.759003 0.358671
0 0.751749 0.313566 0.755376 0.317413 0.755376 0.322657 0.757060 0.323531 0.758484 0.325105 0.759003 0.327902 0.761334 0.328427 0.762111 0.330699 0.767940 0.338392 0.770402 0.335070 0.770661 0.330874 0.771956 0.329301 0.772085 0.324930 0.773640 0.324406 0.773510 0.323182 0.773899 0.322133 0.774547 0.315490 0.775453 0.314091 0.775972 0.309196 0.777137 0.308671 0.777008 0.306573 0.767940 0.306224 0.767034 0.307098 0.763795 0.307273 0.762759 0.310245 0.755117 0.309196 0.755117 0.310944 0.751490 0.310769
0 0.719326 0.233986 0.712591 0.223846 0.714145 0.222622 0.717254 0.220000 0.717772 0.218776 0.721269 0.218776 0.721528 0.218601 0.723990 0.217727 0.725544 0.216329 0.728912 0.215455 0.730725 0.213357 0.734611 0.213182 0.735777 0.224895 0.734741 0.225420 0.734093 0.229965 0.733187 0.230490 0.732927 0.241154 0.732150 0.241154 0.731503 0.243077 0.729819 0.244126 0.729041 0.242727 0.726062 0.242378 0.725026 0.238007 0.722306 0.234510
0 0.390557 0.160227 0.384339 0.169843 0.383821 0.168094 0.382526 0.166521 0.382267 0.161626 0.381749 0.160752 0.381360 0.156731 0.380324 0.155157 0.379935 0.147640 0.378640 0.146591 0.378510 0.134178 0.380065 0.134003 0.380324 0.135402 0.383692 0.136276 0.384339 0.137850 0.389780 0.137675 0.389909 0.140122 0.392370 0.140122 0.393148 0.141171 0.397293 0.141521 0.397552 0.142920 0.398847 0.142920 0.401697 0.145892 0.401697 0.147640 0.392241 0.160927
0 0.088731 0.062832 0.091723 0.066871 0.092137 0.069843 0.094313 0.069843 0.100181 0.078129 0.101140 0.078129 0.102500 0.080892 0.104417 0.080699 0.104689 0.077203 0.105505 0.076836 0.105777 0.070402 0.106593 0.070210 0.107008 0.060822 0.108510 0.059528 0.108640 0.052168 0.109870 0.052168 0.109741 0.043689 0.102772 0.043322 0.102098 0.044423 0.099637 0.045507 0.099637 0.046643 0.094870 0.047552 0.093769 0.049563 0.092409 0.049563 0.091321 0.050507 0.088860 0.050857 0.088044 0.052535 0.084767 0.052902 0.084352 0.058059 0.086813 0.062483
0 0.044249 0.069843 0.044106 0.072605 0.043148 0.073164 0.042876 0.078689 0.041373 0.078689 0.041373 0.083462 0.040155 0.084580 0.040155 0.090647 0.047927 0.090472 0.048472 0.088811 0.051878 0.088619 0.052565 0.087343 0.055427 0.086416 0.055427 0.082902 0.052979 0.079790 0.052565 0.077762 0.048199 0.071871 0.047383 0.072220 0.046697 0.070577
0 0.057319 0.243059 0.056930 0.254773 0.058614 0.256346 0.056930 0.257045 0.056930 0.268759 0.055894 0.270157 0.055894 0.272780 0.057060 0.273479 0.055635 0.275577 0.061334 0.275752 0.062630 0.275052 0.065350 0.274528 0.066256 0.273304 0.067940 0.272080 0.069754 0.269108 0.071826 0.268759 0.074288 0.267010 0.075453 0.267185 0.076749 0.265787 0.079080 0.265262 0.080764 0.263689 0.075842 0.257045 0.074158 0.257045 0.070661 0.251801 0.069106 0.251976 0.066904 0.248654 0.065479 0.248654 0.064573 0.247080
0 0.041256 0.332745 0.041645 0.337465 0.057707 0.337290 0.057837 0.336066 0.070013 0.335367 0.070013 0.333094 0.056930 0.306171 0.056541 0.303374 0.054858 0.301451 0.053951 0.300927 0.051619 0.303199 0.053692 0.305297 0.050972 0.306171 0.050324 0.311241 0.049806 0.311591 0.049806 0.313689 0.048510 0.314213 0.048510 0.317710 0.046826 0.318584 0.047085 0.323129 0.045920 0.324003 0.044106 0.325752 0.044106 0.327150 0.043329 0.328199 0.043070 0.331171
0 0.050972 0.351451 0.053692 0.351801 0.053821 0.353899 0.054598 0.355122 0.055635 0.357570 0.056282 0.357570 0.056930 0.362465 0.057966 0.364213 0.058355 0.366836 0.058744 0.367185 0.059262 0.370507 0.061852 0.372955 0.061593 0.378724 0.062889 0.379948 0.063277 0.387640 0.060816 0.388339 0.059650 0.386766 0.045142 0.386591 0.043847 0.384668 0.037111 0.384668 0.036205 0.382570 0.037500 0.381696 0.037630 0.378724 0.038925 0.378374 0.039184 0.374528 0.041127 0.372080 0.041645 0.369808 0.045402 0.365787 0.045402 0.362815 0.047604 0.360367 0.047733 0.358444 0.050842 0.354598
0 0.150453 0.365122 0.150324 0.369143 0.150583 0.369825 0.151101 0.371573 0.152137 0.372640 0.155117 0.371766 0.158096 0.377185 0.160039 0.377360 0.160298 0.379108 0.163148 0.378934 0.163277 0.380315 0.165350 0.380507 0.167163 0.384003 0.168847 0.384003 0.171438 0.387500 0.173381 0.388182 0.173381 0.384878 0.174547 0.383811 0.174417 0.379983 0.174806 0.349913 0.173251 0.350087 0.172215 0.351311 0.167811 0.351469 0.167293 0.354633 0.164313 0.354965 0.163536 0.357080 0.161982 0.356906 0.160039 0.359336 0.157448 0.359703 0.156671 0.362150 0.154987 0.361801 0.154210 0.363374 0.153044 0.364423 0.153044 0.365647
0 0.142591 0.469353 0.148290 0.462010 0.150751 0.461661 0.151140 0.463584 0.152047 0.463759 0.152047 0.478444 0.153472 0.478794 0.153472 0.494528 0.155155 0.495052 0.155026 0.497850 0.149845 0.497675 0.148808 0.495402 0.146477 0.496626 0.146606 0.494703 0.144016 0.494353 0.143627 0.492780 0.140777 0.492080 0.140389 0.491731 0.138187 0.491381 0.137539 0.489808 0.133264 0.488934 0.131839 0.485787 0.129896 0.485437 0.129508 0.481591 0.131839 0.481066 0.131839 0.478619 0.134430 0.477570 0.137539 0.472150 0.139741 0.471976
0 0.082358 0.648497 0.079896 0.652517 0.077953 0.653217 0.077953 0.656189 0.080933 0.660559 0.082098 0.660210 0.085596 0.665629 0.087668 0.665105 0.090259 0.670000 0.092202 0.668776 0.092461 0.672273 0.094922 0.672797 0.095311 0.674545 0.097254 0.675070 0.098808 0.677867 0.101788 0.678042 0.102176 0.669301 0.103472 0.670524 0.103212 0.647622 0.104637 0.647098 0.104508 0.638881 0.103342 0.636084 0.102435 0.637657 0.099974 0.638007 0.099326 0.639406 0.096606 0.639930 0.095959 0.641678 0.093497 0.641853 0.091943 0.643427 0.090000 0.643951 0.089870 0.645524 0.087798 0.645350 0.085984 0.648497
0 0.144663 0.640105 0.134430 0.653042 0.134948 0.654790 0.132228 0.658986 0.133782 0.658986 0.134560 0.660734 0.137021 0.660559 0.137280 0.661608 0.141554 0.661958 0.142332 0.664056 0.144534 0.664930 0.145052 0.666503 0.149974 0.665979 0.149974 0.653741 0.149067 0.653042 0.148938 0.647098 0.147902 0.646748 0.147254 0.641853 0.145181 0.641503
0 0.181451 0.684161 0.179767 0.683462 0.170829 0.694825 0.172383 0.695175 0.173031 0.696923 0.176140 0.696573 0.177824 0.699720 0.179508 0.699545 0.180155 0.700769 0.181710 0.700769 0.182876 0.702343 0.186114 0.702343 0.186632 0.704266 0.188187 0.704266 0.189093 0.706014 0.194016 0.706364 0.194404 0.707063 0.196736 0.707413 0.197513 0.709685 0.200622 0.709685 0.200233 0.703392 0.199585 0.703042 0.199197 0.694476 0.198290 0.694476 0.197902 0.682762 0.196736 0.682238 0.196736 0.675420 0.195570 0.674371 0.195181 0.669825 0.192720 0.670000 0.190907 0.672622 0.188705 0.673147 0.183394 0.679965 0.181580 0.680664
0 0.220959 0.639580 0.221347 0.656713 0.222772 0.657063 0.223161 0.665629 0.224715 0.665804 0.225492 0.663706 0.226788 0.664231 0.230026 0.660035 0.231192 0.660734 0.231710 0.657587 0.233653 0.657587 0.238187 0.651294 0.238057 0.648497 0.236114 0.648846 0.235725 0.646923 0.233394 0.646748 0.233005 0.645350 0.231192 0.645175 0.230415 0.643427 0.228472 0.643601 0.227953 0.641853 0.224197 0.641678
0 0.326010 0.627867 0.306839 0.652867 0.308005 0.653392 0.309171 0.655140 0.311632 0.655315 0.311632 0.656364 0.315259 0.657063 0.316554 0.659336 0.319145 0.659510 0.319793 0.660385 0.323031 0.660385 0.324326 0.661958 0.328342 0.662483 0.329896 0.663531 0.334689 0.663706 0.335466 0.657238 0.334301 0.655664 0.333912 0.650420 0.333653 0.649720 0.332358 0.642902 0.331839 0.641853 0.331321 0.637308 0.330155 0.636259 0.330026 0.629965 0.328860 0.628741
0 0.434080 0.566434 0.434469 0.572727 0.435505 0.573951 0.435505 0.580594 0.436153 0.581294 0.436023 0.584790 0.437837 0.585315 0.437837 0.590385 0.438355 0.590559 0.439003 0.593531 0.440816 0.595280 0.441982 0.593007 0.454935 0.578497 0.448718 0.572552 0.447681 0.570105 0.441593 0.569930 0.441075 0.568007 0.437707 0.568182 0.438096 0.566958
0 0.465427 0.639685 0.471516 0.639860 0.471775 0.638636 0.480453 0.638112 0.480324 0.643007 0.479417 0.644231 0.479417 0.645979 0.478251 0.646678 0.477992 0.651399 0.476826 0.652622 0.477215 0.656643 0.473588 0.661206 0.472940 0.657867 0.469184 0.651399 0.469184 0.650175 0.466852 0.650175 0.466464 0.647552 0.465039 0.645472 0.464391 0.644755 0.463873 0.642657
0 0.435622 0.638112 0.434987 0.650350 0.435894 0.651224 0.436412 0.654371 0.437189 0.655245 0.437966 0.658916 0.439521 0.659458 0.439650 0.667657 0.440427 0.667832 0.440816 0.673252 0.441593 0.673252 0.443018 0.670979 0.444961 0.671329 0.445997 0.668007 0.447163 0.667325 0.447940 0.664703 0.450142 0.664161 0.450402 0.660839 0.453769 0.657168 0.455453 0.657168 0.455842 0.655087 0.461153 0.648094 0.461023 0.643881 0.455194 0.644056 0.454158 0.641434 0.450142 0.641976 0.449624 0.640385 0.447552 0.640035 0.446645 0.638636 0.441723 0.638636 0.440039 0.636731 0.436153 0.636538
0 0.436282 0.703497 0.436023 0.711031 0.437707 0.711713 0.437319 0.732885 0.436282 0.732885 0.435635 0.731136 0.434080 0.730944 0.432785 0.729196 0.430842 0.729196 0.430453 0.726766 0.427733 0.727273 0.427474 0.725892 0.423718 0.725524 0.423718 0.723601 0.422163 0.723776 0.418407 0.719231 0.425272 0.711538 0.426826 0.711538 0.432008 0.705245
0 0.555492 0.615350 0.555492 0.637920 0.552254 0.637920 0.551865 0.636503 0.550440 0.636329 0.549275 0.634948 0.547591 0.635105 0.546554 0.632675 0.545130 0.633549 0.544093 0.631608 0.541632 0.631084 0.541373 0.626713 0.543834 0.626014 0.545389 0.622710 0.547332 0.622343 0.550959 0.616941 0.552772 0.617622 0.553420 0.615874
0 0.423497 0.396836 0.425829 0.398759 0.425829 0.401031 0.430233 0.406276 0.430233 0.407675 0.431788 0.410647 0.433212 0.410647 0.434508 0.412570 0.435026 0.410647 0.436192 0.409598 0.436580 0.406101 0.437617 0.405402 0.438005 0.402080 0.439041 0.401906 0.439301 0.399108 0.440466 0.398409 0.440207 0.391241 0.441114 0.391241 0.441503 0.385997 0.434767 0.386171 0.434767 0.387220 0.429456 0.388444 0.429067 0.390192 0.423886 0.390367 0.421684 0.391416 0.423627 0.392640
0 0.581593 0.395909 0.581205 0.406748 0.581852 0.407622 0.582370 0.426329 0.581205 0.424930 0.579909 0.425979 0.579132 0.424755 0.576801 0.424231 0.576671 0.421958 0.573692 0.423182 0.571360 0.419510 0.569806 0.419336 0.569158 0.417413 0.565402 0.417238 0.565272 0.416364 0.563718 0.416189 0.561127 0.413392 0.564883 0.406224 0.566567 0.406049 0.567474 0.404650 0.570065 0.404825 0.570194 0.400804 0.571878 0.400455 0.574469 0.397133 0.575894 0.397308 0.578225 0.393636 0.579521 0.393287
0 0.644288 0.391713 0.654262 0.392063 0.653096 0.393462 0.653096 0.395385 0.650376 0.398357 0.650894 0.400979 0.645583 0.407797 0.645065 0.409720 0.643381 0.412343 0.641826 0.412343 0.641438 0.408671 0.640402 0.407622 0.639883 0.404825 0.638977 0.404301 0.638977 0.399056 0.638199 0.398357 0.637293 0.395734 0.637034 0.395734 0.636386 0.392937 0.637034 0.392063 0.637422 0.391014 0.643510 0.390140
0 0.278510 0.195734 0.278899 0.211276 0.279676 0.211469 0.280065 0.214773 0.279417 0.215297 0.279028 0.217220 0.279935 0.217395 0.279935 0.226836 0.280712 0.227010 0.280972 0.230857 0.282137 0.230857 0.287837 0.223706 0.289780 0.223514 0.290168 0.222290 0.291852 0.222290 0.292111 0.219493 0.293536 0.218462 0.297422 0.214091 0.299624 0.213724 0.304676 0.206906 0.302992 0.207255 0.299754 0.202727 0.298070 0.202010 0.297681 0.201311 0.295609 0.201486 0.295220 0.200262 0.292241 0.200105 0.291334 0.198164 0.289909 0.197990 0.288484 0.196241 0.285894 0.195892 0.284728 0.194493 0.282915 0.194318 0.282008 0.191871 0.277345 0.192045
0 0.318795 0.265297 0.330065 0.272815 0.332526 0.272657 0.333951 0.275612 0.333821 0.278934 0.331878 0.280857 0.331360 0.280857 0.328381 0.284178 0.326826 0.284353 0.323588 0.288392 0.320350 0.290647 0.316205 0.294843 0.314650 0.296259 0.313614 0.293969 0.312448 0.293794 0.311930 0.277028 0.311153 0.276311 0.310894 0.273689 0.312319 0.272290 0.312189 0.271066 0.310894 0.270542 0.311153 0.266871 0.312189 0.264790 0.312189 0.262850 0.315039 0.262168
0 0.338225 0.231031 0.353640 0.251486 0.355972 0.252185 0.356231 0.249213 0.357008 0.248339 0.357396 0.241696 0.358951 0.242063 0.358303 0.234353 0.359598 0.234196 0.360117 0.226836 0.361282 0.227203 0.361153 0.221591 0.354158 0.221958 0.353899 0.222465 0.350531 0.223864 0.348977 0.225787 0.346775 0.225612 0.345609 0.226836 0.342759 0.227360 0.342241 0.228759 0.339909 0.228584
0 0.401179 0.248339 0.403381 0.252010 0.403510 0.253759 0.406231 0.257255 0.406360 0.260052 0.407267 0.260420 0.407267 0.262325 0.408692 0.263724 0.408562 0.266696 0.393018 0.267413 0.392500 0.261294 0.393277 0.261294 0.393925 0.258304 0.396256 0.255175 0.396256 0.253234 0.398070 0.251678 0.397681 0.249738 0.399624 0.246434
0 0.476697 0.235944 0.476697 0.245559 0.475402 0.245892 0.475402 0.258479 0.479935 0.258129 0.480194 0.257255 0.483951 0.256923 0.484469 0.255507 0.486023 0.255175 0.487448 0.253234 0.490687 0.252885 0.490816 0.250804 0.494184 0.250437 0.495868 0.248182 0.498329 0.247815 0.498588 0.245892 0.494443 0.239773 0.493277 0.240122 0.491075 0.236818 0.489132 0.235944 0.484210 0.229283 0.482526 0.228759 0.481749 0.227535 0.479806 0.227535 0.479158 0.229108 0.478640 0.229108 0.478769 0.234528
0 0.515557 0.204983 0.523070 0.204633 0.523199 0.209178 0.521904 0.209720 0.522163 0.212343 0.518925 0.216521 0.518018 0.214773 0.515687 0.212343 0.515168 0.209878 0.514521 0.209178 0.514132 0.206556
0 0.524754 0.260420 0.524495 0.272115 0.525661 0.272290 0.525920 0.282430 0.527085 0.282955 0.526956 0.290140 0.528381 0.290647 0.528381 0.296416 0.529288 0.296766 0.529806 0.298881 0.530972 0.299038 0.533692 0.295542 0.535894 0.295717 0.536412 0.291696 0.538484 0.291888 0.538484 0.288199 0.540039 0.286976 0.541852 0.286801 0.552085 0.273689 0.551049 0.272990 0.550402 0.270542 0.547422 0.271066 0.546904 0.269668 0.544573 0.269493 0.543795 0.266696 0.539909 0.267413 0.538744 0.265472 0.536153 0.265822 0.534858 0.264598 0.531231 0.263724 0.530972 0.262500 0.527604 0.262500 0.527085 0.260227
0 0.601956 0.284895 0.598847 0.284353 0.597293 0.287150 0.599495 0.290297 0.599624 0.292570 0.601179 0.293794 0.601179 0.296259 0.611282 0.314073 0.611671 0.317570 0.612707 0.317920 0.615946 0.313741 0.616075 0.310052 0.618536 0.306906 0.618536 0.303934 0.620350 0.303059 0.620091 0.299913 0.622552 0.295717 0.622422 0.293269 0.623977 0.291696 0.624106 0.289073 0.625531 0.286976 0.625531 0.282605 0.602992 0.282955
0 0.559430 0.114406 0.559689 0.116853 0.561632 0.116503 0.561891 0.120175 0.564482 0.120350 0.564741 0.123671 0.568238 0.123846 0.569145 0.125420 0.570570 0.125594 0.570829 0.122972 0.572254 0.122273 0.572513 0.108462 0.568368 0.108811 0.567979 0.110035 0.565648 0.110210 0.565259 0.111958 0.562927 0.111958 0.562668 0.113182
0 0.593549 0.012378 0.593290 0.027063 0.594715 0.028287 0.594585 0.037902 0.595881 0.038077 0.596140 0.041748 0.597953 0.042098 0.599767 0.037727 0.601062 0.038776 0.603523 0.034930 0.604819 0.035105 0.610000 0.028287 0.612073 0.028112 0.619326 0.017448 0.616736 0.017972 0.615829 0.015175 0.614663 0.015000 0.613627 0.013776 0.611295 0.013951 0.608187 0.010455 0.605466 0.010629 0.604301 0.008357 0.601451 0.008182 0.600415 0.006434 0.598601 0.007133 0.597953 0.004685 0.591865 0.004860 0.592124 0.012028
0 0.643938 0.040874 0.644067 0.051538 0.643420 0.052063 0.642772 0.061853 0.641606 0.062902 0.641477 0.066049 0.648472 0.066399 0.648472 0.064126 0.650285 0.064650 0.650933 0.063427 0.653523 0.062902 0.654171 0.061329 0.658575 0.060455 0.659870 0.058357 0.665570 0.057832 0.665440 0.054510 0.664404 0.053112 0.664145 0.048042 0.660259 0.047168 0.659223 0.045070 0.656373 0.045594 0.656244 0.042797 0.654948 0.042098 0.651192 0.036503 0.649637 0.036329 0.647306 0.033357 0.645363 0.032483 0.645751 0.039126
0 0.671010 0.050664 0.672306 0.050315 0.674249 0.052587 0.674249 0.055035 0.677358 0.058357 0.677358 0.060105 0.680984 0.064301 0.680855 0.067622 0.683575 0.070245 0.683575 0.072517 0.686166 0.076014 0.686166 0.077762 0.687979 0.079685 0.681891 0.080035 0.681244 0.081608 0.677228 0.081958 0.676710 0.083007 0.666218 0.083881 0.664404 0.081434 0.664275 0.083182 0.661943 0.083357 0.661943 0.080909 0.660389 0.079336 0.661684 0.079161 0.661813 0.075839 0.663497 0.075315 0.663109 0.070420 0.664404 0.069021 0.665829 0.067448 0.665699 0.063951 0.666995 0.062727 0.667383 0.059930 0.668290 0.059231 0.668549 0.056434 0.669845 0.055734 0.670104 0.052937
0 0.737202 0.129161 0.748731 0.129685 0.748731 0.131434 0.748083 0.132832 0.747565 0.136853 0.746010 0.137378 0.746010 0.140350 0.744974 0.141399 0.744974 0.144196 0.743808 0.144720 0.743161 0.147168 0.742642 0.148042 0.742124 0.151189 0.740829 0.151189 0.741088 0.153811 0.738627 0.157832 0.737073 0.153462 0.734741 0.153287 0.735907 0.151888 0.731244 0.145594 0.730725 0.141748 0.729819 0.140699 0.729689 0.139301 0.728394 0.138077 0.728135 0.134406 0.726839 0.133881 0.726710 0.131434 0.737202 0.131084
0 0.751580 0.126014 0.751839 0.128636 0.769197 0.128986 0.768938 0.123566 0.765440 0.119021 0.765181 0.115524 0.764145 0.115175 0.764145 0.112902 0.762979 0.111154 0.762850 0.108182 0.758187 0.108357 0.758446 0.111154 0.756891 0.111329 0.756114 0.115350 0.753912 0.117098 0.753912 0.120420 0.752617 0.120420 0.753135 0.124441
0 0.040557 0.823287 0.039132 0.850210 0.037966 0.850210 0.037966 0.860000 0.043536 0.859650 0.043666 0.858601 0.046775 0.857902 0.049365 0.854406 0.052474 0.854406 0.063355 0.847063 0.063355 0.845839 0.057915 0.837972 0.056490 0.837797 0.053769 0.834126 0.052085 0.834126 0.047163 0.826958 0.045738 0.827133 0.043666 0.823636
0 0.778912 0.064650 0.778394 0.066399 0.773860 0.066573 0.770622 0.071294 0.774767 0.078462 0.777228 0.077937 0.777228 0.081084 0.779041 0.083531 0.779819 0.083357 0.782409 0.085804 0.782539 0.087727 0.784611 0.090699 0.785648 0.090175 0.788109 0.094196 0.789275 0.094371 0.790181 0.092972 0.790829 0.092448 0.791218 0.087727 0.792383 0.087203 0.792642 0.077238 0.793549 0.076713 0.794067 0.067797 0.795492 0.067448 0.795492 0.063077 0.796917 0.062203 0.795751 0.060804 0.795233 0.059755 0.788238 0.059406 0.784741 0.064825
0 0.817513 0.098392 0.817254 0.126189 0.821788 0.125839 0.822694 0.123741 0.824767 0.123392 0.824767 0.120944 0.828264 0.120245 0.828653 0.118497 0.830596 0.118322 0.831503 0.117273 0.833964 0.117273 0.833964 0.115524 0.836295 0.114825 0.837850 0.113077 0.833705 0.106958 0.832409 0.106783 0.832150 0.105035 0.830078 0.104860 0.827358 0.101189 0.826321 0.101713 0.822824 0.097517 0.821658 0.097867 0.821010 0.096119 0.819067 0.096119
0 0.837927 0.163234 0.844145 0.162710 0.844275 0.164283 0.847772 0.164283 0.848031 0.165857 0.850492 0.165507 0.850622 0.167605 0.854119 0.167955 0.854378 0.169528 0.858135 0.169528 0.858523 0.171801 0.861503 0.171626 0.863446 0.173199 0.864093 0.177220 0.862539 0.179318 0.860855 0.179493 0.856839 0.185612 0.855415 0.184913 0.851269 0.189983 0.850233 0.189983 0.844922 0.196801 0.842202 0.197325 0.842073 0.189808 0.840907 0.189633 0.840518 0.178094 0.839223 0.177220 0.839352 0.171101 0.838575 0.170752 0.838446 0.167780 0.839482 0.167605 0.838964 0.166381 0.837021 0.164808
0 0.945648 0.213357 0.945531 0.228217 0.944883 0.228217 0.944236 0.237308 0.943329 0.238182 0.943977 0.239406 0.944352 0.242727 0.943057 0.243077 0.943329 0.253042 0.944352 0.253392 0.945648 0.251993 0.948769 0.251643 0.949158 0.250594 0.952655 0.249895 0.954210 0.247098 0.958744 0.246224 0.959521 0.244825 0.962370 0.244476 0.963018 0.243077 0.964702 0.243077 0.964832 0.241503 0.967293 0.241503 0.967940 0.239580 0.969495 0.239406 0.970013 0.237133 0.968459 0.234685 0.966645 0.234860 0.962111 0.228217 0.959780 0.226818 0.960039 0.224720 0.958096 0.224371 0.954469 0.218601 0.952915 0.218601 0.948886 0.213007
0 0.937630 0.309336 0.930751 0.309510 0.929987 0.308112 0.928951 0.307063 0.928808 0.305140 0.932694 0.300594 0.932578 0.297622 0.935285 0.297098 0.934909 0.295000 0.940350 0.287832 0.940220 0.286434 0.942034 0.283811 0.943847 0.283287 0.945142 0.280839 0.945531 0.283811 0.946049 0.283462 0.946438 0.288182 0.949417 0.291678 0.949676 0.296224 0.950972 0.297797 0.950453 0.300594 0.951749 0.301818 0.951878 0.307238 0.952772 0.307762 0.952915 0.312832 0.947474 0.313357 0.946943 0.311608 0.938277 0.311608
0 0.948510 0.323671 0.955764 0.323147 0.955764 0.322098 0.967668 0.321923 0.967940 0.320524 0.970661 0.320524 0.970907 0.321573 0.972850 0.321748 0.972604 0.326469 0.972085 0.326643 0.971697 0.329441 0.970142 0.329965 0.970013 0.335035 0.968199 0.337483 0.968070 0.340105 0.966645 0.340105 0.966645 0.345175 0.965350 0.345524 0.965220 0.348322 0.960946 0.355140 0.959132 0.352517 0.958744 0.350420 0.954987 0.345524 0.955117 0.342902 0.953562 0.342727 0.953562 0.339580 0.947085 0.331364 0.947085 0.329266 0.945920 0.328042 0.945402 0.324895 0.948886 0.325070
0 0.966645 0.374021 0.966516 0.403741 0.968070 0.403741 0.968588 0.401643 0.970790 0.402168 0.972733 0.398322 0.974547 0.398322 0.976360 0.394825 0.978031 0.395000 0.978951 0.393601 0.981269 0.393427 0.983212 0.390105 0.985427 0.389231 0.982707 0.384161 0.981269 0.384860 0.978821 0.381189 0.977785 0.381713 0.976619 0.379790 0.974793 0.379965 0.974145 0.378042 0.971308 0.377517 0.970907 0.375420 0.968199 0.376294
0 0.939702 0.373671 0.941762 0.373322 0.941762 0.376294 0.946179 0.382762 0.947215 0.382937 0.947863 0.381364 0.949028 0.381364 0.949288 0.374371 0.950065 0.373846 0.950712 0.366853 0.952526 0.367028 0.952267 0.362133 0.953303 0.361958 0.953303 0.357413 0.951360 0.354790 0.948510 0.355140 0.948640 0.356888 0.943329 0.356888 0.942940 0.358287 0.939443 0.358112 0.938795 0.360210 0.936205 0.360385 0.932837 0.364406 0.934780 0.364580 0.935687 0.368252 0.937630 0.368077 0.938277 0.371748
0 0.820065 0.374913 0.820065 0.408479 0.823174 0.408654 0.823303 0.407430 0.825635 0.407080 0.827448 0.403234 0.830946 0.404108 0.833277 0.400262 0.835350 0.400087 0.837681 0.396941 0.840013 0.396416 0.840790 0.395017 0.843122 0.394668 0.843122 0.392570 0.839883 0.388549 0.838847 0.388724 0.836775 0.385227 0.835091 0.384528 0.834443 0.383304 0.831982 0.383129 0.830946 0.381381 0.828484 0.378059 0.826541 0.377535 0.826023 0.375787 0.824339 0.375787 0.823821 0.373864
0 0.812681 0.475787 0.817085 0.475962 0.816956 0.482605 0.815920 0.484878 0.817345 0.486101 0.817474 0.488374 0.815920 0.489073 0.816697 0.490997 0.816697 0.493794 0.815920 0.495192 0.816049 0.499388 0.814754 0.500087 0.814106 0.503759 0.813588 0.500262 0.811256 0.499913 0.810997 0.496416 0.808666 0.496416 0.808277 0.494493 0.806723 0.494318 0.806205 0.492920 0.803614 0.492395 0.799080 0.486451 0.809573 0.477885
0 0.889249 0.550787 0.889508 0.560752 0.891192 0.560927 0.890803 0.572640 0.892487 0.572465 0.891969 0.579983 0.893653 0.581206 0.893653 0.587150 0.892487 0.589423 0.890415 0.589248 0.888212 0.585577 0.884067 0.585402 0.883420 0.583129 0.879275 0.583654 0.878627 0.581556 0.875518 0.581906 0.875259 0.580682 0.872150 0.580332 0.871762 0.578584 0.869689 0.578234 0.869171 0.577185 0.867746 0.575962 0.870337 0.572990 0.870466 0.570892 0.872409 0.569318 0.876166 0.564773 0.878497 0.565122 0.878368 0.561976 0.880699 0.561801 0.880959 0.559528 0.882383 0.559528 0.883161 0.557605 0.885751 0.556556 0.886140 0.553759
0 0.934974 0.649738 0.939508 0.657080 0.941321 0.656731 0.943135 0.659878 0.944948 0.659878 0.945207 0.663724 0.947927 0.664248 0.949482 0.667570 0.952461 0.668094 0.952979 0.655332 0.954016 0.655332 0.954145 0.639423 0.955570 0.639423 0.955440 0.632780 0.952979 0.633129 0.952850 0.634003 0.949093 0.634703 0.948316 0.636276 0.946373 0.636276 0.945466 0.637675 0.943653 0.638199 0.942876 0.640297 0.941062 0.640472 0.940155 0.641696 0.938342 0.641521 0.938212 0.642920 0.934715 0.643969 0.931088 0.647290 0.933031 0.649563
0 0.020220 0.791818 0.020868 0.794091 0.024236 0.793392 0.024883 0.794965 0.026826 0.794965 0.027345 0.796538 0.030194 0.797413 0.030453 0.799336 0.034858 0.799161 0.035117 0.800035 0.039132 0.800035 0.039391 0.801608 0.043536 0.801958 0.043536 0.800559 0.042370 0.798112 0.043407 0.797238 0.043666 0.794790 0.042370 0.794091 0.042370 0.786049 0.041075 0.785524 0.041593 0.771538 0.040168 0.771364 0.039780 0.766119 0.036930 0.765769 0.035505 0.768392 0.033303 0.769091 0.031749 0.771538 0.031619 0.773811 0.029417 0.774336 0.026956 0.778182 0.025661 0.778182 0.022034 0.781503 0.022034 0.784476 0.019443 0.785699 0.019443 0.788147 0.018407 0.788846 0.018666 0.791119
0 0.078899 0.770490 0.084728 0.798112 0.085894 0.800035 0.088744 0.799860 0.094054 0.792692 0.093925 0.790594 0.103251 0.779056 0.103251 0.776783 0.105842 0.774161 0.105972 0.772063 0.104028 0.771189 0.103381 0.770140 0.098718 0.769615 0.098199 0.767867 0.090816 0.767692 0.090168 0.766643 0.083951 0.766119 0.083692 0.763846 0.077992 0.764545 0.077733 0.769266
0 0.008303 0.891643 0.008044 0.917692 0.009080 0.918392 0.009469 0.921014 0.008303 0.921364 0.008303 0.923462 0.009598 0.924510 0.009598 0.928007 0.011412 0.928357 0.013355 0.926259 0.014521 0.926259 0.016982 0.922937 0.018795 0.923287 0.018795 0.920140 0.021386 0.919091 0.023070 0.916643 0.024883 0.916469 0.030065 0.908077 0.032785 0.907902 0.033303 0.905979 0.029806 0.905979 0.028510 0.904056 0.026049 0.904580 0.025531 0.903182 0.023329 0.901783 0.022681 0.900385 0.019313 0.899860 0.018795 0.898811 0.017111 0.898636 0.014780 0.895490 0.011801 0.895490 0.009858 0.891469
0 0.026049 0.869091 0.026179 0.876608 0.027215 0.877133 0.027345 0.883252 0.028640 0.886923 0.029676 0.887622 0.030194 0.892517 0.031231 0.892692 0.030972 0.897587 0.032396 0.898112 0.032785 0.906329 0.034080 0.904930 0.035246 0.904930 0.036023 0.901783 0.038484 0.901434 0.038614 0.899161 0.045091 0.890594 0.044573 0.888147 0.049106 0.884301 0.048977 0.881678 0.051438 0.880804 0.051438 0.874860 0.050013 0.874161 0.048588 0.876259 0.047552 0.874336 0.044184 0.874860 0.043407 0.872063 0.034728 0.872762 0.034339 0.870839 0.027604 0.871364
0 0.148718 0.891643 0.140039 0.905105 0.149624 0.906678 0.150531 0.908951 0.155453 0.908427 0.155842 0.910699 0.160246 0.910699 0.160505 0.905979 0.159469 0.904406 0.159080 0.900734 0.158433 0.900559 0.157915 0.895315 0.157008 0.895140 0.156360 0.890944 0.155712 0.889895 0.155324 0.884650 0.153769 0.884301 0.150272 0.888497 0.150531 0.890594
0 0.078251 0.843741 0.082008 0.849336 0.083562 0.849336 0.084858 0.850909 0.085764 0.850909 0.086930 0.852483 0.089003 0.852308 0.091593 0.856329 0.092500 0.856329 0.093148 0.854755 0.094054 0.854755 0.094184 0.839895 0.093148 0.838147 0.094832 0.836923 0.094702 0.825909 0.093148 0.824510 0.094054 0.822413 0.092241 0.819615 0.091334 0.820140 0.088873 0.822937 0.087966 0.823112 0.085246 0.827133 0.081360 0.826783 0.081619 0.829755 0.078381 0.831154 0.078122 0.832552 0.075790 0.832552 0.075272 0.834650 0.072293 0.836573 0.071516 0.838497 0.073847 0.842517 0.076049 0.841818 0.076308 0.844266
0 0.106101 0.837098 0.106360 0.846189 0.105583 0.846888 0.105324 0.849685 0.111541 0.849685 0.111671 0.847937 0.114521 0.847413 0.114909 0.846189 0.120350 0.846364 0.120738 0.844790 0.125013 0.844441 0.125142 0.843217 0.126697 0.842343 0.126697 0.837972 0.125920 0.836923 0.125402 0.836049 0.123459 0.835874 0.121256 0.834126 0.122163 0.832552 0.120091 0.828357 0.118277 0.828706 0.112448 0.820664 0.110505 0.820140 0.110505 0.822587 0.109339 0.823462 0.110376 0.824860 0.110505 0.826084 0.109210 0.826958 0.108821 0.829755 0.108044 0.830280 0.108433 0.836748
0 0.160117 0.823112 0.170220 0.835524 0.170868 0.837098 0.174236 0.837273 0.174236 0.833776 0.175661 0.833077 0.176049 0.815070 0.176956 0.814021 0.176697 0.804231 0.178251 0.803182 0.178640 0.800385 0.175531 0.800734 0.175142 0.802832 0.172811 0.802657 0.172681 0.803881 0.169054 0.803706 0.168148 0.805629 0.166852 0.805804 0.166075 0.807378 0.163873 0.807203 0.163484 0.808951 0.161023 0.809825 0.160894 0.811049 0.157785 0.811224 0.157137 0.812273 0.154417 0.813322 0.153769 0.815245 0.158692 0.823112
0 0.149236 0.842692 0.149236 0.847762 0.148329 0.848287 0.147552 0.855455 0.146516 0.855455 0.146256 0.861224 0.145479 0.862098 0.145220 0.868741 0.143536 0.868741 0.144054 0.875385 0.150661 0.875559 0.151179 0.874336 0.154417 0.873287 0.155324 0.872413 0.157396 0.871713 0.158174 0.871189 0.162707 0.869790 0.163096 0.868392 0.165298 0.867517 0.166593 0.866993 0.169313 0.867343 0.169313 0.865245 0.162707 0.854930 0.161412 0.855105 0.151049 0.841119
0 0.236036 0.942063 0.236295 0.946434 0.237202 0.947483 0.237332 0.949930 0.239016 0.950804 0.238497 0.955000 0.241218 0.957448 0.241736 0.962343 0.242513 0.963392 0.243031 0.970035 0.246528 0.971958 0.250415 0.968112 0.251710 0.967762 0.251969 0.959720 0.253135 0.959545 0.253264 0.956573 0.256503 0.953951 0.255984 0.949406 0.259352 0.946783 0.259093 0.944685 0.257021 0.942937
0 0.368135 0.938497 0.363083 0.945315 0.362824 0.946713 0.362435 0.947063 0.361788 0.950385 0.359067 0.950734 0.359067 0.954056 0.358290 0.954930 0.353627 0.962098 0.359456 0.969091 0.363083 0.966818 0.373964 0.966818 0.374741 0.968392 0.382124 0.968217 0.382383 0.963497 0.381347 0.962797 0.380440 0.959476 0.379793 0.959476 0.379663 0.957028 0.378627 0.956503 0.378238 0.952308 0.375130 0.949161 0.375389 0.945140 0.373057 0.942517 0.372798 0.937972 0.371632 0.936399 0.371503 0.933601 0.370725 0.934650 0.368523 0.934825
0 0.456788 0.905105 0.455104 0.917010 0.453808 0.917692 0.453938 0.920664 0.454845 0.922063 0.453420 0.922937 0.453808 0.925210 0.452383 0.926783 0.451865 0.933269 0.451088 0.933776 0.451218 0.938322 0.449663 0.939388 0.450181 0.943916 0.456269 0.943916 0.456269 0.941818 0.459119 0.941486 0.459896 0.940612 0.465207 0.940070 0.465855 0.938864 0.471684 0.938322 0.472979 0.937115 0.474663 0.936573 0.476477 0.935175 0.475829 0.933619 0.475311 0.932552 0.472850 0.930280 0.472720 0.928899 0.471943 0.927657 0.469482 0.926783 0.469223 0.924685 0.466373 0.921031 0.466373 0.919283
0 0.511580 0.959493 0.516503 0.959301 0.517927 0.957902 0.524793 0.958094 0.526088 0.957028 0.534119 0.956871 0.535026 0.955472 0.539430 0.955122 0.540337 0.960000 0.539171 0.961591 0.538912 0.963864 0.537617 0.965087 0.537228 0.969266 0.536451 0.970140 0.536451 0.972238 0.534896 0.973479 0.534767 0.978007 0.533731 0.979231 0.532953 0.981696 0.532306 0.982378 0.532306 0.987465 0.529715 0.990962 0.525570 0.985874 0.525052 0.984126 0.521295 0.979073 0.521425 0.976451 0.517409 0.971206 0.517150 0.970140 0.512876 0.964545 0.513005 0.962115
0 0.574404 0.484983 0.576995 0.488829 0.578161 0.488829 0.589301 0.498794 0.590725 0.500192 0.592927 0.499668 0.592798 0.497220 0.594482 0.495997 0.594482 0.469773 0.591891 0.469948
0 0.672720 0.529738 0.672461 0.537430 0.673368 0.537955 0.673886 0.546696 0.675311 0.546696 0.675181 0.552465 0.676218 0.549843 0.677513 0.550717 0.686839 0.537955 0.688135 0.538479 0.693057 0.531836 0.692668 0.529213 0.691244 0.527815 0.690207 0.527815 0.689041 0.525892 0.684896 0.526241 0.683342 0.525017 0.681788 0.523969 0.681269 0.522920 0.678031 0.522570 0.677124 0.521521 0.671166 0.520822 0.671036 0.528689
0 0.519845 0.696101 0.519974 0.698024 0.515699 0.702570 0.515959 0.705717 0.511425 0.710437 0.512073 0.711486 0.509093 0.717080 0.507668 0.716906 0.504560 0.722325 0.520492 0.723024 0.521399 0.724948 0.533316 0.725472 0.533575 0.722500 0.532409 0.721276 0.531762 0.716906 0.531373 0.713409 0.529819 0.712885 0.529948 0.711136 0.528912 0.709913 0.526839 0.695752 0.525026 0.694178 0.524249 0.691381 0.523083 0.693304
