0 0.070661 0.026801 0.070790 0.030472 0.072215 0.031171 0.072604 0.042010 0.073251 0.041836 0.073381 0.050227 0.074417 0.050577 0.075194 0.062290 0.070142 0.063164 0.069495 0.061591 0.067552 0.061066 0.067163 0.058969 0.063018 0.059318 0.061464 0.057045 0.058744 0.057045 0.058225 0.055997 0.055505 0.055472 0.053951 0.053724 0.052137 0.054073 0.051619 0.052325 0.049676 0.052325 0.049028 0.049703 0.050324 0.049003 0.050194 0.046731 0.052008 0.043934 0.053562 0.043759 0.064184 0.029423 0.065350 0.029773 0.070272 0.022430
0 0.515402 0.954965 0.515790 0.962657 0.514624 0.963182 0.514365 0.973497 0.515013 0.972622 0.516956 0.972098 0.517863 0.970175 0.521101 0.969825 0.521360 0.968776 0.523433 0.968601 0.523951 0.967552 0.527837 0.966853 0.529132 0.964056 0.528096 0.964056 0.524339 0.958112 0.522915 0.958462 0.520842 0.954441 0.518769 0.954615 0.516826 0.952517
0 0.344585 0.923741 0.344326 0.934930 0.339922 0.935280 0.334482 0.927063 0.336554 0.927063 0.336684 0.925315 0.340699 0.924615 0.340959 0.922867 0.344067 0.922517
0 0.683161 0.646591 0.682383 0.665822 0.693005 0.658654 0.693394 0.658654 0.694171 0.656906 0.690544 0.652360 0.689378 0.652360 0.687694 0.649213 0.684456 0.648864
0 0.160635 0.915909 0.160764 0.918357 0.159339 0.919755 0.159210 0.922727 0.158303 0.923951 0.159339 0.925350 0.159598 0.927098 0.158044 0.929021 0.158821 0.930070 0.159210 0.931469 0.161541 0.931643 0.162060 0.930769 0.165039 0.929720 0.169573 0.924126 0.169573 0.921696 0.167889 0.921696 0.164262 0.916451
0 0.108951 0.877273 0.114003 0.884266 0.117630 0.884108 0.117370 0.877273 0.119184 0.877448 0.119054 0.865385 0.113355 0.864878 0.112578 0.867133 0.110764 0.867133 0.108433 0.870455 0.106231 0.870629 0.106490 0.873776 0.109080 0.873427
0 0.322422 0.251923 0.322552 0.264860 0.321775 0.265210 0.320868 0.268881 0.320350 0.267657 0.318666 0.267832 0.315168 0.261713 0.312448 0.262063 0.311023 0.259441 0.314003 0.256469 0.319573 0.252273
0 0.154288 0.837780 0.154028 0.839161 0.153640 0.839685 0.153510 0.842657 0.151956 0.843182 0.151567 0.845280 0.150272 0.846853 0.150272 0.851399 0.151179 0.851224 0.152474 0.853147 0.153381 0.851399 0.157008 0.851049 0.157526 0.850017 0.161930 0.849301 0.161930 0.847203 0.159858 0.843531 0.158821 0.845105 0.156101 0.841276
0 0.477902 0.367640 0.478031 0.378654 0.479197 0.379353 0.479456 0.395262 0.480492 0.396486 0.480622 0.404528 0.482565 0.408724 0.486969 0.401381 0.488135 0.402430 0.493446 0.395612 0.494611 0.396136 0.499275 0.389493 0.500440 0.389493 0.502772 0.386521 0.505104 0.386346 0.510026 0.378304 0.510026 0.376731 0.508083 0.377080 0.504845 0.373234 0.503938 0.372185 0.502383 0.371136 0.499275 0.370962 0.498238 0.369388 0.496036 0.368164 0.495777 0.367465 0.492539 0.367115 0.490725 0.364493 0.488264 0.363619 0.486839 0.362045 0.484249 0.361696 0.482694 0.360472 0.481010 0.360297 0.480104 0.358374 0.476865 0.358024 0.476995 0.365717
0 0.570907 0.308024 0.562358 0.318514 0.562098 0.321836 0.560155 0.321311 0.559249 0.324458 0.558990 0.325157 0.558990 0.327955 0.556399 0.330752 0.557435 0.330577 0.558083 0.331626 0.563523 0.331801 0.564171 0.334423 0.568446 0.333549 0.568964 0.335122 0.570259 0.333899 0.571554 0.334073 0.579326 0.335822 0.578808 0.332150 0.577772 0.331976 0.577642 0.326381 0.577254 0.325332 0.576736 0.320962 0.575829 0.319913 0.574793 0.315017 0.574016 0.315017 0.573886 0.309773
0 0.650829 0.271311 0.649663 0.272885 0.649663 0.275157 0.646166 0.278479 0.646166 0.282500 0.645518 0.283374 0.645389 0.285472 0.642927 0.288619 0.642927 0.290892 0.641891 0.291766 0.641373 0.294913 0.638782 0.298059 0.638264 0.302780 0.637228 0.303304 0.637487 0.306276 0.653808 0.305927 0.653938 0.304703 0.665725 0.304353 0.666114 0.301906 0.664948 0.300682 0.664689 0.298409 0.663912 0.297010 0.662746 0.293514 0.658990 0.289668 0.659249 0.284773 0.653808 0.278479 0.653420 0.274633
0 0.698044 0.181958 0.698174 0.189825 0.697267 0.190524 0.696749 0.195070 0.695583 0.195944 0.696619 0.196643 0.697008 0.198741 0.699080 0.199266 0.700246 0.197867 0.701541 0.197517 0.702707 0.196119 0.706334 0.195245 0.706723 0.193846 0.709443 0.193497 0.701801 0.181958
0 0.785609 0.161853 0.788588 0.166573 0.788588 0.168671 0.792215 0.169720 0.791956 0.167273 0.793122 0.165874 0.794158 0.158531 0.794547 0.158357 0.794935 0.153986 0.790790 0.153112 0.789495 0.156084 0.788588 0.154161 0.787422 0.155734 0.784443 0.155909 0.782630 0.157483 0.783277 0.158531 0.783536 0.161329
0 0.821619 0.181783 0.821490 0.185280 0.820194 0.185804 0.820453 0.190350 0.819158 0.190874 0.818640 0.198392 0.817992 0.198566 0.816697 0.202238 0.815920 0.203287 0.816956 0.206434 0.822526 0.206084 0.823303 0.204685 0.828484 0.203986 0.828873 0.203287 0.832111 0.201713 0.833666 0.199965 0.833666 0.198566 0.829003 0.192098 0.829003 0.190000 0.827060 0.189476 0.826671 0.186154 0.825376 0.184231 0.823692 0.184231
0 0.400052 0.271643 0.400052 0.287378 0.399145 0.286329 0.396166 0.286503 0.391891 0.279161 0.390984 0.277238 0.393057 0.277238 0.395518 0.272692
0 0.956075 0.106958 0.955816 0.115699 0.956723 0.115874 0.957370 0.118671 0.960350 0.119021 0.960738 0.116224 0.962681 0.114650 0.963070 0.112552 0.965661 0.111853 0.966049 0.109755 0.971231 0.102937 0.971231 0.101014 0.969935 0.098741 0.963459 0.097867 0.962681 0.096818 0.957241 0.096294 0.956464 0.095070 0.955168 0.094895 0.953225 0.096294 0.953744 0.100490 0.954909 0.100664 0.954650 0.105385
0 0.667189 0.062028 0.666930 0.065350 0.668614 0.073392 0.669521 0.074441 0.670039 0.083357 0.670946 0.083182 0.671075 0.090000 0.672630 0.093671 0.688174 0.073741 0.689469 0.073042 0.689987 0.070070 0.684935 0.070245 0.684806 0.068322 0.682345 0.068671 0.681049 0.065874 0.677811 0.066923 0.677034 0.064825 0.671593 0.065000 0.670816 0.063951 0.669262 0.062727
0 0.657474 0.041049 0.655790 0.061329 0.654365 0.061154 0.648277 0.052063 0.646852 0.052413 0.645039 0.049615 0.645039 0.047867 0.643744 0.046119 0.655531 0.040350
0 0.521917 0.067325 0.521788 0.076591 0.523212 0.077815 0.523212 0.082710 0.524119 0.084633 0.524508 0.086381 0.525803 0.087780 0.526192 0.090752 0.527617 0.090752 0.532150 0.084983 0.533964 0.084108 0.535907 0.080612 0.538627 0.079738 0.539275 0.078164 0.539534 0.075892 0.542902 0.072395 0.541606 0.071696 0.541088 0.071346 0.539404 0.070647 0.538627 0.068374 0.535907 0.067850 0.533057 0.064703 0.527098 0.064528 0.525544 0.062955 0.520104 0.062955 0.520492 0.065927
0 0.506166 0.112360 0.506295 0.122500 0.507461 0.122500 0.507720 0.125822 0.508756 0.125122 0.510052 0.124423 0.513031 0.122150 0.514326 0.120052 0.515233 0.118654 0.515881 0.117605 0.516010 0.113759 0.514715 0.113409 0.513808 0.111836 0.510959 0.111836 0.511088 0.110437 0.508109 0.110437
0 0.914223 0.330839 0.914352 0.349196 0.915777 0.349895 0.916295 0.361958 0.916554 0.362657 0.916943 0.376294 0.919663 0.376119 0.922254 0.372098 0.923938 0.372273 0.928472 0.364755 0.930026 0.364755 0.935466 0.357937 0.936762 0.358112 0.941166 0.352867 0.942202 0.353392 0.945052 0.348846 0.942591 0.345000 0.937539 0.344126 0.936891 0.343077 0.935466 0.343077 0.934430 0.340455 0.931580 0.340804 0.931192 0.339755 0.929249 0.339580 0.928601 0.338531 0.926658 0.338182 0.925751 0.335734 0.923290 0.335559 0.921736 0.333811 0.920052 0.334161 0.919275 0.332413 0.918109 0.332413 0.916813 0.330315
0 0.457552 0.851783 0.457681 0.854406 0.456645 0.855280 0.456386 0.861399 0.461438 0.861748 0.461567 0.860350 0.463510 0.858951
0 0.251308 0.752063 0.251697 0.763252 0.251956 0.763951 0.252863 0.767448 0.254935 0.764126 0.256749 0.763951 0.259210 0.760629 0.261023 0.760455 0.261412 0.755385 0.260117 0.755210 0.259210 0.753986 0.256878 0.753986 0.256360 0.751364
0 0.568070 0.618811 0.560946 0.628077 0.560946 0.630000 0.559262 0.632273 0.565350 0.632273 0.565868 0.634021 0.570272 0.634371 0.571049 0.628252 0.570013 0.628252 0.569754 0.622308 0.568199 0.621783
0 0.615013 0.515682 0.615013 0.524773 0.615933 0.525472 0.616580 0.533339 0.615415 0.531941 0.613070 0.531416 0.612953 0.530367 0.608420 0.529668 0.607772 0.528094 0.603756 0.527220 0.603497 0.526346 0.598575 0.525997 0.596503 0.522675 0.595466 0.522500 0.594935 0.519528 0.596373 0.518829 0.598316 0.516381 0.598575 0.514633 0.600648 0.514283 0.607772 0.504318 0.608938 0.504143 0.610233 0.501871 0.612047 0.503619 0.612047 0.507640 0.613342 0.508514 0.613472 0.514808
0 0.712953 0.447325 0.706218 0.456766 0.706218 0.458689 0.700648 0.465682 0.701153 0.467955 0.700000 0.468479 0.699611 0.471101 0.697150 0.471801 0.697150 0.475122 0.700907 0.475122 0.701684 0.476696 0.709197 0.477045 0.710492 0.479143 0.712306 0.478794 0.712953 0.476696 0.713860 0.478969 0.720855 0.478969 0.721632 0.480542 0.722526 0.478619 0.724223 0.477045 0.722927 0.476346 0.722409 0.474073 0.721632 0.473724 0.721503 0.469003 0.720337 0.468304 0.720466 0.464983 0.718912 0.464458 0.718640 0.460612 0.716451 0.457815 0.716049 0.451346 0.715285 0.450822 0.714896 0.447675
0 0.720337 0.518829 0.720725 0.527395 0.719689 0.527745 0.719171 0.532990 0.717746 0.534738 0.718640 0.536311 0.719560 0.536486 0.720583 0.538759 0.721503 0.536486 0.723575 0.536136 0.723575 0.533164 0.726036 0.532640 0.726295 0.531766 0.728238 0.531066 0.728627 0.526871 0.727591 0.526346 0.724469 0.523024 0.723057 0.523024
0 0.873964 0.473741 0.873705 0.510280 0.872280 0.510280 0.871891 0.508881 0.870207 0.508706 0.867358 0.505559 0.865285 0.505559 0.861917 0.501538 0.860492 0.500839 0.859845 0.499266 0.858031 0.499266 0.855699 0.496469 0.853368 0.496119 0.852332 0.494021 0.855052 0.488252 0.855181 0.485629 0.866969 0.478811 0.866839 0.476888 0.869819 0.475490 0.869560 0.474615
0 0.922150 0.428287 0.922539 0.434231 0.924223 0.436329 0.924611 0.439301 0.925648 0.440524 0.926166 0.443846 0.927720 0.443846 0.929663 0.441049 0.929275 0.438601 0.931736 0.436853 0.931995 0.433706 0.933031 0.433531 0.933549 0.430559 0.936010 0.427238 0.936010 0.423217 0.919948 0.422692 0.920078 0.425839
0 0.721386 0.749003 0.721775 0.767185 0.722811 0.767710 0.723329 0.765787 0.725402 0.765437 0.726049 0.763864 0.728769 0.763864 0.730453 0.760367 0.731749 0.760017 0.735635 0.756171 0.733821 0.755472 0.733433 0.754073 0.732267 0.754073 0.731101 0.752675 0.728769 0.752325 0.727992 0.749703 0.725531 0.749528 0.725272 0.748829
0 0.921762 0.877937 0.926295 0.885280 0.928497 0.885280 0.928886 0.887203 0.930829 0.887552 0.932772 0.890350 0.933938 0.890350 0.937047 0.894021 0.938212 0.894196 0.939637 0.895594 0.940933 0.896469 0.945078 0.902238 0.947798 0.902063 0.949482 0.899615 0.949352 0.858531 0.950389 0.857832 0.950648 0.855210 0.949093 0.853811 0.950389 0.852762 0.950907 0.844545 0.950130 0.844545 0.948834 0.842622 0.947927 0.843846 0.944819 0.844545 0.941451 0.849266 0.941062 0.849266 0.915026 0.868671 0.913860 0.870594 0.913472 0.871119 0.913731 0.873916 0.915803 0.874091 0.917617 0.875839 0.918782 0.875839 0.919948 0.878636
0 0.784223 0.915997 0.798083 0.934528 0.799249 0.934528 0.800155 0.933479 0.801192 0.932955 0.801710 0.927010 0.802876 0.926136 0.802746 0.920017 0.803782 0.919493 0.803912 0.910577 0.804819 0.910227 0.805078 0.900962 0.806373 0.900087 0.806891 0.891871 0.807927 0.890822 0.807798 0.880857 0.807021 0.885052 0.800155 0.884528 0.799378 0.885227 0.796788 0.885927 0.796788 0.887325 0.791995 0.887850 0.791865 0.889948 0.788497 0.891696 0.787979 0.890297 0.786425 0.890297 0.786295 0.891521 0.784352 0.892045 0.783964 0.892745 0.778782 0.893269 0.778135 0.895017 0.776321 0.894668 0.775803 0.895892 0.772435 0.896416 0.772176 0.901486 0.773990 0.900962 0.774378 0.904283 0.782539 0.914423
0 0.546878 0.979266 0.547008 0.981189 0.544806 0.982063 0.544547 0.985385 0.542733 0.986084 0.539883 0.988531 0.540661 0.993252 0.542863 0.992727 0.543899 0.994650 0.545842 0.994301 0.546490 0.996224 0.551282 0.996399 0.551412 0.988182 0.549858 0.986958 0.549858 0.981888 0.549080 0.979615
0 0.487124 0.094003 0.487124 0.096276 0.486218 0.098549 0.485570 0.101696 0.483368 0.107290 0.484793 0.110087 0.488938 0.110262 0.489456 0.108514 0.490751 0.108164 0.492694 0.105542 0.494896 0.104668 0.496062 0.100297 0.493990 0.099598 0.492306 0.095927 0.488549 0.095927
0 0.255622 0.489458 0.256010 0.493479 0.253808 0.494878 0.253938 0.504318 0.253290 0.505017 0.252902 0.516731 0.251606 0.519353 0.251606 0.520402 0.255881 0.520227 0.255881 0.519528 0.260933 0.518829 0.261192 0.517780 0.263005 0.516906 0.264560 0.515507 0.267409 0.515332 0.267927 0.514458 0.270000 0.513409 0.270130 0.511311 0.272332 0.511836 0.272720 0.510787 0.274793 0.509563 0.263782 0.494353 0.262617 0.495752 0.258860 0.489108
0 0.432681 0.424458 0.432811 0.434073 0.430609 0.433549 0.431256 0.446661 0.433070 0.444213 0.437474 0.443339 0.438640 0.441766 0.442396 0.442290 0.442396 0.441066 0.446282 0.439493 0.446023 0.435822 0.437474 0.425157
0 0.480000 0.164458 0.471451 0.184738 0.487902 0.185087 0.486865 0.180017 0.485829 0.179493 0.484922 0.172325 0.482461 0.169178 0.482202 0.166206 0.481425 0.165157
0 0.060311 0.187517 0.060311 0.208671 0.059016 0.206573 0.054223 0.205699 0.053964 0.204301 0.052539 0.203776 0.051891 0.202552 0.049689 0.202378 0.048912 0.200804 0.046839 0.200629 0.046192 0.199056 0.043731 0.198531 0.044767 0.197832 0.045674 0.194336 0.047358 0.192238 0.048264 0.192413 0.052798 0.185594 0.054093 0.185594 0.055259 0.183846 0.057720 0.182622 0.058627 0.181399 0.059145 0.184895
0 0.104974 0.365647 0.127383 0.365472 0.129456 0.367395 0.129197 0.370367 0.128290 0.372115 0.110415 0.410052 0.110155 0.415647 0.105751 0.420717 0.105104 0.418969 0.102124 0.414948 0.102124 0.413024 0.101347 0.412500 0.100959 0.410052 0.098756 0.406731 0.098886 0.404283 0.097591 0.403409 0.097850 0.400087 0.085674 0.371941 0.085674 0.365472 0.087617 0.365822 0.088264 0.364248 0.093834 0.363199 0.094223 0.365997 0.097979 0.365822 0.098886 0.363724 0.099663 0.365647 0.101347 0.364073 0.104715 0.362850
0 0.188005 0.516556 0.188653 0.524598 0.187617 0.525822 0.186580 0.534738 0.184119 0.570402 0.184767 0.570927 0.186192 0.569703 0.188135 0.569003 0.188135 0.568304 0.190984 0.567430 0.193187 0.564808 0.197073 0.563934 0.197720 0.562360 0.199404 0.562360 0.199793 0.561311 0.202383 0.560262 0.221813 0.549598 0.222591 0.547675 0.221166 0.546276 0.219870 0.544353 0.218316 0.543829 0.217409 0.542605 0.215596 0.542605 0.210544 0.535087 0.209378 0.536136 0.205751 0.530892 0.204197 0.530367 0.199145 0.523374 0.197073 0.522675 0.196684 0.519703 0.195518 0.519703 0.193834 0.517430 0.191891 0.517080 0.190078 0.514458
0 0.093873 0.675420 0.096775 0.678392 0.097176 0.679685 0.100764 0.684510 0.096904 0.685455 0.096075 0.687675 0.088368 0.687675 0.087409 0.689161 0.081218 0.689353 0.081218 0.686556 0.082461 0.685822 0.082319 0.679878 0.083562 0.678951 0.083964 0.676906 0.086036 0.673182 0.086723 0.668724 0.089067 0.666136 0.094430 0.672255
0 0.150440 0.671521 0.140259 0.700315 0.139715 0.703829 0.139158 0.705874 0.139158 0.707920 0.137642 0.708671 0.137642 0.710157 0.135712 0.712203 0.135855 0.714983 0.158562 0.714790 0.159119 0.713689 0.165725 0.713497 0.166826 0.712010 0.170816 0.711084 0.170946 0.708112 0.168744 0.704773 0.168342 0.701976 0.167241 0.700857 0.166956 0.698269 0.162008 0.691399 0.161451 0.688601 0.160635 0.688794 0.160492 0.686748 0.155259 0.679685 0.155402 0.677832 0.153472 0.675052 0.152785 0.671521
