0 0.243303 0.699930 0.257811 0.723182 0.259106 0.723182 0.261049 0.726678 0.263251 0.727378 0.274521 0.680175 0.275816 0.678077 0.275816 0.676853 0.269080 0.676678 0.269080 0.677902 0.262345 0.677902 0.261697 0.679825 0.258977 0.679825 0.258199 0.681399 0.251464 0.681923 0.251334 0.683671 0.246930 0.683497 0.246412 0.684895 0.241878 0.685070 0.240972 0.686469 0.237215 0.687168 0.237085 0.688217 0.237604 0.690140 0.238381 0.692937 0.240712 0.695559 0.241101 0.698706
0 0.581282 0.544091 0.580894 0.546538 0.587759 0.564021 0.588018 0.568217 0.589443 0.568042 0.592940 0.564895 0.593329 0.562273 0.596049 0.558951 0.596049 0.555105 0.598122 0.553007 0.599028 0.550385 0.600324 0.548636 0.600324 0.546364 0.610946 0.525559 0.610946 0.519091 0.592034 0.519441 0.590997 0.517692 0.572085 0.517168 0.572733 0.525385 0.574028 0.529580 0.577655 0.534301
0 0.028990 0.587675 0.027306 0.589423 0.027565 0.592045 0.023420 0.596241 0.023420 0.597990 0.021995 0.600787 0.024585 0.601311 0.024974 0.603059 0.033005 0.603059 0.033264 0.602010 0.034819 0.600262 0.033394 0.599563 0.033264 0.594318 0.032617 0.593969 0.032098 0.592395
0 0.053472 0.652010 0.052953 0.657080 0.052047 0.658654 0.053083 0.659878 0.052176 0.661276 0.051399 0.665997 0.050622 0.666171 0.050622 0.672290 0.049326 0.673164 0.049326 0.675962 0.050492 0.678584 0.054508 0.678584 0.055415 0.678059 0.058523 0.676836 0.061244 0.673164 0.062021 0.674738 0.064352 0.672465 0.067332 0.671766 0.067202 0.665997 0.061762 0.659528 0.060855 0.659178 0.058782 0.657255 0.057617 0.654283 0.056710 0.654108
0 0.207940 0.103444 0.227241 0.086311 0.228018 0.084213 0.224909 0.079318 0.223873 0.078269 0.221153 0.076346 0.218562 0.075297 0.215972 0.072325 0.213769 0.070402 0.208199 0.066731 0.206516 0.065857 0.205220 0.064808 0.204313 0.066381 0.203536 0.067605 0.203407 0.082640 0.204313 0.082640 0.202889 0.085087 0.203925 0.085962 0.205868 0.103094
0 0.121736 0.727885 0.121736 0.735577 0.122513 0.735752 0.122902 0.743794 0.127435 0.743444 0.135725 0.731031 0.137668 0.731031 0.139611 0.728584 0.139611 0.725437 0.141554 0.725437 0.147642 0.717570 0.145181 0.714773 0.141943 0.713374 0.141036 0.712325 0.139482 0.711276 0.138446 0.709703 0.135466 0.709353 0.134560 0.708304 0.129378 0.707780 0.128601 0.706206 0.127047 0.706206 0.126399 0.704458 0.124326 0.704983 0.122254 0.702885 0.117850 0.703234 0.118886 0.704633 0.117979 0.706381 0.117979 0.709003 0.119016 0.709878 0.119016 0.718444 0.120570 0.718794 0.121606 0.726661
0 0.627850 0.944301 0.620712 0.944301 0.620453 0.945699 0.615790 0.946224 0.615402 0.947622 0.618122 0.951818 0.618122 0.953934 0.622915 0.960052 0.623433 0.963024 0.625000 0.963374 0.626295 0.964948 0.626425 0.963549 0.628238 0.963024 0.627850 0.958654 0.629663 0.958479 0.629404 0.955507 0.630440 0.955157 0.630959 0.947972 0.631606 0.947273 0.631736 0.942902 0.629145 0.942552
0 0.119352 0.304493 0.145130 0.302920 0.146813 0.301346 0.160415 0.300647 0.160544 0.305192 0.151088 0.334738 0.151477 0.339808 0.150311 0.340507 0.150570 0.345577 0.147979 0.347675 0.147850 0.350997 0.144741 0.357815 0.142668 0.358164 0.141632 0.355892 0.140984 0.352395 0.135933 0.347150 0.135674 0.344528 0.134896 0.343654 0.134637 0.341206 0.131658 0.338059 0.130881 0.335087 0.127124 0.328969 0.126477 0.325647 0.124663 0.324073 0.123497 0.320927 0.121425 0.317430
0 0.595259 0.797098 0.593705 0.800594 0.592021 0.800594 0.590466 0.802343 0.589301 0.801993 0.586580 0.806014 0.585285 0.805664 0.582694 0.809685 0.581528 0.809510 0.579845 0.810909 0.578549 0.811084 0.569611 0.819476 0.590466 0.835210 0.592927 0.834161 0.594352 0.838007 0.597073 0.838357 0.600052 0.842378 0.603161 0.842727 0.603808 0.823322 0.601736 0.823497 0.602513 0.799720 0.600959 0.799196 0.600570 0.793951 0.599404 0.795175 0.598627 0.795175 0.597461 0.797622
0 0.590738 0.676538 0.590220 0.701538 0.580894 0.689126 0.580376 0.684930 0.578433 0.685105 0.575842 0.681783 0.575583 0.678811 0.569495 0.671993 0.568977 0.668671 0.571697 0.667972 0.572345 0.666748 0.575842 0.666049 0.576101 0.665175 0.584262 0.664126 0.584262 0.661853 0.590350 0.661853 0.590479 0.661329 0.594236 0.660804 0.593199 0.662902 0.593329 0.670420 0.592422 0.670944
0 0.598899 0.675315 0.598510 0.689476 0.602267 0.689126 0.607448 0.681084 0.609132 0.680734 0.614184 0.673042 0.615738 0.673392 0.621956 0.663951 0.623381 0.664476 0.629858 0.655909 0.629339 0.654161 0.627785 0.652238 0.624935 0.651713 0.624158 0.651014 0.622863 0.650490 0.621049 0.648217 0.619883 0.648217 0.619106 0.646993 0.614443 0.647343 0.613407 0.644196 0.610946 0.644545 0.608355 0.641399 0.606930 0.641399 0.604598 0.639825 0.602526 0.639126 0.601749 0.637727 0.600065 0.637727 0.597863 0.636154 0.596049 0.635979 0.593718 0.638951 0.593588 0.640874 0.594883 0.642622 0.595142 0.651713 0.596179 0.652238 0.596179 0.663077 0.597474 0.664301 0.597992 0.674790
0 0.537630 0.617273 0.537759 0.632483 0.538795 0.633531 0.538925 0.635629 0.536982 0.638427 0.536334 0.636329 0.532966 0.635979 0.532319 0.635280 0.530894 0.634755 0.529987 0.632832 0.528562 0.632832 0.527137 0.631608 0.525712 0.631259 0.524676 0.629510 0.522863 0.629510 0.522085 0.625839 0.524158 0.626189 0.530505 0.616923 0.531801 0.616923 0.532448 0.615699 0.533873 0.615524 0.535687 0.613601
0 0.888808 0.031783 0.888290 0.032832 0.877927 0.032832 0.875855 0.035455 0.878057 0.039126 0.877668 0.041748 0.880907 0.046119 0.882720 0.052762 0.889197 0.060629 0.891917 0.060804 0.892176 0.058706 0.892953 0.057133 0.892953 0.054685 0.898912 0.036503 0.899819 0.036154 0.899948 0.031434
0 0.382798 0.392675 0.379948 0.396521 0.380078 0.400717 0.378912 0.401941 0.378782 0.405787 0.377876 0.406836 0.376969 0.409108 0.375285 0.410857 0.375803 0.419773 0.377228 0.419948 0.378523 0.418724 0.386166 0.417675 0.386684 0.416276 0.391736 0.415927 0.392254 0.414703 0.395363 0.414003 0.395233 0.411556 0.390311 0.405262 0.389922 0.403339 0.387850 0.400717 0.387591 0.398444
0 0.219728 0.188234 0.219728 0.191556 0.221541 0.191731 0.225427 0.195927 0.226075 0.195927 0.226982 0.197150 0.228148 0.197150 0.230091 0.199598 0.230220 0.196451 0.230997 0.195752 0.231516 0.185612 0.232681 0.184563 0.231904 0.182990 0.231904 0.181416 0.233070 0.180542 0.232811 0.175122 0.230479 0.174948 0.228795 0.177045 0.228018 0.176521 0.226982 0.177570 0.224132 0.177920 0.223744 0.180017 0.221930 0.179843 0.221541 0.181591 0.219728 0.182290 0.216231 0.186136 0.217785 0.187885
0 0.260337 0.365297 0.260337 0.377535 0.262539 0.377535 0.263575 0.375962 0.267073 0.375612 0.267591 0.374213 0.269663 0.374213 0.272124 0.370892 0.271347 0.370192 0.266425 0.363199 0.265389 0.361801 0.261891 0.361801 0.262150 0.364773
0 0.299067 0.453584 0.310466 0.486276 0.310337 0.492395 0.312927 0.497990 0.313057 0.500437 0.312798 0.503234 0.307876 0.502885 0.306192 0.501136 0.283523 0.499213 0.283394 0.498339 0.270181 0.497640 0.268627 0.496591 0.265777 0.495192 0.267202 0.489598 0.268756 0.487850 0.269275 0.485402 0.274456 0.479283 0.273938 0.477360 0.278212 0.471941 0.278342 0.468794 0.281321 0.465997 0.280803 0.464773 0.285984 0.457780 0.286114 0.453759 0.290259 0.449563 0.289870 0.448514 0.295052 0.443619 0.296218 0.444843
0 0.667034 0.480105 0.685816 0.536923 0.686464 0.541469 0.685168 0.541643 0.684003 0.543566 0.680246 0.543392 0.679728 0.541469 0.667552 0.541469 0.666775 0.539895 0.653433 0.539895 0.652526 0.538671 0.640609 0.538147 0.639961 0.536748 0.636334 0.536399 0.636075 0.534301 0.638018 0.531503 0.638018 0.530280 0.640609 0.527133 0.640738 0.524161 0.645013 0.519266 0.644624 0.517692 0.646697 0.515420 0.647733 0.510874 0.653044 0.504406 0.652915 0.499860 0.654858 0.500734 0.655505 0.497238 0.662889 0.485874 0.663277 0.483252
0 0.792604 0.514353 0.797655 0.521521 0.797785 0.523619 0.801541 0.528864 0.801541 0.531661 0.805816 0.535682 0.806075 0.538129 0.808018 0.540052 0.809443 0.540052 0.809443 0.538479 0.811904 0.534458 0.811904 0.531311 0.812811 0.530262 0.817345 0.511031 0.818381 0.508934 0.818251 0.503864 0.817474 0.504913 0.810609 0.505262 0.809832 0.506486 0.801023 0.507010 0.800505 0.508409 0.794547 0.508934
0 0.171813 0.039720 0.168964 0.040769 0.168705 0.042867 0.166244 0.046364 0.166244 0.048287 0.164819 0.049685 0.164819 0.051958 0.162487 0.054930 0.162228 0.059126 0.160803 0.060175 0.160803 0.062448 0.180104 0.062972 0.179974 0.059825 0.178679 0.058951 0.178290 0.054930 0.177772 0.054755 0.177254 0.051259 0.176606 0.051084 0.176218 0.048112 0.175052 0.046538 0.174922 0.044965
0 0.308368 0.115752 0.300984 0.131661 0.300855 0.133584 0.296062 0.139178 0.298135 0.139178 0.299171 0.141451 0.316010 0.142150 0.318601 0.139353 0.317435 0.137605 0.317047 0.134633 0.316269 0.134108 0.315751 0.129913 0.314845 0.129563 0.314197 0.124843 0.313420 0.124143 0.313420 0.121171 0.312383 0.121171 0.311865 0.115227
0 0.381036 0.198094 0.380777 0.216276 0.381813 0.216626 0.381943 0.235332 0.383368 0.236381 0.383238 0.246871 0.386088 0.246871 0.390363 0.243374 0.392176 0.243549 0.392176 0.240052 0.410052 0.226066 0.411088 0.222395 0.414197 0.220122 0.414197 0.217850 0.412772 0.217325 0.412124 0.215052 0.409793 0.215227 0.407202 0.211206 0.404741 0.211556 0.403834 0.210157 0.402668 0.210157 0.401503 0.208409 0.400207 0.208584 0.397228 0.205262 0.394378 0.205087 0.393472 0.202640 0.391269 0.202815 0.390622 0.201066 0.388549 0.201066 0.385959 0.197570
0 0.481554 0.276766 0.481295 0.290052 0.482591 0.291101 0.482979 0.297745 0.479482 0.298094 0.479223 0.296346 0.477150 0.295822 0.476632 0.294948 0.474560 0.294248 0.473912 0.292850 0.471580 0.292325 0.467824 0.287780 0.469767 0.287605 0.475855 0.278164 0.476632 0.278164 0.478316 0.276591
0 0.233122 0.912290 0.224443 0.931171 0.221982 0.936241 0.221852 0.938514 0.220039 0.939388 0.220557 0.944458 0.224961 0.943759 0.225609 0.945857 0.248795 0.946206 0.248925 0.940612 0.237267 0.914563 0.237008 0.911241 0.234288 0.910892
0 0.185583 0.924878 0.197759 0.940962 0.197630 0.943409 0.204754 0.951801 0.204754 0.956696 0.203588 0.957745 0.198666 0.957395 0.198666 0.959143 0.193355 0.959143 0.192837 0.960717 0.189987 0.961066 0.188951 0.962990 0.182733 0.963339 0.181956 0.964563 0.174961 0.965087 0.174961 0.954248 0.177681 0.951276 0.177552 0.948479 0.178718 0.947955 0.179106 0.942885 0.180402 0.943234 0.180402 0.938339 0.181179 0.937465 0.181697 0.934668 0.182733 0.934143 0.182863 0.927325
0 0.764624 0.400892 0.764365 0.403514 0.748692 0.463479 0.790661 0.451241 0.796360 0.450892 0.796749 0.450017 0.798433 0.448794 0.798174 0.447045 0.790142 0.436381 0.790142 0.434633 0.778614 0.419073 0.778355 0.417150 0.770972 0.407010 0.770842 0.403514 0.769547 0.404038 0.766438 0.398969
0 0.311269 0.958566 0.303355 0.968811 0.300505 0.969510 0.300505 0.971608 0.296231 0.971783 0.292474 0.974580 0.291438 0.972657 0.290661 0.971434 0.291826 0.968636 0.291308 0.952028 0.290661 0.950280 0.290402 0.948182 0.291826 0.947133 0.290272 0.945909 0.290402 0.928427 0.291308 0.927028 0.290013 0.926678 0.295065 0.924755 0.296101 0.926503 0.298692 0.926503 0.298951 0.927727 0.301541 0.927727 0.306593 0.936119 0.308536 0.936119 0.322526 0.946434 0.322526 0.948881 0.319935 0.951853 0.317992 0.952552 0.314624 0.957972
0 0.568860 0.114213 0.588161 0.135192 0.588161 0.133094 0.588549 0.130822 0.588808 0.121556 0.590233 0.120857 0.590622 0.114738 0.591788 0.113339 0.591917 0.109143 0.592824 0.107745 0.593212 0.098479 0.594119 0.098304 0.594119 0.092185 0.595155 0.090962 0.595415 0.084143 0.596710 0.083969 0.597098 0.071206 0.593990 0.071206 0.593212 0.072605 0.588679 0.073129 0.586865 0.075577 0.583368 0.075577 0.582073 0.076976 0.579611 0.077325 0.578834 0.078724 0.575855 0.078899 0.575466 0.079423 0.571969 0.080647 0.570933 0.082570 0.565622 0.082570 0.564845 0.083794 0.560052 0.084318 0.553705 0.089738 0.551762 0.089563 0.552021 0.093059 0.554223 0.093234 0.554611 0.097080 0.556684 0.097605 0.558238 0.100752 0.558109 0.103199 0.560311 0.102500 0.563031 0.108444 0.564715 0.108444
0 0.049896 0.820157 0.049508 0.823479 0.046399 0.825577 0.044326 0.827675 0.044326 0.830297 0.046269 0.831871 0.047694 0.832220 0.048083 0.833969 0.050415 0.833794 0.051969 0.835367 0.055207 0.835892 0.055596 0.827325 0.054560 0.826801 0.053912 0.822430 0.051321 0.818759
0 0.058420 0.488741 0.047150 0.544860 0.044689 0.548007 0.045596 0.549755 0.081995 0.536993 0.083938 0.537168 0.085622 0.535070 0.088212 0.535245 0.088083 0.531399 0.084067 0.525105 0.084197 0.522832 0.081995 0.523182 0.071762 0.508846 0.071373 0.507098 0.066321 0.500280 0.065674 0.500280 0.061140 0.494336
0 0.000000 0.645892 0.008394 0.665997 0.009041 0.666346 0.010596 0.664598 0.011891 0.664598 0.012798 0.660227 0.013964 0.659353 0.013964 0.656206 0.015518 0.655157 0.015518 0.650787 0.017332 0.648339 0.017850 0.645717 0.015777 0.643444 0.000000 0.643951
